name,url,city,cuisine,avgRating,numReviews,priceRange,latitude,longitude,telephone,postalCode,streetAddress,addressLocality,addressRegion,openingHoursSpecification,addressString,geoString,ratingString
Sobol (Merrick),https://www.ubereats.com/nyc-suburbs/food-delivery/sobol-merrick/UwAY9aYKS0azaYkseYZbaw,carle-place-new-york,"['Healthy', 'Vegetarian', 'Salads']",4.8,141,$,40.6569611,-73.5477497,+15166658361,,,,,"[{'@type': 'OpeningHoursSpecification', 'dayOfWeek': ['Monday', 'Tuesday', 'Wednesday', 'Thursday', 'Friday', 'Saturday', 'Sunday'], 'opens': '8:5', 'closes': '19:0'}]",,"{'@type': 'GeoCoordinates', 'latitude': 40.6569611, 'longitude': -73.5477497}","{'@type': 'AggregateRating', 'ratingValue': 4.8, 'reviewCount': '141'}"
San Remo - Rockville Centre,https://www.ubereats.com/nyc-suburbs/food-delivery/san-remo-rockville-centre/lWrG1I2HRfGE_UPfQVma6g,carle-place-new-york,['Italian'],4.9,25,$$,40.65687,-73.642017,+15167640800,11570,328 Sunrise Highway,Rockville Centre,NY,"[{'@type': 'OpeningHoursSpecification', 'dayOfWeek': 'Sunday', 'opens': '12:0', 'closes': '21:0'}, {'@type': 'OpeningHoursSpecification', 'dayOfWeek': ['Monday', 'Tuesday', 'Wednesday', 'Thursday'], 'opens': '12:0', 'closes': '21:30'}, {'@type': 'OpeningHoursSpecification', 'dayOfWeek': ['Friday', 'Saturday'], 'opens': '12:0', 'closes': '22:30'}]","{'@type': 'PostalAddress', 'addressLocality': 'Rockville Centre', 'addressRegion': 'NY', 'postalCode': '11570', 'addressCountry': 'US', 'streetAddress': '328 Sunrise Highway'}","{'@type': 'GeoCoordinates', 'latitude': 40.65687, 'longitude': -73.642017}","{'@type': 'AggregateRating', 'ratingValue': 4.9, 'reviewCount': '25'}"
Hunkis,https://www.ubereats.com/nyc-suburbs/food-delivery/hunkis/P-dIOF46QnKSDaWEHWehbw,carle-place-new-york,"['Pizza', 'American', 'Italian', 'Kosher']",,,$,40.6995848,-73.6502306,+15165386655,11552,336 Hempstead Ave #338,West Hempstead,NY,"[{'@type': 'OpeningHoursSpecification', 'dayOfWeek': ['Sunday', 'Monday', 'Tuesday', 'Wednesday', 'Thursday'], 'opens': '11:0', 'closes': '18:30'}, {'@type': 'OpeningHoursSpecification', 'dayOfWeek': 'Friday', 'opens': '11:0', 'closes': '13:30'}]","{'@type': 'PostalAddress', 'addressLocality': 'West Hempstead', 'addressRegion': 'NY', 'postalCode': '11552', 'addressCountry': 'US', 'streetAddress': '336 Hempstead Ave #338'}","{'@type': 'GeoCoordinates', 'latitude': 40.6995848, 'longitude': -73.6502306}",{}
Melt Shop - Roosevelt Field Mall,https://www.ubereats.com/nyc-suburbs/food-delivery/melt-shop-roosevelt-field-mall/ikyh_GenS9C149ml9qJ3lw,carle-place-new-york,"['Burgers', 'American', 'Sandwiches', 'Family Meals']",,,$,40.7382095,-73.6143694,+15164053221,11530,630 Old Country Road,New York,NY,"[{'@type': 'OpeningHoursSpecification', 'dayOfWeek': 'Sunday', 'opens': '12:0', 'closes': '17:30'}, {'@type': 'OpeningHoursSpecification', 'dayOfWeek': ['Monday', 'Tuesday', 'Wednesday', 'Thursday', 'Friday', 'Saturday'], 'opens': '11:0', 'closes': '18:30'}]","{'@type': 'PostalAddress', 'addressLocality': 'New York', 'addressRegion': 'NY', 'postalCode': '11530', 'addressCountry': 'US', 'streetAddress': '630 Old Country Road'}","{'@type': 'GeoCoordinates', 'latitude': 40.7382095, 'longitude': -73.6143694}",{}
,https://www.ubereats.com/nyc-suburbs/food-delivery/glen-oaks-pizzeria/zlBSPOh0TpqVzqYdONM4Pg,carle-place-new-york,,,,,,,,,,,,,,,
One Eye Jacks,https://www.ubereats.com/nyc-suburbs/food-delivery/one-eye-jacks/X-xmfDyZQciaH7dDz5dnwA,carle-place-new-york,"['American', 'Burgers', 'Sandwiches', 'Family Meals']",,,$,40.7350194,-73.4953862,+15166447460,11714,380 N Wantagh Ave,Bethpage,NY,"[{'@type': 'OpeningHoursSpecification', 'dayOfWeek': ['Wednesday', 'Thursday'], 'opens': '18:0', 'closes': '21:30'}, {'@type': 'OpeningHoursSpecification', 'dayOfWeek': ['Friday', 'Saturday'], 'opens': '18:0', 'closes': '1:0'}]","{'@type': 'PostalAddress', 'addressLocality': 'Bethpage', 'addressRegion': 'NY', 'postalCode': '11714', 'addressCountry': 'US', 'streetAddress': '380 N Wantagh Ave'}","{'@type': 'GeoCoordinates', 'latitude': 40.7350194, 'longitude': -73.4953862}",{}
Food for Thought Plant Based,https://www.ubereats.com/nyc-suburbs/food-delivery/food-for-thought-plant-based/8gFPHt-TTcyRu1J5fJ61Vg,carle-place-new-york,"['Vegetarian', 'Vegan', 'Healthy']",,,$,40.72482720000001,-73.63518979999999,+15167475811,11530,154 7th St,Garden City,NY,"[{'@type': 'OpeningHoursSpecification', 'dayOfWeek': 'Sunday', 'opens': '8:30', 'closes': '16:30'}, {'@type': 'OpeningHoursSpecification', 'dayOfWeek': ['Monday', 'Tuesday', 'Wednesday', 'Thursday', 'Friday'], 'opens': '7:30', 'closes': '19:30'}, {'@type': 'OpeningHoursSpecification', 'dayOfWeek': 'Saturday', 'opens': '8:30', 'closes': '18:30'}]","{'@type': 'PostalAddress', 'addressLocality': 'Garden City', 'addressRegion': 'NY', 'postalCode': '11530', 'addressCountry': 'US', 'streetAddress': '154 7th St'}","{'@type': 'GeoCoordinates', 'latitude': 40.72482720000001, 'longitude': -73.63518979999999}",{}
Papa Johns - Williston Park,https://www.ubereats.com/nyc-suburbs/food-delivery/papa-johns-williston-park/QQ5mCuoEQXSgZ7MlZ_13Eg,carle-place-new-york,"['Pizza', 'Wings', 'Desserts']",4.7,82,$$,40.757138,-73.645596,+15168771919,11596,481 Willis Avenue,Williston Park,NY,"[{'@type': 'OpeningHoursSpecification', 'dayOfWeek': 'Sunday', 'opens': '10:0', 'closes': '3:10'}, {'@type': 'OpeningHoursSpecification', 'dayOfWeek': ['Monday', 'Tuesday', 'Wednesday', 'Thursday'], 'opens': '11:0', 'closes': '3:10'}, {'@type': 'OpeningHoursSpecification', 'dayOfWeek': ['Friday', 'Saturday'], 'opens': '10:0', 'closes': '3:10'}]","{'@type': 'PostalAddress', 'addressLocality': 'Williston Park', 'addressRegion': 'NY', 'postalCode': '11596', 'addressCountry': 'US', 'streetAddress': '481 Willis Avenue'}","{'@type': 'GeoCoordinates', 'latitude': 40.757138, 'longitude': -73.645596}","{'@type': 'AggregateRating', 'ratingValue': 4.7, 'reviewCount': '82'}"
Smoke Barn,https://www.ubereats.com/nyc-suburbs/food-delivery/smoke-barn/9nx2qGuAS12WeqXsvuGnQg,carle-place-new-york,"['American', 'BBQ']",4.5,91,$,40.723914,-73.527005,+15169873262,11756,2932-2938 Hempstead Turnpike,Levittown,New York,"[{'@type': 'OpeningHoursSpecification', 'dayOfWeek': 'Sunday', 'opens': '11:0', 'closes': '20:30'}, {'@type': 'OpeningHoursSpecification', 'dayOfWeek': 'Monday', 'opens': '12:0', 'closes': '21:30'}, {'@type': 'OpeningHoursSpecification', 'dayOfWeek': ['Wednesday', 'Thursday', 'Friday', 'Saturday'], 'opens': '12:0', 'closes': '21:30'}]","{'@type': 'PostalAddress', 'addressLocality': 'Levittown', 'addressRegion': 'New York', 'postalCode': '11756', 'addressCountry': 'US', 'streetAddress': '2932-2938 Hempstead Turnpike'}","{'@type': 'GeoCoordinates', 'latitude': 40.723914, 'longitude': -73.527005}","{'@type': 'AggregateRating', 'ratingValue': 4.5, 'reviewCount': '91'}"
16 Handles - Jericho,https://www.ubereats.com/nyc-suburbs/food-delivery/16-handles-jericho/ckV3xsMXQ2m7jZ5qPrRfjw,carle-place-new-york,"['Desserts', 'Ice Cream and Frozen Yogurt', 'Juice and Smoothies']",4.7,18,$,40.777153,-73.567335,+15168336855,11753,22,Jericho,NY,"[{'@type': 'OpeningHoursSpecification', 'dayOfWeek': ['Monday', 'Tuesday', 'Wednesday', 'Thursday', 'Friday', 'Saturday', 'Sunday'], 'opens': '12:0', 'closes': '21:0'}]","{'@type': 'PostalAddress', 'addressLocality': 'Jericho', 'addressRegion': 'NY', 'postalCode': '11753', 'addressCountry': 'US', 'streetAddress': '22'}","{'@type': 'GeoCoordinates', 'latitude': 40.777153, 'longitude': -73.567335}","{'@type': 'AggregateRating', 'ratingValue': 4.7, 'reviewCount': '18'}"
Belaire Common Delicatessen,https://www.ubereats.com/nyc-suburbs/food-delivery/belaire-common-delicatessen/VQG34XYDTFWikDZ1XGprYA,carle-place-new-york,"['Sandwich', 'Halal', 'Salads', 'Comfort Food']",,,$,40.7547783,-73.560379,+15163344970,11590,977 Old Country Rd,Westbury,NY,"[{'@type': 'OpeningHoursSpecification', 'dayOfWeek': ['Monday', 'Tuesday', 'Wednesday', 'Thursday', 'Friday', 'Saturday', 'Sunday'], 'opens': '7:0', 'closes': '21:0'}]","{'@type': 'PostalAddress', 'addressLocality': 'Westbury', 'addressRegion': 'NY', 'postalCode': '11590', 'addressCountry': 'US', 'streetAddress': '977 Old Country Rd'}","{'@type': 'GeoCoordinates', 'latitude': 40.7547783, 'longitude': -73.560379}",{}
Cold Stone Creamery (984 Franklin Ave),https://www.ubereats.com/nyc-suburbs/food-delivery/cold-stone-creamery-984-franklin-ave/IuIXG3EeT0SBwXamGHFLVQ,carle-place-new-york,"['Ice Cream & Frozen Yogurt', 'Comfort Food', 'Desserts']",4.5,141,$,40.7292363,-73.6357478,+15167423656,11530,984 Franklin Ave,Garden City,NY,"[{'@type': 'OpeningHoursSpecification', 'dayOfWeek': ['Monday', 'Tuesday', 'Wednesday', 'Thursday', 'Friday', 'Saturday', 'Sunday'], 'opens': '12:0', 'closes': '21:45'}]","{'@type': 'PostalAddress', 'addressLocality': 'Garden City', 'addressRegion': 'NY', 'postalCode': '11530', 'addressCountry': 'US', 'streetAddress': '984 Franklin Ave'}","{'@type': 'GeoCoordinates', 'latitude': 40.7292363, 'longitude': -73.6357478}","{'@type': 'AggregateRating', 'ratingValue': 4.5, 'reviewCount': '141'}"
Roslyn Social,https://www.ubereats.com/nyc-suburbs/food-delivery/roslyn-social/iggeTOnJTiyatpMgX3l4FA,carle-place-new-york,"['Burgers', 'American', 'Sandwiches']",4.5,19,$,40.8007173,-73.648884,+15168014963,11576,1363 Old Northern Blvd,Roslyn,NY,"[{'@type': 'OpeningHoursSpecification', 'dayOfWeek': ['Monday', 'Tuesday', 'Wednesday', 'Thursday', 'Friday', 'Saturday', 'Sunday'], 'opens': '12:0', 'closes': '20:0'}]","{'@type': 'PostalAddress', 'addressLocality': 'Roslyn', 'addressRegion': 'NY', 'postalCode': '11576', 'addressCountry': 'US', 'streetAddress': '1363 Old Northern Blvd'}","{'@type': 'GeoCoordinates', 'latitude': 40.8007173, 'longitude': -73.648884}","{'@type': 'AggregateRating', 'ratingValue': 4.5, 'reviewCount': '19'}"
Sapienza Bake Shop,https://www.ubereats.com/nyc-suburbs/food-delivery/sapienza-bake-shop/IYP0Csj3TrCyMm48BLnrHA,carle-place-new-york,"['American', 'Breakfast and Brunch', 'Desserts', 'Allergy Friendly']",4.9,33,$,40.70814480000001,-73.6915818,+15163525232,11003,1376 Hempstead Tpke,Elmont,NY,"[{'@type': 'OpeningHoursSpecification', 'dayOfWeek': ['Monday', 'Tuesday', 'Wednesday', 'Thursday', 'Friday', 'Saturday', 'Sunday'], 'opens': '10:0', 'closes': '18:0'}]","{'@type': 'PostalAddress', 'addressLocality': 'Elmont', 'addressRegion': 'NY', 'postalCode': '11003', 'addressCountry': 'US', 'streetAddress': '1376 Hempstead Tpke'}","{'@type': 'GeoCoordinates', 'latitude': 40.70814480000001, 'longitude': -73.6915818}","{'@type': 'AggregateRating', 'ratingValue': 4.9, 'reviewCount': '33'}"
Pasqually's Pizza & Wings (11-15 Hanover Place),https://www.ubereats.com/nyc-suburbs/food-delivery/pasquallys-pizza-%26-wings-11-15-hanover-place/OqTs6aWQQcuCnWBUSCCLmA,carle-place-new-york,"['Pizza', 'Italian', 'Wings']",,,$,40.7636935,-73.51663959999999,+15164338819,11801,11-15 Hanover Place,Hicksville,NY,"[{'@type': 'OpeningHoursSpecification', 'dayOfWeek': ['Monday', 'Tuesday', 'Wednesday', 'Thursday', 'Friday', 'Saturday', 'Sunday'], 'opens': '11:0', 'closes': '20:0'}]","{'@type': 'PostalAddress', 'addressLocality': 'Hicksville', 'addressRegion': 'NY', 'postalCode': '11801', 'addressCountry': 'US', 'streetAddress': '11-15 Hanover Place'}","{'@type': 'GeoCoordinates', 'latitude': 40.7636935, 'longitude': -73.51663959999999}",{}
Sweet Passion Desserts,https://www.ubereats.com/nyc-suburbs/food-delivery/sweet-passion-desserts/_vfjVGA8Sgm_id5opXsCEw,carle-place-new-york,"['Desserts', 'Pastry', 'Vegetarian Friendly']",,,$,40.732744,-73.683452,+15164888278,11040,1200 Jericho Turnpike,New Hyde Park,NY,"[{'@type': 'OpeningHoursSpecification', 'dayOfWeek': 'Sunday', 'opens': '10:0', 'closes': '16:0'}, {'@type': 'OpeningHoursSpecification', 'dayOfWeek': ['Monday', 'Tuesday', 'Wednesday', 'Thursday', 'Friday', 'Saturday'], 'opens': '10:0', 'closes': '18:0'}]","{'@type': 'PostalAddress', 'addressLocality': 'New Hyde Park', 'addressRegion': 'NY', 'postalCode': '11040', 'addressCountry': 'US', 'streetAddress': '1200 Jericho Turnpike'}","{'@type': 'GeoCoordinates', 'latitude': 40.732744, 'longitude': -73.683452}",{}
Dunkin' (165 7th St),https://www.ubereats.com/nyc-suburbs/food-delivery/dunkin-165-7th-st/S8m5QFq_T7GdW_c9HBTmkw,carle-place-new-york,"['Breakfast and Brunch', 'Donuts']",4.1,10,$,40.7253056,-73.63520129999999,+15162484417,11530,165 7th St,Garden City,NY,"[{'@type': 'OpeningHoursSpecification', 'dayOfWeek': ['Monday', 'Tuesday', 'Wednesday', 'Thursday', 'Friday', 'Saturday', 'Sunday'], 'opens': '6:30', 'closes': '21:0'}]","{'@type': 'PostalAddress', 'addressLocality': 'Garden City', 'addressRegion': 'NY', 'postalCode': '11530', 'addressCountry': 'US', 'streetAddress': '165 7th St'}","{'@type': 'GeoCoordinates', 'latitude': 40.7253056, 'longitude': -73.63520129999999}","{'@type': 'AggregateRating', 'ratingValue': 4.1, 'reviewCount': '10'}"
Shah's Halal Food - East Meadow,https://www.ubereats.com/nyc-suburbs/food-delivery/shahs-halal-food-east-meadow/6kNTp6I4TBSMeRqKmJOGmw,carle-place-new-york,"['Halal', 'Sandwich', 'Burgers']",4.7,207,$,40.722949,-73.565436,+15163577482,11554,1920 Hempstead Turnpike,East Meadow,New York,"[{'@type': 'OpeningHoursSpecification', 'dayOfWeek': ['Sunday', 'Monday', 'Tuesday', 'Wednesday', 'Thursday'], 'opens': '11:0', 'closes': '22:45'}, {'@type': 'OpeningHoursSpecification', 'dayOfWeek': ['Friday', 'Saturday'], 'opens': '11:0', 'closes': '23:45'}]","{'@type': 'PostalAddress', 'addressLocality': 'East Meadow', 'addressRegion': 'New York', 'postalCode': '11554', 'addressCountry': 'US', 'streetAddress': '1920 Hempstead Turnpike'}","{'@type': 'GeoCoordinates', 'latitude': 40.722949, 'longitude': -73.565436}","{'@type': 'AggregateRating', 'ratingValue': 4.7, 'reviewCount': '207'}"
Carvel- Stewart Manor (80 Covert Avenue),https://www.ubereats.com/nyc-suburbs/food-delivery/carvel-stewart-manor-80-covert-avenue/5o03c-XtTbig5LG2NMTrOQ,carle-place-new-york,"['Desserts', 'American', 'Ice Cream and Frozen Yogurt']",4.9,278,$,40.720894,-73.688225,+15163540310,11530,80 Covert Ave,Stewart Manor,NY,"[{'@type': 'OpeningHoursSpecification', 'dayOfWeek': ['Monday', 'Tuesday', 'Wednesday', 'Thursday', 'Friday', 'Saturday', 'Sunday'], 'opens': '10:0', 'closes': '22:0'}]","{'@type': 'PostalAddress', 'addressLocality': 'Stewart Manor', 'addressRegion': 'NY', 'postalCode': '11530', 'addressCountry': 'US', 'streetAddress': '80 Covert Ave'}","{'@type': 'GeoCoordinates', 'latitude': 40.720894, 'longitude': -73.688225}","{'@type': 'AggregateRating', 'ratingValue': 4.9, 'reviewCount': '278'}"
Mama Gina's Italian Restaurant & Pizzeria,https://www.ubereats.com/nyc-suburbs/food-delivery/mama-ginas-italian-restaurant-%26-pizzeria/ki7NDWmdT2aoUESVsgPjxQ,carle-place-new-york,"['Italian', 'Pasta', 'Pizza']",,,$,40.6915339,-73.5415488,+15168266301,11710,2453 Jerusalem Avenue,Bellmore,NY,"[{'@type': 'OpeningHoursSpecification', 'dayOfWeek': 'Sunday', 'opens': '12:0', 'closes': '20:30'}, {'@type': 'OpeningHoursSpecification', 'dayOfWeek': ['Tuesday', 'Wednesday', 'Thursday', 'Friday', 'Saturday'], 'opens': '11:0', 'closes': '21:0'}]","{'@type': 'PostalAddress', 'addressLocality': 'Bellmore', 'addressRegion': 'NY', 'postalCode': '11710', 'addressCountry': 'US', 'streetAddress': '2453 Jerusalem Avenue'}","{'@type': 'GeoCoordinates', 'latitude': 40.6915339, 'longitude': -73.5415488}",{}
Ultra Bar & Grill,https://www.ubereats.com/nyc-suburbs/food-delivery/ultra-bar-%26-grill/kB8sZGokQXmzibllO95CJw,carle-place-new-york,"['American', 'Chicken', 'Fish and Chips']",,,,40.7082166,-73.6931451,+17187048818,77090,744 Cypress Creek Pkwy Suite d,Houston,TX,"[{'@type': 'OpeningHoursSpecification', 'dayOfWeek': 'Saturday', 'opens': '12:0', 'closes': '17:0'}]","{'@type': 'PostalAddress', 'addressLocality': 'Houston', 'addressRegion': 'TX', 'postalCode': '77090', 'addressCountry': 'US', 'streetAddress': '744 Cypress Creek Pkwy Suite d'}","{'@type': 'GeoCoordinates', 'latitude': 40.7082166, 'longitude': -73.6931451}",{}
Sabor Latino,https://www.ubereats.com/nyc-suburbs/food-delivery/sabor-latino/dh5LAvCrSVKHrV0Hwo169A,carle-place-new-york,"['Latin American', 'Mexican', 'Vegetarian']",,,$,40.7107702,-73.6281146,+15162796803,11550,142 N Franklin St B,Hempstead,NY,"[{'@type': 'OpeningHoursSpecification', 'dayOfWeek': ['Monday', 'Tuesday', 'Wednesday', 'Thursday', 'Friday', 'Saturday', 'Sunday'], 'opens': '8:0', 'closes': '21:0'}, {'@type': 'OpeningHoursSpecification', 'dayOfWeek': ['Monday', 'Tuesday', 'Wednesday', 'Thursday', 'Friday', 'Saturday', 'Sunday'], 'opens': '9:0', 'closes': '14:0'}]","{'@type': 'PostalAddress', 'addressLocality': 'Hempstead', 'addressRegion': 'NY', 'postalCode': '11550', 'addressCountry': 'US', 'streetAddress': '142 N Franklin St B'}","{'@type': 'GeoCoordinates', 'latitude': 40.7107702, 'longitude': -73.6281146}",{}
Ruth's Chris Steak House (600 Old Country Rd),https://www.ubereats.com/nyc-suburbs/food-delivery/ruths-chris-steak-house-600-old-country-rd/W6xqrUu6Tw2_kiNKSuL2pA,carle-place-new-york,"['American', 'Seafood', 'Steak']",4.4,18,$$$,40.7425106,-73.61563009999999,+15162220220,11530,600 Old Country Rd,Garden City,NY,"[{'@type': 'OpeningHoursSpecification', 'dayOfWeek': 'Sunday', 'opens': '16:0', 'closes': '20:0'}, {'@type': 'OpeningHoursSpecification', 'dayOfWeek': ['Monday', 'Tuesday', 'Wednesday', 'Thursday'], 'opens': '16:30', 'closes': '20:0'}, {'@type': 'OpeningHoursSpecification', 'dayOfWeek': ['Friday', 'Saturday'], 'opens': '16:30', 'closes': '21:0'}]","{'@type': 'PostalAddress', 'addressLocality': 'Garden City', 'addressRegion': 'NY', 'postalCode': '11530', 'addressCountry': 'US', 'streetAddress': '600 Old Country Rd'}","{'@type': 'GeoCoordinates', 'latitude': 40.7425106, 'longitude': -73.61563009999999}","{'@type': 'AggregateRating', 'ratingValue': 4.4, 'reviewCount': '18'}"
Paesano Pizza,https://www.ubereats.com/nyc-suburbs/food-delivery/paesano-pizza/GN_LyPs2R8CriI4LzHdumA,carle-place-new-york,"['Salads', 'Sandwich', 'Pasta', 'Chicken']",,,$,40.811707,-73.49439699999999,+12679189222,11791,637 Jericho Turnpike,Syosset,NY,"[{'@type': 'OpeningHoursSpecification', 'dayOfWeek': ['Monday', 'Tuesday', 'Wednesday', 'Thursday', 'Friday', 'Saturday'], 'opens': '12:0', 'closes': '20:0'}]","{'@type': 'PostalAddress', 'addressLocality': 'Syosset', 'addressRegion': 'NY', 'postalCode': '11791', 'addressCountry': 'US', 'streetAddress': '637 Jericho Turnpike'}","{'@type': 'GeoCoordinates', 'latitude': 40.811707, 'longitude': -73.49439699999999}",{}
Thanksgiving Restaurant,https://www.ubereats.com/nyc-suburbs/food-delivery/thanksgiving-restaurant/rjaRhfhRQiyZWdl-WDJoTA,carle-place-new-york,"['Caribbean', 'Seafood', 'Soup']",,,$,40.708529,-73.624888,+15163858011,11550,65 Main St,Hempstead,NY,"[{'@type': 'OpeningHoursSpecification', 'dayOfWeek': 'Sunday', 'opens': '12:0', 'closes': '20:0'}, {'@type': 'OpeningHoursSpecification', 'dayOfWeek': 'Sunday', 'opens': '12:0', 'closes': '20:0'}, {'@type': 'OpeningHoursSpecification', 'dayOfWeek': 'Sunday', 'opens': '11:0', 'closes': '15:0'}, {'@type': 'OpeningHoursSpecification', 'dayOfWeek': 'Sunday', 'opens': '12:0', 'closes': '20:0'}, {'@type': 'OpeningHoursSpecification', 'dayOfWeek': ['Monday', 'Tuesday', 'Wednesday', 'Thursday', 'Friday', 'Saturday'], 'opens': '10:30', 'closes': '21:30'}, {'@type': 'OpeningHoursSpecification', 'dayOfWeek': ['Monday', 'Tuesday', 'Wednesday', 'Thursday', 'Friday', 'Saturday'], 'opens': '10:30', 'closes': '21:30'}, {'@type': 'OpeningHoursSpecification', 'dayOfWeek': ['Monday', 'Tuesday', 'Wednesday', 'Thursday', 'Friday', 'Saturday'], 'opens': '11:0', 'closes': '15:0'}, {'@type': 'OpeningHoursSpecification', 'dayOfWeek': ['Monday', 'Tuesday', 'Wednesday', 'Thursday', 'Friday', 'Saturday'], 'opens': '10:30', 'closes': '21:30'}]","{'@type': 'PostalAddress', 'addressLocality': 'Hempstead', 'addressRegion': 'NY', 'postalCode': '11550', 'addressCountry': 'US', 'streetAddress': '65 Main St'}","{'@type': 'GeoCoordinates', 'latitude': 40.708529, 'longitude': -73.624888}",{}
tcb burger,https://www.ubereats.com/nyc-suburbs/food-delivery/tcb-burger/Pf_jCcUtRkOzj_6VvfbYJA,carle-place-new-york,"['American', 'New American', 'Comfort Food', 'Burgers', 'Sandwich']",,,,40.70559,-73.65677,+15168080734,11552,472 Hempstead Turnpike,West Hempstead,NY,"[{'@type': 'OpeningHoursSpecification', 'dayOfWeek': ['Sunday', 'Monday', 'Tuesday', 'Wednesday', 'Thursday'], 'opens': '11:30', 'closes': '21:0'}, {'@type': 'OpeningHoursSpecification', 'dayOfWeek': ['Friday', 'Saturday'], 'opens': '11:30', 'closes': '22:30'}]","{'@type': 'PostalAddress', 'addressLocality': 'West Hempstead', 'addressRegion': 'NY', 'postalCode': '11552', 'addressCountry': 'US', 'streetAddress': '472 Hempstead Turnpike'}","{'@type': 'GeoCoordinates', 'latitude': 40.70559, 'longitude': -73.65677}",{}
PLAZA GROCERY & DELI,https://www.ubereats.com/nyc-suburbs/food-delivery/plaza-grocery-%26-deli/Je199ww_T-qF0IdbOAy8oQ,carle-place-new-york,"['Latin American', 'Mexican', 'Vegetarian']",,,$,40.7567575,-73.5817497,+19175755122,11590,475 Maple Ave,Westbury,NY,"[{'@type': 'OpeningHoursSpecification', 'dayOfWeek': ['Monday', 'Tuesday', 'Wednesday', 'Thursday', 'Friday', 'Saturday', 'Sunday'], 'opens': '7:0', 'closes': '19:30'}]","{'@type': 'PostalAddress', 'addressLocality': 'Westbury', 'addressRegion': 'NY', 'postalCode': '11590', 'addressCountry': 'US', 'streetAddress': '475 Maple Ave'}","{'@type': 'GeoCoordinates', 'latitude': 40.7567575, 'longitude': -73.5817497}",{}
Naples Street Food,https://www.ubereats.com/nyc-suburbs/food-delivery/naples-street-food/cZRjw647QcuHRdkB_VWOvg,carle-place-new-york,"['Italian', 'Pasta', 'Comfort Food']",,,$,40.7076752,-73.6760051,+15166734630,11010,970 Hempstead Tpke,Franklyn Square,NY,"[{'@type': 'OpeningHoursSpecification', 'dayOfWeek': 'Sunday', 'opens': '12:30', 'closes': '21:30'}, {'@type': 'OpeningHoursSpecification', 'dayOfWeek': 'Tuesday', 'opens': '16:0', 'closes': '22:0'}, {'@type': 'OpeningHoursSpecification', 'dayOfWeek': 'Thursday', 'opens': '11:30', 'closes': '22:0'}, {'@type': 'OpeningHoursSpecification', 'dayOfWeek': ['Friday', 'Saturday'], 'opens': '11:30', 'closes': '23:0'}]","{'@type': 'PostalAddress', 'addressLocality': 'Franklyn Square', 'addressRegion': 'NY', 'postalCode': '11010', 'addressCountry': 'US', 'streetAddress': '970 Hempstead Tpke'}","{'@type': 'GeoCoordinates', 'latitude': 40.7076752, 'longitude': -73.6760051}",{}
Como En Casa,https://www.ubereats.com/nyc-suburbs/food-delivery/como-en-casa/a74FOOAWRoyUC-Pjx-CgRg,carle-place-new-york,"['Latin American', 'Mexican', 'Vegetarian']",,,$,40.6818344,-73.5917499,+15162083180,11575,377 Nassau Rd,Roosevelt,NY,"[{'@type': 'OpeningHoursSpecification', 'dayOfWeek': ['Monday', 'Tuesday', 'Wednesday', 'Thursday', 'Friday', 'Saturday', 'Sunday'], 'opens': '6:0', 'closes': '21:0'}]","{'@type': 'PostalAddress', 'addressLocality': 'Roosevelt', 'addressRegion': 'NY', 'postalCode': '11575', 'addressCountry': 'US', 'streetAddress': '377 Nassau Rd'}","{'@type': 'GeoCoordinates', 'latitude': 40.6818344, 'longitude': -73.5917499}",{}
Tony Mac Bakery&Restaurant,https://www.ubereats.com/nyc-suburbs/food-delivery/tony-mac-bakery%26restaurant/OLDWzPYiTsKiwjqdx5vx1g,carle-place-new-york,"['Caribbean', 'Seafood', 'Jamaican']",4.7,409,$,40.7049784,-73.59298629999999,+15164761961,11553,432,Uniondale,NY,"[{'@type': 'OpeningHoursSpecification', 'dayOfWeek': 'Sunday', 'opens': '8:30', 'closes': '21:30'}, {'@type': 'OpeningHoursSpecification', 'dayOfWeek': ['Monday', 'Tuesday', 'Wednesday', 'Thursday'], 'opens': '8:30', 'closes': '22:30'}, {'@type': 'OpeningHoursSpecification', 'dayOfWeek': ['Friday', 'Saturday'], 'opens': '8:30', 'closes': '23:0'}]","{'@type': 'PostalAddress', 'addressLocality': 'Uniondale', 'addressRegion': 'NY', 'postalCode': '11553', 'addressCountry': 'US', 'streetAddress': '432'}","{'@type': 'GeoCoordinates', 'latitude': 40.7049784, 'longitude': -73.59298629999999}","{'@type': 'AggregateRating', 'ratingValue': 4.7, 'reviewCount': '409'}"
Senor Nacho,https://www.ubereats.com/nyc-suburbs/food-delivery/senor-nacho/7SFGGnAaTCi0NNd8KBxTOw,carle-place-new-york,"['Mexican', 'Latin American', 'New Mexican']",4.8,42,$,40.7865747,-73.72577,+15164660011,,31 S Middle Neck Rd,Great Neck,NY,"[{'@type': 'OpeningHoursSpecification', 'dayOfWeek': 'Sunday', 'opens': '12:0', 'closes': '20:30'}, {'@type': 'OpeningHoursSpecification', 'dayOfWeek': ['Monday', 'Tuesday', 'Wednesday', 'Thursday', 'Friday'], 'opens': '11:30', 'closes': '20:30'}, {'@type': 'OpeningHoursSpecification', 'dayOfWeek': ['Monday', 'Tuesday', 'Wednesday', 'Thursday', 'Friday'], 'opens': '11:30', 'closes': '15:30'}, {'@type': 'OpeningHoursSpecification', 'dayOfWeek': 'Saturday', 'opens': '12:0', 'closes': '20:30'}, {'@type': 'OpeningHoursSpecification', 'dayOfWeek': 'Saturday', 'opens': '11:30', 'closes': '15:30'}]","{'@type': 'PostalAddress', 'addressLocality': 'Great Neck', 'addressRegion': 'NY', 'postalCode': '', 'addressCountry': 'US', 'streetAddress': '31 S Middle Neck Rd'}","{'@type': 'GeoCoordinates', 'latitude': 40.7865747, 'longitude': -73.72577}","{'@type': 'AggregateRating', 'ratingValue': 4.8, 'reviewCount': '42'}"
219 Applebee's - Westbury,https://www.ubereats.com/nyc-suburbs/food-delivery/219-applebees-westbury/hwtp5aQhRnSvyyCXELZC4A,carle-place-new-york,"['Salads', 'Burgers', 'New American', 'Family Meals']",4.1,120,$$,40.740869,-73.591318,+15168327700,11590,1300 Corporate Dr,Westbury,New York,"[{'@type': 'OpeningHoursSpecification', 'dayOfWeek': ['Sunday', 'Monday', 'Tuesday', 'Wednesday', 'Thursday'], 'opens': '11:0', 'closes': '23:29'}, {'@type': 'OpeningHoursSpecification', 'dayOfWeek': ['Friday', 'Saturday'], 'opens': '11:0', 'closes': '23:30'}]","{'@type': 'PostalAddress', 'addressLocality': 'Westbury', 'addressRegion': 'New York', 'postalCode': '11590', 'addressCountry': 'US', 'streetAddress': '1300 Corporate Dr'}","{'@type': 'GeoCoordinates', 'latitude': 40.740869, 'longitude': -73.591318}","{'@type': 'AggregateRating', 'ratingValue': 4.1, 'reviewCount': '120'}"
The Cuban - Garden City,https://www.ubereats.com/nyc-suburbs/food-delivery/the-cuban-garden-city/nd8lVk4qRQ2vZopSjtnVYw,carle-place-new-york,"['Mexican', 'Latin American', 'New Mexican']",,,$,40.7355691,-73.59759799999999,+15162220295,11530,987 Stewart Ave,Garden City,NY,"[{'@type': 'OpeningHoursSpecification', 'dayOfWeek': 'Sunday', 'opens': '11:30', 'closes': '21:30'}, {'@type': 'OpeningHoursSpecification', 'dayOfWeek': 'Sunday', 'opens': '11:30', 'closes': '21:30'}, {'@type': 'OpeningHoursSpecification', 'dayOfWeek': 'Friday', 'opens': '11:30', 'closes': '21:30'}, {'@type': 'OpeningHoursSpecification', 'dayOfWeek': 'Friday', 'opens': '15:0', 'closes': '23:30'}, {'@type': 'OpeningHoursSpecification', 'dayOfWeek': 'Saturday', 'opens': '11:30', 'closes': '21:30'}, {'@type': 'OpeningHoursSpecification', 'dayOfWeek': 'Saturday', 'opens': '11:30', 'closes': '23:30'}]","{'@type': 'PostalAddress', 'addressLocality': 'Garden City', 'addressRegion': 'NY', 'postalCode': '11530', 'addressCountry': 'US', 'streetAddress': '987 Stewart Ave'}","{'@type': 'GeoCoordinates', 'latitude': 40.7355691, 'longitude': -73.59759799999999}",{}
P.S. Burgers,https://www.ubereats.com/nyc-suburbs/food-delivery/ps-burgers/-9jZYdbWRfSWUL2OzOxjow,carle-place-new-york,"['Burgers', 'American', 'Sandwich']",4.8,22,$,40.741759,-73.639953,+15164939292,11501,198 2nd St,Mineola,NY,"[{'@type': 'OpeningHoursSpecification', 'dayOfWeek': ['Monday', 'Tuesday', 'Wednesday', 'Thursday', 'Friday', 'Saturday'], 'opens': '11:0', 'closes': '19:45'}]","{'@type': 'PostalAddress', 'addressLocality': 'Mineola', 'addressRegion': 'NY', 'postalCode': '11501', 'addressCountry': 'US', 'streetAddress': '198 2nd St'}","{'@type': 'GeoCoordinates', 'latitude': 40.741759, 'longitude': -73.639953}","{'@type': 'AggregateRating', 'ratingValue': 4.8, 'reviewCount': '22'}"
KFC - Mineola (139 Jericho Turnpike),https://www.ubereats.com/nyc-suburbs/food-delivery/kfc-mineola-139-jericho-turnpike/PYD7h7zvSHW0Xy-ah5HuPQ,carle-place-new-york,"['Fast Food', 'Southern', 'Fried Chicken']",,,$$,40.748989,-73.640631,+15162480541,11501,139 Jericho Turnpike,Mineola,NY,"[{'@type': 'OpeningHoursSpecification', 'dayOfWeek': ['Monday', 'Tuesday', 'Wednesday', 'Thursday', 'Friday', 'Saturday', 'Sunday'], 'opens': '11:0', 'closes': '22:0'}]","{'@type': 'PostalAddress', 'addressLocality': 'Mineola', 'addressRegion': 'NY', 'postalCode': '11501', 'addressCountry': 'US', 'streetAddress': '139 Jericho Turnpike'}","{'@type': 'GeoCoordinates', 'latitude': 40.748989, 'longitude': -73.640631}",{}
Red Lobster (211-217 Old Country Rd.),https://www.ubereats.com/nyc-suburbs/food-delivery/red-lobster-211-217-old-country-rd/zMaUpQnzTcu0ClyyEDYTeA,carle-place-new-york,"['Seafood', 'American', 'Family Meals']",4.5,267,$$,40.7440084,-73.61346809999999,+15162487411,11514,211 Old Country Rd #217,Carle Place,New York,"[{'@type': 'OpeningHoursSpecification', 'dayOfWeek': ['Sunday', 'Monday', 'Tuesday', 'Wednesday', 'Thursday'], 'opens': '11:30', 'closes': '20:0'}, {'@type': 'OpeningHoursSpecification', 'dayOfWeek': ['Friday', 'Saturday'], 'opens': '11:30', 'closes': '21:0'}]","{'@type': 'PostalAddress', 'addressLocality': 'Carle Place', 'addressRegion': 'New York', 'postalCode': '11514', 'addressCountry': 'US', 'streetAddress': '211 Old Country Rd #217'}","{'@type': 'GeoCoordinates', 'latitude': 40.7440084, 'longitude': -73.61346809999999}","{'@type': 'AggregateRating', 'ratingValue': 4.5, 'reviewCount': '267'}"
Anthony's Coal Fired Pizza - Carle Place,https://www.ubereats.com/nyc-suburbs/food-delivery/anthonys-coal-fired-pizza-carle-place/8FwYAqB2QSeEVCphdLWzhQ,carle-place-new-york,"['Pizza', 'Italian', 'Vegetarian-Friendly']",4.6,69,$,40.743697,-73.617614,+15168777750,11514,137 Old Country Rd,Carle Place,New York,"[{'@type': 'OpeningHoursSpecification', 'dayOfWeek': ['Monday', 'Tuesday', 'Wednesday', 'Thursday', 'Friday', 'Saturday', 'Sunday'], 'opens': '10:45', 'closes': '21:0'}]","{'@type': 'PostalAddress', 'addressLocality': 'Carle Place', 'addressRegion': 'New York', 'postalCode': '11514', 'addressCountry': 'US', 'streetAddress': '137 Old Country Rd'}","{'@type': 'GeoCoordinates', 'latitude': 40.743697, 'longitude': -73.617614}","{'@type': 'AggregateRating', 'ratingValue': 4.6, 'reviewCount': '69'}"
Swancrepe,https://www.ubereats.com/nyc-suburbs/food-delivery/swancrepe/fU2LiaYdQyWjw9QfCgeExQ,carle-place-new-york,['Japanese'],4.8,78,$$,40.68827470000001,-73.6852947,+15165993696,,,,,"[{'@type': 'OpeningHoursSpecification', 'dayOfWeek': 'Sunday', 'opens': '11:30', 'closes': '21:0'}, {'@type': 'OpeningHoursSpecification', 'dayOfWeek': 'Sunday', 'opens': '15:30', 'closes': '21:0'}, {'@type': 'OpeningHoursSpecification', 'dayOfWeek': 'Sunday', 'opens': '16:30', 'closes': '21:20'}, {'@type': 'OpeningHoursSpecification', 'dayOfWeek': 'Sunday', 'opens': '0:0', 'closes': '15:30'}, {'@type': 'OpeningHoursSpecification', 'dayOfWeek': ['Monday', 'Tuesday', 'Wednesday', 'Thursday'], 'opens': '11:30', 'closes': '21:0'}, {'@type': 'OpeningHoursSpecification', 'dayOfWeek': ['Monday', 'Tuesday', 'Wednesday', 'Thursday'], 'opens': '15:30', 'closes': '21:0'}, {'@type': 'OpeningHoursSpecification', 'dayOfWeek': ['Monday', 'Tuesday', 'Wednesday', 'Thursday'], 'opens': '11:30', 'closes': '15:30'}, {'@type': 'OpeningHoursSpecification', 'dayOfWeek': 'Friday', 'opens': '11:30', 'closes': '22:0'}, {'@type': 'OpeningHoursSpecification', 'dayOfWeek': 'Friday', 'opens': '15:30', 'closes': '22:0'}, {'@type': 'OpeningHoursSpecification', 'dayOfWeek': 'Friday', 'opens': '11:30', 'closes': '15:30'}, {'@type': 'OpeningHoursSpecification', 'dayOfWeek': 'Saturday', 'opens': '11:30', 'closes': '22:0'}, {'@type': 'OpeningHoursSpecification', 'dayOfWeek': 'Saturday', 'opens': '15:30', 'closes': '22:0'}, {'@type': 'OpeningHoursSpecification', 'dayOfWeek': 'Saturday', 'opens': '16:30', 'closes': '22:0'}, {'@type': 'OpeningHoursSpecification', 'dayOfWeek': 'Saturday', 'opens': '11:30', 'closes': '15:30'}]",,"{'@type': 'GeoCoordinates', 'latitude': 40.68827470000001, 'longitude': -73.6852947}","{'@type': 'AggregateRating', 'ratingValue': 4.8, 'reviewCount': '78'}"
Akbar Restaurant,https://www.ubereats.com/nyc-suburbs/food-delivery/akbar-restaurant/rVymSLIPSKi5lq58ruUb2Q,carle-place-new-york,['Indian'],4.8,47,$$,40.734702,-73.605223,+15163578300,11530,2 South St,Garden City,NY,"[{'@type': 'OpeningHoursSpecification', 'dayOfWeek': 'Sunday', 'opens': '17:0', 'closes': '21:30'}, {'@type': 'OpeningHoursSpecification', 'dayOfWeek': ['Monday', 'Tuesday', 'Wednesday', 'Thursday'], 'opens': '17:0', 'closes': '21:0'}, {'@type': 'OpeningHoursSpecification', 'dayOfWeek': ['Friday', 'Saturday'], 'opens': '17:0', 'closes': '21:30'}]","{'@type': 'PostalAddress', 'addressLocality': 'Garden City', 'addressRegion': 'NY', 'postalCode': '11530', 'addressCountry': 'US', 'streetAddress': '2 South St'}","{'@type': 'GeoCoordinates', 'latitude': 40.734702, 'longitude': -73.605223}","{'@type': 'AggregateRating', 'ratingValue': 4.8, 'reviewCount': '47'}"
Mother Kelly's - Syosset,https://www.ubereats.com/nyc-suburbs/food-delivery/mother-kellys-syosset/RG7ws-9SSqarXWGZVr_jrg,carle-place-new-york,"['Pizza', 'Salads', 'Italian']",4.4,25,$,40.8105,-73.5134,+15168020333,11791,575 Underhill Blvd,Syosset,New York,"[{'@type': 'OpeningHoursSpecification', 'dayOfWeek': ['Monday', 'Tuesday', 'Wednesday', 'Thursday', 'Friday', 'Saturday', 'Sunday'], 'opens': '11:0', 'closes': '20:0'}]","{'@type': 'PostalAddress', 'addressLocality': 'Syosset', 'addressRegion': 'New York', 'postalCode': '11791', 'addressCountry': 'US', 'streetAddress': '575 Underhill Blvd'}","{'@type': 'GeoCoordinates', 'latitude': 40.8105, 'longitude': -73.5134}","{'@type': 'AggregateRating', 'ratingValue': 4.4, 'reviewCount': '25'}"
Kababjees,https://www.ubereats.com/nyc-suburbs/food-delivery/kababjees/2YxKVSsRTZ23W8nQKmBBFA,carle-place-new-york,['Indian'],3.8,12,$,40.757263,-73.510406,+15165975777,11801,495 S Broadway,Hicksville,New York,"[{'@type': 'OpeningHoursSpecification', 'dayOfWeek': 'Sunday', 'opens': '12:30', 'closes': '21:30'}, {'@type': 'OpeningHoursSpecification', 'dayOfWeek': ['Tuesday', 'Wednesday', 'Thursday'], 'opens': '12:30', 'closes': '22:0'}, {'@type': 'OpeningHoursSpecification', 'dayOfWeek': ['Friday', 'Saturday'], 'opens': '12:30', 'closes': '22:0'}, {'@type': 'OpeningHoursSpecification', 'dayOfWeek': ['Friday', 'Saturday'], 'opens': '12:30', 'closes': '21:30'}]","{'@type': 'PostalAddress', 'addressLocality': 'Hicksville', 'addressRegion': 'New York', 'postalCode': '11801', 'addressCountry': 'US', 'streetAddress': '495 S Broadway'}","{'@type': 'GeoCoordinates', 'latitude': 40.757263, 'longitude': -73.510406}","{'@type': 'AggregateRating', 'ratingValue': 3.8, 'reviewCount': '12'}"
Greek Xpress Franklin Square,https://www.ubereats.com/nyc-suburbs/food-delivery/greek-xpress-franklin-square/hqNmUFWsRrC__-1J4e9FBA,carle-place-new-york,"['Mediterranean', 'Greek', 'Vegetarian']",4.7,25,$,40.7126001,-73.67610859999999,+15165026126,11010,182 New Hyde Park Road,Franklin Square,NY,"[{'@type': 'OpeningHoursSpecification', 'dayOfWeek': 'Sunday', 'opens': '11:0', 'closes': '19:45'}, {'@type': 'OpeningHoursSpecification', 'dayOfWeek': ['Monday', 'Tuesday', 'Wednesday', 'Thursday', 'Friday'], 'opens': '11:0', 'closes': '19:45'}, {'@type': 'OpeningHoursSpecification', 'dayOfWeek': ['Monday', 'Tuesday', 'Wednesday', 'Thursday', 'Friday'], 'opens': '11:0', 'closes': '16:0'}, {'@type': 'OpeningHoursSpecification', 'dayOfWeek': 'Saturday', 'opens': '11:0', 'closes': '19:45'}]","{'@type': 'PostalAddress', 'addressLocality': 'Franklin Square', 'addressRegion': 'NY', 'postalCode': '11010', 'addressCountry': 'US', 'streetAddress': '182 New Hyde Park Road'}","{'@type': 'GeoCoordinates', 'latitude': 40.7126001, 'longitude': -73.67610859999999}","{'@type': 'AggregateRating', 'ratingValue': 4.7, 'reviewCount': '25'}"
Buttercooky Bakery,https://www.ubereats.com/nyc-suburbs/food-delivery/buttercooky-bakery/W0HwHWx4TeqozDo8-b8hFw,carle-place-new-york,"['Breakfast and Brunch', 'Desserts', 'Bakery']",4.7,374,$,40.7292689,-73.70214349999999,+15163543831,11001,217 Jericho Turnpike,Floral Park,NY,"[{'@type': 'OpeningHoursSpecification', 'dayOfWeek': 'Sunday', 'opens': '7:0', 'closes': '19:0'}, {'@type': 'OpeningHoursSpecification', 'dayOfWeek': 'Sunday', 'opens': '0:0', 'closes': '0:30'}, {'@type': 'OpeningHoursSpecification', 'dayOfWeek': 'Sunday', 'opens': '0:0', 'closes': '0:30'}, {'@type': 'OpeningHoursSpecification', 'dayOfWeek': ['Monday', 'Tuesday', 'Wednesday', 'Thursday', 'Friday', 'Saturday'], 'opens': '7:0', 'closes': '19:0'}]","{'@type': 'PostalAddress', 'addressLocality': 'Floral Park', 'addressRegion': 'NY', 'postalCode': '11001', 'addressCountry': 'US', 'streetAddress': '217 Jericho Turnpike'}","{'@type': 'GeoCoordinates', 'latitude': 40.7292689, 'longitude': -73.70214349999999}","{'@type': 'AggregateRating', 'ratingValue': 4.7, 'reviewCount': '374'}"
Grimaldi's - Garden City,https://www.ubereats.com/nyc-suburbs/food-delivery/grimaldis-garden-city/ufkJ5OieQo-le4HIDXPL7Q,carle-place-new-york,"['Pizza', 'American', 'Comfort Food', 'Desserts']",4.7,132,$,40.72919,-73.635861,+15162946565,11530,980 Franklin Ave,Garden City,NY,"[{'@type': 'OpeningHoursSpecification', 'dayOfWeek': ['Sunday', 'Monday', 'Tuesday', 'Wednesday', 'Thursday'], 'opens': '12:0', 'closes': '21:0'}, {'@type': 'OpeningHoursSpecification', 'dayOfWeek': ['Sunday', 'Monday', 'Tuesday', 'Wednesday', 'Thursday'], 'opens': '12:0', 'closes': '21:0'}, {'@type': 'OpeningHoursSpecification', 'dayOfWeek': ['Friday', 'Saturday'], 'opens': '12:0', 'closes': '22:0'}, {'@type': 'OpeningHoursSpecification', 'dayOfWeek': ['Friday', 'Saturday'], 'opens': '12:0', 'closes': '21:0'}]","{'@type': 'PostalAddress', 'addressLocality': 'Garden City', 'addressRegion': 'NY', 'postalCode': '11530', 'addressCountry': 'US', 'streetAddress': '980 Franklin Ave'}","{'@type': 'GeoCoordinates', 'latitude': 40.72919, 'longitude': -73.635861}","{'@type': 'AggregateRating', 'ratingValue': 4.7, 'reviewCount': '132'}"
El Chicanito,https://www.ubereats.com/nyc-suburbs/food-delivery/el-chicanito/9XhGKfCeRk6NZZiZqI5Htg,carle-place-new-york,"['Mexican', 'Latin American', 'New Mexican']",,,$,40.711922,-73.6265428,+15162806000,11550,161 Main St,Hempstead,NY,"[{'@type': 'OpeningHoursSpecification', 'dayOfWeek': 'Sunday', 'opens': '11:0', 'closes': '1:30'}, {'@type': 'OpeningHoursSpecification', 'dayOfWeek': ['Monday', 'Tuesday', 'Wednesday', 'Thursday'], 'opens': '17:0', 'closes': '1:0'}, {'@type': 'OpeningHoursSpecification', 'dayOfWeek': 'Friday', 'opens': '17:0', 'closes': '1:30'}, {'@type': 'OpeningHoursSpecification', 'dayOfWeek': 'Saturday', 'opens': '11:0', 'closes': '1:30'}]","{'@type': 'PostalAddress', 'addressLocality': 'Hempstead', 'addressRegion': 'NY', 'postalCode': '11550', 'addressCountry': 'US', 'streetAddress': '161 Main St'}","{'@type': 'GeoCoordinates', 'latitude': 40.711922, 'longitude': -73.6265428}",{}
Chipotle Mexican Grill (2335 New Hyde Park Rd),https://www.ubereats.com/nyc-suburbs/food-delivery/chipotle-mexican-grill-2335-new-hyde-park-rd/Y_fcmEkzRQ2a0OmUL9m05w,carle-place-new-york,"['Healthy', 'Mexican']",4.3,247,$,40.75796,-73.68913169999999,+15166739630,11040,2335,New Hyde Park,NY,"[{'@type': 'OpeningHoursSpecification', 'dayOfWeek': ['Monday', 'Tuesday', 'Wednesday', 'Thursday', 'Friday', 'Saturday', 'Sunday'], 'opens': '10:45', 'closes': '21:40'}]","{'@type': 'PostalAddress', 'addressLocality': 'New Hyde Park', 'addressRegion': 'NY', 'postalCode': '11040', 'addressCountry': 'US', 'streetAddress': '2335'}","{'@type': 'GeoCoordinates', 'latitude': 40.75796, 'longitude': -73.68913169999999}","{'@type': 'AggregateRating', 'ratingValue': 4.3, 'reviewCount': '247'}"
Bebop Kitchen,https://www.ubereats.com/nyc-suburbs/food-delivery/bebop-kitchen/H-Ec0Qa7RaObJV0EMk4Mig,carle-place-new-york,"['Sandwich', 'Salads', 'Comfort Food', 'Diner', 'Kids Friendly', 'Desserts', 'Deli']",,,$,40.70737630000001,-73.62453049999999,+15162922326,11550,35 Main St,Hempstead,NY,"[{'@type': 'OpeningHoursSpecification', 'dayOfWeek': ['Monday', 'Tuesday', 'Wednesday', 'Thursday', 'Friday', 'Saturday', 'Sunday'], 'opens': '6:0', 'closes': '15:0'}]","{'@type': 'PostalAddress', 'addressLocality': 'Hempstead', 'addressRegion': 'NY', 'postalCode': '11550', 'addressCountry': 'US', 'streetAddress': '35 Main St'}","{'@type': 'GeoCoordinates', 'latitude': 40.70737630000001, 'longitude': -73.62453049999999}",{}
BGF Bobby Q's,https://www.ubereats.com/nyc-suburbs/food-delivery/bgf-bobby-qs/q9I4EAQNRWqPS-PTNF0bYw,carle-place-new-york,"['Soul Food', 'Sandwich', 'American']",4.3,54,$$,40.671431,-73.588491,+15165444407,11520,447 N Main St,Freeport,NY,"[{'@type': 'OpeningHoursSpecification', 'dayOfWeek': 'Sunday', 'opens': '12:0', 'closes': '19:0'}, {'@type': 'OpeningHoursSpecification', 'dayOfWeek': 'Sunday', 'opens': '12:0', 'closes': '19:0'}, {'@type': 'OpeningHoursSpecification', 'dayOfWeek': ['Tuesday', 'Wednesday'], 'opens': '12:0', 'closes': '20:30'}, {'@type': 'OpeningHoursSpecification', 'dayOfWeek': ['Tuesday', 'Wednesday'], 'opens': '12:0', 'closes': '20:30'}, {'@type': 'OpeningHoursSpecification', 'dayOfWeek': ['Thursday', 'Friday', 'Saturday'], 'opens': '12:0', 'closes': '22:0'}, {'@type': 'OpeningHoursSpecification', 'dayOfWeek': ['Thursday', 'Friday', 'Saturday'], 'opens': '12:0', 'closes': '22:0'}]","{'@type': 'PostalAddress', 'addressLocality': 'Freeport', 'addressRegion': 'NY', 'postalCode': '11520', 'addressCountry': 'US', 'streetAddress': '447 N Main St'}","{'@type': 'GeoCoordinates', 'latitude': 40.671431, 'longitude': -73.588491}","{'@type': 'AggregateRating', 'ratingValue': 4.3, 'reviewCount': '54'}"
,https://www.ubereats.com/nyc-suburbs/food-delivery/green-olive-kosher-pizza-and-falafel/3JOFlcc_TFexgROguHo8mw,carle-place-new-york,,,,,,,,,,,,,,,
Kiran Palace,https://www.ubereats.com/nyc-suburbs/food-delivery/kiran-palace/IXpPef5XRXSECAlkIhkpMw,carle-place-new-york,"['Indian', 'Vegetarian Friendly']",4.1,13,$$,40.7636171,-73.5172606,+15169325191,11801,67-75 E Old Country Rd,Hicksville,67-75 E Old Country Rd,"[{'@type': 'OpeningHoursSpecification', 'dayOfWeek': ['Sunday', 'Monday', 'Tuesday', 'Wednesday', 'Thursday'], 'opens': '11:30', 'closes': '21:0'}, {'@type': 'OpeningHoursSpecification', 'dayOfWeek': ['Friday', 'Saturday'], 'opens': '11:30', 'closes': '21:0'}, {'@type': 'OpeningHoursSpecification', 'dayOfWeek': ['Friday', 'Saturday'], 'opens': '11:30', 'closes': '22:30'}]","{'@type': 'PostalAddress', 'addressLocality': 'Hicksville', 'addressRegion': '67-75 E Old Country Rd', 'postalCode': '11801', 'addressCountry': 'US', 'streetAddress': '67-75 E Old Country Rd'}","{'@type': 'GeoCoordinates', 'latitude': 40.7636171, 'longitude': -73.5172606}","{'@type': 'AggregateRating', 'ratingValue': 4.1, 'reviewCount': '13'}"
Dunkin' (490 W. Old Country Rd),https://www.ubereats.com/nyc-suburbs/food-delivery/dunkin-490-w-old-country-rd/kimJ_pdtR6WEJH8bCPiYiA,carle-place-new-york,"['Breakfast and Brunch', 'Donuts']",3.3,12,$,40.7583281,-73.5429864,+15164330319,11801,490 W. Old Country Rd,Hicksville,NY,"[{'@type': 'OpeningHoursSpecification', 'dayOfWeek': ['Monday', 'Tuesday', 'Wednesday', 'Thursday', 'Friday', 'Saturday', 'Sunday'], 'opens': '0:1', 'closes': '0:0'}, {'@type': 'OpeningHoursSpecification', 'dayOfWeek': ['Monday', 'Tuesday', 'Wednesday', 'Thursday', 'Friday', 'Saturday', 'Sunday'], 'opens': '6:30', 'closes': '20:30'}]","{'@type': 'PostalAddress', 'addressLocality': 'Hicksville', 'addressRegion': 'NY', 'postalCode': '11801', 'addressCountry': 'US', 'streetAddress': '490 W. Old Country Rd'}","{'@type': 'GeoCoordinates', 'latitude': 40.7583281, 'longitude': -73.5429864}","{'@type': 'AggregateRating', 'ratingValue': 3.3, 'reviewCount': '12'}"
Pantano's Gourmet - Uniondale,https://www.ubereats.com/nyc-suburbs/food-delivery/pantanos-gourmet-uniondale/UbEb3PsUQjWT3aD0PtE95g,carle-place-new-york,"['American', 'Comfort Food']",,,$,40.7177779,-73.5926068,+15164834911,,,,,"[{'@type': 'OpeningHoursSpecification', 'dayOfWeek': 'Sunday', 'opens': '8:15', 'closes': '15:30'}, {'@type': 'OpeningHoursSpecification', 'dayOfWeek': 'Sunday', 'opens': '8:15', 'closes': '15:30'}, {'@type': 'OpeningHoursSpecification', 'dayOfWeek': ['Monday', 'Tuesday', 'Wednesday', 'Thursday', 'Friday', 'Saturday'], 'opens': '7:0', 'closes': '16:30'}, {'@type': 'OpeningHoursSpecification', 'dayOfWeek': ['Monday', 'Tuesday', 'Wednesday', 'Thursday', 'Friday', 'Saturday'], 'opens': '7:0', 'closes': '16:30'}]",,"{'@type': 'GeoCoordinates', 'latitude': 40.7177779, 'longitude': -73.5926068}",{}
Dunkin' (2050 Hempstead Tpke),https://www.ubereats.com/nyc-suburbs/food-delivery/dunkin-2050-hempstead-tpke/oZjBsXXET8WdVRV5yZiraQ,carle-place-new-york,"['Breakfast and Brunch', 'Donuts']",4.1,26,$,40.72420930000001,-73.5604163,+15167947155,11554,2050 Hempstead Tpke,East Meadow,NY,"[{'@type': 'OpeningHoursSpecification', 'dayOfWeek': ['Monday', 'Tuesday', 'Wednesday', 'Thursday', 'Friday', 'Saturday', 'Sunday'], 'opens': '6:0', 'closes': '23:0'}]","{'@type': 'PostalAddress', 'addressLocality': 'East Meadow', 'addressRegion': 'NY', 'postalCode': '11554', 'addressCountry': 'US', 'streetAddress': '2050 Hempstead Tpke'}","{'@type': 'GeoCoordinates', 'latitude': 40.72420930000001, 'longitude': -73.5604163}","{'@type': 'AggregateRating', 'ratingValue': 4.1, 'reviewCount': '26'}"
Royal Tangra Masala,https://www.ubereats.com/nyc-suburbs/food-delivery/royal-tangra-masala/69mRklhTQFadDeFfhz2tVQ,carle-place-new-york,"['Chinese', 'Indian', 'Halal']",,,$,40.7519107,-73.6718879,+15167464898,11040,2207 Hillside Ave,New Hyde Park,NY,"[{'@type': 'OpeningHoursSpecification', 'dayOfWeek': 'Sunday', 'opens': '12:30', 'closes': '21:30'}, {'@type': 'OpeningHoursSpecification', 'dayOfWeek': ['Monday', 'Tuesday', 'Wednesday', 'Thursday'], 'opens': '12:30', 'closes': '21:30'}, {'@type': 'OpeningHoursSpecification', 'dayOfWeek': ['Monday', 'Tuesday', 'Wednesday', 'Thursday'], 'opens': '12:30', 'closes': '15:0'}, {'@type': 'OpeningHoursSpecification', 'dayOfWeek': 'Friday', 'opens': '12:30', 'closes': '21:30'}, {'@type': 'OpeningHoursSpecification', 'dayOfWeek': 'Friday', 'opens': '12:0', 'closes': '23:0'}, {'@type': 'OpeningHoursSpecification', 'dayOfWeek': 'Friday', 'opens': '12:30', 'closes': '15:0'}, {'@type': 'OpeningHoursSpecification', 'dayOfWeek': 'Saturday', 'opens': '12:30', 'closes': '21:30'}, {'@type': 'OpeningHoursSpecification', 'dayOfWeek': 'Saturday', 'opens': '12:30', 'closes': '23:0'}]","{'@type': 'PostalAddress', 'addressLocality': 'New Hyde Park', 'addressRegion': 'NY', 'postalCode': '11040', 'addressCountry': 'US', 'streetAddress': '2207 Hillside Ave'}","{'@type': 'GeoCoordinates', 'latitude': 40.7519107, 'longitude': -73.6718879}",{}
Fresco Crêperie & Café Williston Park,https://www.ubereats.com/nyc-suburbs/food-delivery/fresco-creperie-%26-cafe-williston-park/mHXOZdP4RGSBp1MLtbs2wQ,carle-place-new-york,"['Cafe', 'Breakfast and Brunch', 'Desserts', 'Coffee and Tea']",4.7,29,$,40.75748159999999,-73.6424509,+15162806630,11596,72 Hillside Avenue,Williston Park,NY,"[{'@type': 'OpeningHoursSpecification', 'dayOfWeek': 'Sunday', 'opens': '11:0', 'closes': '19:30'}, {'@type': 'OpeningHoursSpecification', 'dayOfWeek': ['Monday', 'Tuesday', 'Wednesday', 'Thursday'], 'opens': '11:0', 'closes': '21:0'}, {'@type': 'OpeningHoursSpecification', 'dayOfWeek': ['Friday', 'Saturday'], 'opens': '11:0', 'closes': '21:30'}]","{'@type': 'PostalAddress', 'addressLocality': 'Williston Park', 'addressRegion': 'NY', 'postalCode': '11596', 'addressCountry': 'US', 'streetAddress': '72 Hillside Avenue'}","{'@type': 'GeoCoordinates', 'latitude': 40.75748159999999, 'longitude': -73.6424509}","{'@type': 'AggregateRating', 'ratingValue': 4.7, 'reviewCount': '29'}"
Taco Bell (490 Peninsula Blvd),https://www.ubereats.com/nyc-suburbs/food-delivery/taco-bell-490-peninsula-blvd/yLZ1GF5CTZOW_2AtYYj48Q,carle-place-new-york,"['Burritos', 'Fast Food', 'Mexican']",4.5,271,$,40.70040719999999,-73.6283481,+15164899612,11550,490 Peninsula Blvd,Hempstead,NY,"[{'@type': 'OpeningHoursSpecification', 'dayOfWeek': ['Monday', 'Tuesday', 'Wednesday', 'Thursday', 'Friday', 'Saturday', 'Sunday'], 'opens': '14:0', 'closes': '17:0'}, {'@type': 'OpeningHoursSpecification', 'dayOfWeek': ['Monday', 'Tuesday', 'Wednesday', 'Thursday', 'Friday', 'Saturday', 'Sunday'], 'opens': '8:0', 'closes': '1:30'}, {'@type': 'OpeningHoursSpecification', 'dayOfWeek': ['Monday', 'Tuesday', 'Wednesday', 'Thursday', 'Friday', 'Saturday', 'Sunday'], 'opens': '8:0', 'closes': '10:30'}]","{'@type': 'PostalAddress', 'addressLocality': 'Hempstead', 'addressRegion': 'NY', 'postalCode': '11550', 'addressCountry': 'US', 'streetAddress': '490 Peninsula Blvd'}","{'@type': 'GeoCoordinates', 'latitude': 40.70040719999999, 'longitude': -73.6283481}","{'@type': 'AggregateRating', 'ratingValue': 4.5, 'reviewCount': '271'}"
Anthony's Lucky Duck,https://www.ubereats.com/nyc-suburbs/food-delivery/anthonys-lucky-duck/EZStkeb0RhqysVoVdBF78A,carle-place-new-york,"['Italian', 'Pasta', 'Comfort Food']",,,$,40.7171445,-73.66073229999999,+15164854848,11530,9 Nassau Blvd,Garden City South,NY,"[{'@type': 'OpeningHoursSpecification', 'dayOfWeek': ['Sunday', 'Monday', 'Tuesday', 'Wednesday', 'Thursday'], 'opens': '2:0', 'closes': '2:1'}, {'@type': 'OpeningHoursSpecification', 'dayOfWeek': ['Sunday', 'Monday', 'Tuesday', 'Wednesday', 'Thursday'], 'opens': '16:0', 'closes': '20:0'}, {'@type': 'OpeningHoursSpecification', 'dayOfWeek': ['Friday', 'Saturday'], 'opens': '2:0', 'closes': '2:1'}, {'@type': 'OpeningHoursSpecification', 'dayOfWeek': ['Friday', 'Saturday'], 'opens': '16:0', 'closes': '21:0'}]","{'@type': 'PostalAddress', 'addressLocality': 'Garden City South', 'addressRegion': 'NY', 'postalCode': '11530', 'addressCountry': 'US', 'streetAddress': '9 Nassau Blvd'}","{'@type': 'GeoCoordinates', 'latitude': 40.7171445, 'longitude': -73.66073229999999}",{}
Kebab Express | Halal Grill,https://www.ubereats.com/nyc-suburbs/food-delivery/kebab-express-%7C-halal-grill/n1L-0ylaQmmxlp2405NOjg,carle-place-new-york,"['Mediterranean', 'Halal', 'Wings', 'Vegetarian', 'American']",4.7,33,$,40.7123094,-73.6081177,+16314137528,11550,692 Fulton Avenue,Hempstead,NY,"[{'@type': 'OpeningHoursSpecification', 'dayOfWeek': ['Sunday', 'Monday', 'Tuesday', 'Wednesday'], 'opens': '11:0', 'closes': '23:59'}, {'@type': 'OpeningHoursSpecification', 'dayOfWeek': ['Thursday', 'Friday', 'Saturday'], 'opens': '11:0', 'closes': '1:0'}]","{'@type': 'PostalAddress', 'addressLocality': 'Hempstead', 'addressRegion': 'NY', 'postalCode': '11550', 'addressCountry': 'US', 'streetAddress': '692 Fulton Avenue'}","{'@type': 'GeoCoordinates', 'latitude': 40.7123094, 'longitude': -73.6081177}","{'@type': 'AggregateRating', 'ratingValue': 4.7, 'reviewCount': '33'}"
Ben's Crab,https://www.ubereats.com/nyc-suburbs/food-delivery/bens-crab/fBYdta8fSkOyF7L7Q3GSag,carle-place-new-york,"['Seafood', 'American', 'Southern']",4.5,224,$,40.7159732,-73.5978398,+15163406050,11553,1002 Hempstead Turnpike,Uniondale,NY,"[{'@type': 'OpeningHoursSpecification', 'dayOfWeek': 'Sunday', 'opens': '13:0', 'closes': '22:0'}, {'@type': 'OpeningHoursSpecification', 'dayOfWeek': ['Monday', 'Tuesday', 'Wednesday', 'Thursday'], 'opens': '14:0', 'closes': '22:0'}, {'@type': 'OpeningHoursSpecification', 'dayOfWeek': 'Friday', 'opens': '14:0', 'closes': '22:30'}, {'@type': 'OpeningHoursSpecification', 'dayOfWeek': 'Saturday', 'opens': '13:0', 'closes': '22:30'}]","{'@type': 'PostalAddress', 'addressLocality': 'Uniondale', 'addressRegion': 'NY', 'postalCode': '11553', 'addressCountry': 'US', 'streetAddress': '1002 Hempstead Turnpike'}","{'@type': 'GeoCoordinates', 'latitude': 40.7159732, 'longitude': -73.5978398}","{'@type': 'AggregateRating', 'ratingValue': 4.5, 'reviewCount': '224'}"
Sonic (1724 Hempstead Turnpike),https://www.ubereats.com/nyc-suburbs/food-delivery/sonic-1724-hempstead-turnpike/Xg5c6PYbTdmSTs6R7cQ_nA,carle-place-new-york,"['American', 'Burgers', 'Breakfast and Brunch', 'Fast Food', 'Desserts', 'Ice Cream and Frozen Yogurt']",4.1,287,$,40.7231501,-73.5724334,+15162285013,11554,1724 Hempstead Turnpike,East Meadow,NY,"[{'@type': 'OpeningHoursSpecification', 'dayOfWeek': ['Monday', 'Tuesday', 'Wednesday', 'Thursday', 'Friday', 'Saturday', 'Sunday'], 'opens': '10:0', 'closes': '23:45'}]","{'@type': 'PostalAddress', 'addressLocality': 'East Meadow', 'addressRegion': 'NY', 'postalCode': '11554', 'addressCountry': 'US', 'streetAddress': '1724 Hempstead Turnpike'}","{'@type': 'GeoCoordinates', 'latitude': 40.7231501, 'longitude': -73.5724334}","{'@type': 'AggregateRating', 'ratingValue': 4.1, 'reviewCount': '287'}"
Mediterranean Kebab House,https://www.ubereats.com/nyc-suburbs/food-delivery/mediterranean-kebab-house/CyHpYizLSHW2MSZwXNRELQ,carle-place-new-york,"['Turkish', 'Mediterranean', 'Healthy']",4.7,42,$$,40.755738,-73.5876,+15163338715,11590,190 Post Ave,Westbury,NY,"[{'@type': 'OpeningHoursSpecification', 'dayOfWeek': ['Monday', 'Tuesday', 'Wednesday', 'Thursday', 'Friday', 'Saturday', 'Sunday'], 'opens': '11:0', 'closes': '22:0'}, {'@type': 'OpeningHoursSpecification', 'dayOfWeek': ['Monday', 'Tuesday', 'Wednesday', 'Thursday', 'Friday', 'Saturday', 'Sunday'], 'opens': '11:0', 'closes': '15:0'}]","{'@type': 'PostalAddress', 'addressLocality': 'Westbury', 'addressRegion': 'NY', 'postalCode': '11590', 'addressCountry': 'US', 'streetAddress': '190 Post Ave'}","{'@type': 'GeoCoordinates', 'latitude': 40.755738, 'longitude': -73.5876}","{'@type': 'AggregateRating', 'ratingValue': 4.7, 'reviewCount': '42'}"
Sydney's Sweets,https://www.ubereats.com/nyc-suburbs/food-delivery/sydneys-sweets/FZ67QARdQveuof8k0D7w3Q,carle-place-new-york,"['American', 'Breakfast and Brunch', 'Desserts']",,,$,40.6971541,-73.653762,+15164563283,11552,465 Hempstead Ave,West Hempstead,NY,"[{'@type': 'OpeningHoursSpecification', 'dayOfWeek': ['Thursday', 'Friday'], 'opens': '12:0', 'closes': '20:0'}, {'@type': 'OpeningHoursSpecification', 'dayOfWeek': 'Saturday', 'opens': '12:0', 'closes': '18:0'}]","{'@type': 'PostalAddress', 'addressLocality': 'West Hempstead', 'addressRegion': 'NY', 'postalCode': '11552', 'addressCountry': 'US', 'streetAddress': '465 Hempstead Ave'}","{'@type': 'GeoCoordinates', 'latitude': 40.6971541, 'longitude': -73.653762}",{}
Taco Bell (263 S. Broadway),https://www.ubereats.com/nyc-suburbs/food-delivery/taco-bell-263-s-broadway/DVvnYF4lR5W-hYI0nOftKQ,carle-place-new-york,"['Burritos', 'Fast Food', 'Mexican']",4.3,370,$,40.762861,-73.5171939,+15169350209,11801,263 S. Broadway,Hicksville,NY,"[{'@type': 'OpeningHoursSpecification', 'dayOfWeek': ['Monday', 'Tuesday', 'Wednesday', 'Thursday', 'Friday', 'Saturday', 'Sunday'], 'opens': '14:0', 'closes': '17:0'}, {'@type': 'OpeningHoursSpecification', 'dayOfWeek': ['Monday', 'Tuesday', 'Wednesday', 'Thursday', 'Friday', 'Saturday', 'Sunday'], 'opens': '8:0', 'closes': '2:30'}, {'@type': 'OpeningHoursSpecification', 'dayOfWeek': ['Monday', 'Tuesday', 'Wednesday', 'Thursday', 'Friday', 'Saturday', 'Sunday'], 'opens': '8:0', 'closes': '10:30'}]","{'@type': 'PostalAddress', 'addressLocality': 'Hicksville', 'addressRegion': 'NY', 'postalCode': '11801', 'addressCountry': 'US', 'streetAddress': '263 S. Broadway'}","{'@type': 'GeoCoordinates', 'latitude': 40.762861, 'longitude': -73.5171939}","{'@type': 'AggregateRating', 'ratingValue': 4.3, 'reviewCount': '370'}"
Subway (468 Jericho Turnpike),https://www.ubereats.com/nyc-suburbs/food-delivery/subway-468-jericho-turnpike/0tMh3UuRT6ef6yTJwDgwRA,carle-place-new-york,"['Fast Food', 'Sandwich', 'American']",4.6,11,$,40.745253,-73.654012,+15162941960,11501,468 Jericho Turnpike,Mineola,NY,"[{'@type': 'OpeningHoursSpecification', 'dayOfWeek': 'Sunday', 'opens': '10:20', 'closes': '17:30'}, {'@type': 'OpeningHoursSpecification', 'dayOfWeek': ['Monday', 'Tuesday', 'Wednesday', 'Thursday', 'Friday', 'Saturday'], 'opens': '10:0', 'closes': '20:30'}]","{'@type': 'PostalAddress', 'addressLocality': 'Mineola', 'addressRegion': 'NY', 'postalCode': '11501', 'addressCountry': 'US', 'streetAddress': '468 Jericho Turnpike'}","{'@type': 'GeoCoordinates', 'latitude': 40.745253, 'longitude': -73.654012}","{'@type': 'AggregateRating', 'ratingValue': 4.6, 'reviewCount': '11'}"
Qdoba (2160 Hempstead Tpke),https://www.ubereats.com/nyc-suburbs/food-delivery/qdoba-2160-hempstead-tpke/v7h7cg4gTyi2wWi9LB5jgw,carle-place-new-york,"['Mexican', 'Salads', 'Vegetarian Friendly', 'Family Meals']",4.6,405,$,40.72487371161193,-73.55623841329059,+15167439890,,,,,"[{'@type': 'OpeningHoursSpecification', 'dayOfWeek': ['Sunday', 'Monday', 'Tuesday', 'Wednesday', 'Thursday'], 'opens': '11:0', 'closes': '21:30'}, {'@type': 'OpeningHoursSpecification', 'dayOfWeek': ['Friday', 'Saturday'], 'opens': '11:0', 'closes': '22:30'}]",,"{'@type': 'GeoCoordinates', 'latitude': 40.72487371161193, 'longitude': -73.55623841329059}","{'@type': 'AggregateRating', 'ratingValue': 4.6, 'reviewCount': '405'}"
Mario's Pizzeria (Westbury),https://www.ubereats.com/nyc-suburbs/food-delivery/marios-pizzeria-westbury/n-AeH8cmRE6rNjfhENeB1g,carle-place-new-york,"['Italian', 'Pizza', 'Pasta']",5.0,17,$,40.7494035,-73.57360659999999,+15169973000,11590,596 Old Country Rd,Westbury,NY,"[{'@type': 'OpeningHoursSpecification', 'dayOfWeek': ['Monday', 'Tuesday', 'Wednesday', 'Thursday', 'Friday', 'Saturday', 'Sunday'], 'opens': '11:0', 'closes': '20:0'}]","{'@type': 'PostalAddress', 'addressLocality': 'Westbury', 'addressRegion': 'NY', 'postalCode': '11590', 'addressCountry': 'US', 'streetAddress': '596 Old Country Rd'}","{'@type': 'GeoCoordinates', 'latitude': 40.7494035, 'longitude': -73.57360659999999}","{'@type': 'AggregateRating', 'ratingValue': 5, 'reviewCount': '17'}"
Lighthouse Diner,https://www.ubereats.com/nyc-suburbs/food-delivery/lighthouse-diner/pJDJh8YEQwm2b3SlRxiKBg,carle-place-new-york,"['American', 'Diner', 'Desserts']",4.5,500,$,40.67160534505158,-73.50932576162577,+15168268111,11793,3240 Sunrise Hwy,Wantagh,New York,"[{'@type': 'OpeningHoursSpecification', 'dayOfWeek': ['Monday', 'Tuesday', 'Wednesday', 'Thursday', 'Friday', 'Saturday', 'Sunday'], 'opens': '0:0', 'closes': '23:59'}, {'@type': 'OpeningHoursSpecification', 'dayOfWeek': ['Monday', 'Tuesday', 'Wednesday', 'Thursday', 'Friday', 'Saturday', 'Sunday'], 'opens': '0:0', 'closes': '23:59'}]","{'@type': 'PostalAddress', 'addressLocality': 'Wantagh', 'addressRegion': 'New York', 'postalCode': '11793', 'addressCountry': 'US', 'streetAddress': '3240 Sunrise Hwy'}","{'@type': 'GeoCoordinates', 'latitude': 40.67160534505158, 'longitude': -73.50932576162577}","{'@type': 'AggregateRating', 'ratingValue': 4.5, 'reviewCount': '500'}"
Manny’s Sweet Treats- Mineola,https://www.ubereats.com/nyc-suburbs/food-delivery/mannys-sweet-treats-mineola/CUOfnXEnT1y8GL9mRNeAEw,carle-place-new-york,"['Breakfast and Brunch', 'Desserts', 'Ice Cream and Frozen Yogurt']",4.7,26,$$,40.749126,-73.642005,+15162998099,11501,156 Jericho Turnpike,Mineola,NY,"[{'@type': 'OpeningHoursSpecification', 'dayOfWeek': 'Sunday', 'opens': '12:0', 'closes': '22:45'}, {'@type': 'OpeningHoursSpecification', 'dayOfWeek': ['Tuesday', 'Wednesday', 'Thursday'], 'opens': '12:0', 'closes': '22:45'}, {'@type': 'OpeningHoursSpecification', 'dayOfWeek': ['Friday', 'Saturday'], 'opens': '12:0', 'closes': '23:45'}]","{'@type': 'PostalAddress', 'addressLocality': 'Mineola', 'addressRegion': 'NY', 'postalCode': '11501', 'addressCountry': 'US', 'streetAddress': '156 Jericho Turnpike'}","{'@type': 'GeoCoordinates', 'latitude': 40.749126, 'longitude': -73.642005}","{'@type': 'AggregateRating', 'ratingValue': 4.7, 'reviewCount': '26'}"
Burger City (East Meadow),https://www.ubereats.com/nyc-suburbs/food-delivery/burger-city-east-meadow/RWfeJtvATvK0JzRRVWyxUg,carle-place-new-york,"['Burgers', 'American']",4.7,245,$,40.7239,-73.5647,+15163853355,11554,1900 Hempstead Turnpike,East Meadow,NY,"[{'@type': 'OpeningHoursSpecification', 'dayOfWeek': ['Monday', 'Tuesday', 'Wednesday', 'Thursday', 'Friday', 'Saturday', 'Sunday'], 'opens': '11:0', 'closes': '21:50'}]","{'@type': 'PostalAddress', 'addressLocality': 'East Meadow', 'addressRegion': 'NY', 'postalCode': '11554', 'addressCountry': 'US', 'streetAddress': '1900 Hempstead Turnpike'}","{'@type': 'GeoCoordinates', 'latitude': 40.7239, 'longitude': -73.5647}","{'@type': 'AggregateRating', 'ratingValue': 4.7, 'reviewCount': '245'}"
Galilee Deli Best Sandwiches,https://www.ubereats.com/nyc-suburbs/food-delivery/galilee-deli-best-sandwiches/b1o6iPQ7RLiqAyjkUf6cRg,carle-place-new-york,['American'],,,$,40.6980753,-73.6229206,+15164810879,11550,235 S Franklin St,NYC Suburbs,NY,"[{'@type': 'OpeningHoursSpecification', 'dayOfWeek': 'Sunday', 'opens': '6:30', 'closes': '20:0'}, {'@type': 'OpeningHoursSpecification', 'dayOfWeek': 'Sunday', 'opens': '10:0', 'closes': '21:0'}, {'@type': 'OpeningHoursSpecification', 'dayOfWeek': 'Sunday', 'opens': '9:0', 'closes': '22:0'}, {'@type': 'OpeningHoursSpecification', 'dayOfWeek': ['Monday', 'Tuesday', 'Wednesday', 'Thursday', 'Friday', 'Saturday'], 'opens': '6:30', 'closes': '20:0'}, {'@type': 'OpeningHoursSpecification', 'dayOfWeek': ['Monday', 'Tuesday', 'Wednesday', 'Thursday', 'Friday', 'Saturday'], 'opens': '10:0', 'closes': '21:0'}, {'@type': 'OpeningHoursSpecification', 'dayOfWeek': ['Monday', 'Tuesday', 'Wednesday', 'Thursday', 'Friday', 'Saturday'], 'opens': '7:0', 'closes': '22:0'}]","{'@type': 'PostalAddress', 'addressLocality': 'NYC Suburbs', 'addressRegion': 'NY', 'postalCode': '11550', 'addressCountry': 'US', 'streetAddress': '235 S Franklin St'}","{'@type': 'GeoCoordinates', 'latitude': 40.6980753, 'longitude': -73.6229206}",{}
Choopan Grill,https://www.ubereats.com/nyc-suburbs/food-delivery/choopan-grill/xnJCaLmOTvOkLYjwEOiRNQ,carle-place-new-york,"['Afghan', 'Middle Eastern', 'Salads']",5.0,11,$$,40.766403,-73.523471,+15166818818,11801,15 W Marie St,Hicksville,NY,"[{'@type': 'OpeningHoursSpecification', 'dayOfWeek': ['Monday', 'Tuesday', 'Wednesday', 'Thursday', 'Friday', 'Saturday', 'Sunday'], 'opens': '11:15', 'closes': '20:0'}]","{'@type': 'PostalAddress', 'addressLocality': 'Hicksville', 'addressRegion': 'NY', 'postalCode': '11801', 'addressCountry': 'US', 'streetAddress': '15 W Marie St'}","{'@type': 'GeoCoordinates', 'latitude': 40.766403, 'longitude': -73.523471}","{'@type': 'AggregateRating', 'ratingValue': 5, 'reviewCount': '11'}"
Dunkin' (191 Mineola Ave),https://www.ubereats.com/nyc-suburbs/food-delivery/dunkin-191-mineola-ave/hsI2d65bSI-Ri00FdCRpVA,carle-place-new-york,"['Breakfast and Brunch', 'Donuts']",,,$,40.7857176,-73.64945879999999,+15166258788,11577,191 Mineola Ave,Roslyn Heights,NY,"[{'@type': 'OpeningHoursSpecification', 'dayOfWeek': ['Monday', 'Tuesday', 'Wednesday', 'Thursday', 'Friday', 'Saturday', 'Sunday'], 'opens': '5:30', 'closes': '21:30'}]","{'@type': 'PostalAddress', 'addressLocality': 'Roslyn Heights', 'addressRegion': 'NY', 'postalCode': '11577', 'addressCountry': 'US', 'streetAddress': '191 Mineola Ave'}","{'@type': 'GeoCoordinates', 'latitude': 40.7857176, 'longitude': -73.64945879999999}",{}
McDonald's® - Lynbrook (Merrick),https://www.ubereats.com/nyc-suburbs/food-delivery/mcdonalds-lynbrook-merrick/c5JtRi3WSn-sD2SYJtX66Q,carle-place-new-york,"['American', 'Fast Food', 'Burgers']",4.5,205,$,40.658642,-73.66214,+15165935356,11563,121 MERRICK RD,LYNBROOK,NY,"[{'@type': 'OpeningHoursSpecification', 'dayOfWeek': 'Sunday', 'opens': '6:45', 'closes': '11:29'}, {'@type': 'OpeningHoursSpecification', 'dayOfWeek': 'Sunday', 'opens': '11:30', 'closes': '16:59'}, {'@type': 'OpeningHoursSpecification', 'dayOfWeek': 'Sunday', 'opens': '17:0', 'closes': '23:15'}, {'@type': 'OpeningHoursSpecification', 'dayOfWeek': ['Monday', 'Tuesday', 'Wednesday', 'Thursday', 'Friday'], 'opens': '6:45', 'closes': '10:29'}, {'@type': 'OpeningHoursSpecification', 'dayOfWeek': ['Monday', 'Tuesday', 'Wednesday', 'Thursday', 'Friday'], 'opens': '10:30', 'closes': '16:59'}, {'@type': 'OpeningHoursSpecification', 'dayOfWeek': ['Monday', 'Tuesday', 'Wednesday', 'Thursday', 'Friday'], 'opens': '17:0', 'closes': '23:15'}, {'@type': 'OpeningHoursSpecification', 'dayOfWeek': 'Saturday', 'opens': '6:45', 'closes': '10:59'}, {'@type': 'OpeningHoursSpecification', 'dayOfWeek': 'Saturday', 'opens': '11:0', 'closes': '16:59'}, {'@type': 'OpeningHoursSpecification', 'dayOfWeek': 'Saturday', 'opens': '17:0', 'closes': '23:15'}]","{'@type': 'PostalAddress', 'addressLocality': 'LYNBROOK', 'addressRegion': 'NY', 'postalCode': '11563', 'addressCountry': 'US', 'streetAddress': '121 MERRICK RD'}","{'@type': 'GeoCoordinates', 'latitude': 40.658642, 'longitude': -73.66214}","{'@type': 'AggregateRating', 'ratingValue': 4.5, 'reviewCount': '205'}"
Little Lorenzo's,https://www.ubereats.com/nyc-suburbs/food-delivery/little-lorenzos/Al5iZurTTp25XDI0xkFrwg,carle-place-new-york,"['Italian', 'Pasta', 'Comfort Food']",,,$,40.7222904,-73.688547,+15163267400,11001,27 Covert Ave,Floral Park,NY,"[{'@type': 'OpeningHoursSpecification', 'dayOfWeek': 'Sunday', 'opens': '8:30', 'closes': '12:0'}, {'@type': 'OpeningHoursSpecification', 'dayOfWeek': 'Sunday', 'opens': '8:30', 'closes': '12:0'}, {'@type': 'OpeningHoursSpecification', 'dayOfWeek': 'Monday', 'opens': '8:30', 'closes': '15:35'}, {'@type': 'OpeningHoursSpecification', 'dayOfWeek': 'Monday', 'opens': '8:30', 'closes': '15:35'}, {'@type': 'OpeningHoursSpecification', 'dayOfWeek': ['Tuesday', 'Wednesday', 'Thursday', 'Friday'], 'opens': '8:30', 'closes': '17:30'}, {'@type': 'OpeningHoursSpecification', 'dayOfWeek': 'Saturday', 'opens': '8:30', 'closes': '11:0'}, {'@type': 'OpeningHoursSpecification', 'dayOfWeek': 'Saturday', 'opens': '14:0', 'closes': '16:30'}]","{'@type': 'PostalAddress', 'addressLocality': 'Floral Park', 'addressRegion': 'NY', 'postalCode': '11001', 'addressCountry': 'US', 'streetAddress': '27 Covert Ave'}","{'@type': 'GeoCoordinates', 'latitude': 40.7222904, 'longitude': -73.688547}",{}
Dunkin' (247 Greenwich St),https://www.ubereats.com/nyc-suburbs/food-delivery/dunkin-247-greenwich-st/jli6JSMrSPylQ_AMetc1hg,carle-place-new-york,"['Breakfast and Brunch', 'Donuts']",4.0,25,$,40.7004189,-73.6159295,+15164866477,11550,247 Greenwich St,Hempstead,NY,"[{'@type': 'OpeningHoursSpecification', 'dayOfWeek': ['Sunday', 'Monday', 'Tuesday', 'Wednesday', 'Thursday', 'Friday'], 'opens': '5:30', 'closes': '22:30'}, {'@type': 'OpeningHoursSpecification', 'dayOfWeek': 'Saturday', 'opens': '6:30', 'closes': '23:0'}]","{'@type': 'PostalAddress', 'addressLocality': 'Hempstead', 'addressRegion': 'NY', 'postalCode': '11550', 'addressCountry': 'US', 'streetAddress': '247 Greenwich St'}","{'@type': 'GeoCoordinates', 'latitude': 40.7004189, 'longitude': -73.6159295}","{'@type': 'AggregateRating', 'ratingValue': 4, 'reviewCount': '25'}"
Harry’s Health,https://www.ubereats.com/nyc-suburbs/food-delivery/harrys-health/wx3_TjIqS7yHcxmWlsQS8Q,carle-place-new-york,"['Juice & Smoothies', 'Allergy Friendly', 'Healthy']",,,$,40.6679684,-73.6078751,+15167058408,11510,1761 Grand Ave,Baldwin,NY,"[{'@type': 'OpeningHoursSpecification', 'dayOfWeek': ['Monday', 'Tuesday', 'Wednesday', 'Thursday', 'Friday', 'Saturday', 'Sunday'], 'opens': '9:0', 'closes': '20:0'}]","{'@type': 'PostalAddress', 'addressLocality': 'Baldwin', 'addressRegion': 'NY', 'postalCode': '11510', 'addressCountry': 'US', 'streetAddress': '1761 Grand Ave'}","{'@type': 'GeoCoordinates', 'latitude': 40.6679684, 'longitude': -73.6078751}",{}
Burger King (52 Jericho Tpke.),https://www.ubereats.com/nyc-suburbs/food-delivery/burger-king-52-jericho-tpke/GfE3dwSyRFuwkC4kNSaLjw,carle-place-new-york,"['American', 'burger', 'Fast Food']",4.5,123,$,40.7787211,-73.5638817,+15163347203,11753,52,Jericho,NY,"[{'@type': 'OpeningHoursSpecification', 'dayOfWeek': 'Sunday', 'opens': '7:30', 'closes': '10:29'}, {'@type': 'OpeningHoursSpecification', 'dayOfWeek': 'Sunday', 'opens': '10:30', 'closes': '23:30'}, {'@type': 'OpeningHoursSpecification', 'dayOfWeek': 'Sunday', 'opens': '0:0', 'closes': '0:30'}, {'@type': 'OpeningHoursSpecification', 'dayOfWeek': 'Monday', 'opens': '7:30', 'closes': '10:29'}, {'@type': 'OpeningHoursSpecification', 'dayOfWeek': 'Monday', 'opens': '10:30', 'closes': '23:59'}, {'@type': 'OpeningHoursSpecification', 'dayOfWeek': ['Tuesday', 'Wednesday', 'Thursday', 'Friday', 'Saturday'], 'opens': '7:30', 'closes': '10:29'}, {'@type': 'OpeningHoursSpecification', 'dayOfWeek': ['Tuesday', 'Wednesday', 'Thursday', 'Friday', 'Saturday'], 'opens': '0:0', 'closes': '0:30'}, {'@type': 'OpeningHoursSpecification', 'dayOfWeek': ['Tuesday', 'Wednesday', 'Thursday', 'Friday', 'Saturday'], 'opens': '10:30', 'closes': '23:59'}]","{'@type': 'PostalAddress', 'addressLocality': 'Jericho', 'addressRegion': 'NY', 'postalCode': '11753', 'addressCountry': 'US', 'streetAddress': '52'}","{'@type': 'GeoCoordinates', 'latitude': 40.7787211, 'longitude': -73.5638817}","{'@type': 'AggregateRating', 'ratingValue': 4.5, 'reviewCount': '123'}"
Rock A Taco (Rockville Centre),https://www.ubereats.com/nyc-suburbs/food-delivery/rock-a-taco-rockville-centre/Dhgks4wNRHmegG9WPlGzkw,carle-place-new-york,['Mexican'],4.6,101,$,40.656017,-73.645095,+15169920477,11570,280 Merrick Rd,Rockville Centre,New York,"[{'@type': 'OpeningHoursSpecification', 'dayOfWeek': 'Sunday', 'opens': '17:0', 'closes': '21:0'}, {'@type': 'OpeningHoursSpecification', 'dayOfWeek': ['Tuesday', 'Wednesday', 'Thursday'], 'opens': '17:0', 'closes': '21:0'}, {'@type': 'OpeningHoursSpecification', 'dayOfWeek': ['Friday', 'Saturday'], 'opens': '17:0', 'closes': '22:0'}]","{'@type': 'PostalAddress', 'addressLocality': 'Rockville Centre', 'addressRegion': 'New York', 'postalCode': '11570', 'addressCountry': 'US', 'streetAddress': '280 Merrick Rd'}","{'@type': 'GeoCoordinates', 'latitude': 40.656017, 'longitude': -73.645095}","{'@type': 'AggregateRating', 'ratingValue': 4.6, 'reviewCount': '101'}"
Nanking Restaurant - New Hyde Park,https://www.ubereats.com/nyc-suburbs/food-delivery/nanking-restaurant-new-hyde-park/KyXMlJaeRBu7C7KfFnRqWw,carle-place-new-york,"['Chinese', 'Indian', 'Asian', 'Asian Fusion']",4.3,27,$$,40.7511225,-73.6741772,+15163520009,11040,2056 Hillside Ave,New Hyde Park,NY,"[{'@type': 'OpeningHoursSpecification', 'dayOfWeek': 'Sunday', 'opens': '12:0', 'closes': '20:30'}, {'@type': 'OpeningHoursSpecification', 'dayOfWeek': 'Sunday', 'opens': '12:0', 'closes': '22:15'}, {'@type': 'OpeningHoursSpecification', 'dayOfWeek': ['Monday', 'Tuesday', 'Wednesday', 'Thursday'], 'opens': '15:0', 'closes': '20:30'}, {'@type': 'OpeningHoursSpecification', 'dayOfWeek': ['Monday', 'Tuesday', 'Wednesday', 'Thursday'], 'opens': '11:30', 'closes': '22:15'}, {'@type': 'OpeningHoursSpecification', 'dayOfWeek': 'Friday', 'opens': '15:0', 'closes': '21:0'}, {'@type': 'OpeningHoursSpecification', 'dayOfWeek': 'Friday', 'opens': '10:30', 'closes': '22:45'}, {'@type': 'OpeningHoursSpecification', 'dayOfWeek': 'Saturday', 'opens': '15:0', 'closes': '21:0'}, {'@type': 'OpeningHoursSpecification', 'dayOfWeek': 'Saturday', 'opens': '12:0', 'closes': '22:45'}]","{'@type': 'PostalAddress', 'addressLocality': 'New Hyde Park', 'addressRegion': 'NY', 'postalCode': '11040', 'addressCountry': 'US', 'streetAddress': '2056 Hillside Ave'}","{'@type': 'GeoCoordinates', 'latitude': 40.7511225, 'longitude': -73.6741772}","{'@type': 'AggregateRating', 'ratingValue': 4.3, 'reviewCount': '27'}"
Skinny Acai,https://www.ubereats.com/nyc-suburbs/food-delivery/skinny-acai/LBr0iGAkQPGwbSfQCIxZVA,carle-place-new-york,"['Healthy', 'Vegetarian', 'Salads']",,,$,40.7860006,-73.6495508,+15166806180,11577,211 Mineola Avenue,Roslyn Heights,NY,"[{'@type': 'OpeningHoursSpecification', 'dayOfWeek': 'Sunday', 'opens': '12:0', 'closes': '19:30'}, {'@type': 'OpeningHoursSpecification', 'dayOfWeek': ['Monday', 'Tuesday', 'Wednesday', 'Thursday', 'Friday'], 'opens': '9:0', 'closes': '20:30'}, {'@type': 'OpeningHoursSpecification', 'dayOfWeek': 'Saturday', 'opens': '11:0', 'closes': '20:30'}]","{'@type': 'PostalAddress', 'addressLocality': 'Roslyn Heights', 'addressRegion': 'NY', 'postalCode': '11577', 'addressCountry': 'US', 'streetAddress': '211 Mineola Avenue'}","{'@type': 'GeoCoordinates', 'latitude': 40.7860006, 'longitude': -73.6495508}",{}
,https://www.ubereats.com/nyc-suburbs/food-delivery/starbucks-254-21-horace-harding-expressway/r7XMGN6xSZiIAqCKfyuTAQ,carle-place-new-york,,,,,,,,,,,,,,,
Dunkin' (475 Hempstead Tpke),https://www.ubereats.com/nyc-suburbs/food-delivery/dunkin-475-hempstead-tpke/mGP4FE5BRnaKTr8TaIfoig,carle-place-new-york,"['Breakfast and Brunch', 'Donuts']",,,$,40.7052672,-73.6567213,+15165051828,11552,475 Hempstead Tpke,West Hempstead,NY,"[{'@type': 'OpeningHoursSpecification', 'dayOfWeek': ['Monday', 'Tuesday', 'Wednesday', 'Thursday', 'Friday', 'Saturday', 'Sunday'], 'opens': '6:30', 'closes': '14:30'}]","{'@type': 'PostalAddress', 'addressLocality': 'West Hempstead', 'addressRegion': 'NY', 'postalCode': '11552', 'addressCountry': 'US', 'streetAddress': '475 Hempstead Tpke'}","{'@type': 'GeoCoordinates', 'latitude': 40.7052672, 'longitude': -73.6567213}",{}
Umberto's Pizzeria and Restaurant,https://www.ubereats.com/nyc-suburbs/food-delivery/umbertos-pizzeria-and-restaurant/FjzHuG0KQdyJ6DNK1u27Pg,carle-place-new-york,"['Italian', 'Pasta', 'Comfort Food']",,,$,40.7859174,-73.4746025,+15164334999,11803,64 Manetto Hill Mall,Plainview,NY,"[{'@type': 'OpeningHoursSpecification', 'dayOfWeek': 'Sunday', 'opens': '12:0', 'closes': '21:0'}, {'@type': 'OpeningHoursSpecification', 'dayOfWeek': ['Monday', 'Tuesday', 'Wednesday', 'Thursday', 'Friday', 'Saturday'], 'opens': '11:0', 'closes': '21:0'}]","{'@type': 'PostalAddress', 'addressLocality': 'Plainview', 'addressRegion': 'NY', 'postalCode': '11803', 'addressCountry': 'US', 'streetAddress': '64 Manetto Hill Mall'}","{'@type': 'GeoCoordinates', 'latitude': 40.7859174, 'longitude': -73.4746025}",{}
Tipico Sazon - Uniondale,https://www.ubereats.com/nyc-suburbs/food-delivery/tipico-sazon-uniondale/zcaTOTVTSqq13FnCmg44Fw,carle-place-new-york,"['Salvadorian', 'Latin American', 'Comfort Food']",,,$$,40.688621,-73.595755,+15162469996,11553,925 Nassau Rd,Uniondale,New York,"[{'@type': 'OpeningHoursSpecification', 'dayOfWeek': ['Monday', 'Tuesday', 'Wednesday', 'Thursday', 'Friday', 'Saturday', 'Sunday'], 'opens': '10:0', 'closes': '23:0'}]","{'@type': 'PostalAddress', 'addressLocality': 'Uniondale', 'addressRegion': 'New York', 'postalCode': '11553', 'addressCountry': 'US', 'streetAddress': '925 Nassau Rd'}","{'@type': 'GeoCoordinates', 'latitude': 40.688621, 'longitude': -73.595755}",{}
Allegro Italian-Mexican Food,https://www.ubereats.com/nyc-suburbs/food-delivery/allegro-italian-mexican-food/3gyMTRjvSeGDaHqDRiGVTA,carle-place-new-york,"['Mexican', 'Italian', 'Pasta', 'Pizza', 'Seafood']",,,$,40.6570723,-73.6086382,+15165442800,11510,771 Brooklyn Avenue,Baldwin,NY,"[{'@type': 'OpeningHoursSpecification', 'dayOfWeek': 'Sunday', 'opens': '12:0', 'closes': '22:0'}, {'@type': 'OpeningHoursSpecification', 'dayOfWeek': ['Monday', 'Tuesday', 'Wednesday', 'Thursday', 'Friday'], 'opens': '11:0', 'closes': '22:0'}, {'@type': 'OpeningHoursSpecification', 'dayOfWeek': 'Saturday', 'opens': '11:0', 'closes': '23:0'}]","{'@type': 'PostalAddress', 'addressLocality': 'Baldwin', 'addressRegion': 'NY', 'postalCode': '11510', 'addressCountry': 'US', 'streetAddress': '771 Brooklyn Avenue'}","{'@type': 'GeoCoordinates', 'latitude': 40.6570723, 'longitude': -73.6086382}",{}
Buffalo Wild Wings (737 Merrick Ave),https://www.ubereats.com/nyc-suburbs/food-delivery/buffalo-wild-wings-737-merrick-ave/R8oxePhxQxyVQPqTuEMaIA,carle-place-new-york,"['wings', 'American', 'Chicken']",4.3,101,$$,40.7419727,-73.58623519999999,+15167949453,11590,737 Merrick Ave,Westbury,NY,"[{'@type': 'OpeningHoursSpecification', 'dayOfWeek': ['Sunday', 'Monday'], 'opens': '11:0', 'closes': '21:40'}, {'@type': 'OpeningHoursSpecification', 'dayOfWeek': ['Tuesday', 'Wednesday', 'Thursday', 'Friday', 'Saturday'], 'opens': '11:0', 'closes': '22:30'}]","{'@type': 'PostalAddress', 'addressLocality': 'Westbury', 'addressRegion': 'NY', 'postalCode': '11590', 'addressCountry': 'US', 'streetAddress': '737 Merrick Ave'}","{'@type': 'GeoCoordinates', 'latitude': 40.7419727, 'longitude': -73.58623519999999}","{'@type': 'AggregateRating', 'ratingValue': 4.3, 'reviewCount': '101'}"
Little Gyro Kitchen,https://www.ubereats.com/nyc-suburbs/food-delivery/little-gyro-kitchen/2KMm4M1dRnGiI1CuiUFf7Q,carle-place-new-york,"['Mediterranean', 'Greek', 'Vegetarian']",5.0,21,$,40.7429816,-73.53647529999999,+15165957558,11756,705 N Newbridge Road,Levittown,New York,"[{'@type': 'OpeningHoursSpecification', 'dayOfWeek': ['Sunday', 'Monday', 'Tuesday', 'Wednesday', 'Thursday'], 'opens': '11:0', 'closes': '21:0'}, {'@type': 'OpeningHoursSpecification', 'dayOfWeek': ['Friday', 'Saturday'], 'opens': '11:0', 'closes': '22:0'}]","{'@type': 'PostalAddress', 'addressLocality': 'Levittown', 'addressRegion': 'New York', 'postalCode': '11756', 'addressCountry': 'US', 'streetAddress': '705 N Newbridge Road'}","{'@type': 'GeoCoordinates', 'latitude': 40.7429816, 'longitude': -73.53647529999999}","{'@type': 'AggregateRating', 'ratingValue': 5, 'reviewCount': '21'}"
Bubble Hut,https://www.ubereats.com/nyc-suburbs/food-delivery/bubble-hut/T0hpfNKRTyiaCZr0OZlB0w,carle-place-new-york,"['Sushi', 'Asian', 'Japanese']",4.6,287,$,40.7010745,-73.5515274,+15163084987,11710,2026 N. Jerusalem Rd.,Bellmore,NY,"[{'@type': 'OpeningHoursSpecification', 'dayOfWeek': 'Sunday', 'opens': '12:30', 'closes': '21:0'}, {'@type': 'OpeningHoursSpecification', 'dayOfWeek': 'Monday', 'opens': '17:0', 'closes': '21:0'}, {'@type': 'OpeningHoursSpecification', 'dayOfWeek': ['Wednesday', 'Thursday', 'Friday'], 'opens': '12:0', 'closes': '21:0'}, {'@type': 'OpeningHoursSpecification', 'dayOfWeek': 'Saturday', 'opens': '11:30', 'closes': '21:0'}]","{'@type': 'PostalAddress', 'addressLocality': 'Bellmore', 'addressRegion': 'NY', 'postalCode': '11710', 'addressCountry': 'US', 'streetAddress': '2026 N. Jerusalem Rd.'}","{'@type': 'GeoCoordinates', 'latitude': 40.7010745, 'longitude': -73.5515274}","{'@type': 'AggregateRating', 'ratingValue': 4.6, 'reviewCount': '287'}"
Barefoot Peddler,https://www.ubereats.com/nyc-suburbs/food-delivery/barefoot-peddler/GZOPvoQhRyuUiLHtO4bVGQ,carle-place-new-york,"['American', 'Seafood', 'Desserts']",4.7,57,$$,40.810663,-73.628421,+15166214840,11548,37 Glen Cove Rd,Greenvale,NY,"[{'@type': 'OpeningHoursSpecification', 'dayOfWeek': ['Monday', 'Tuesday', 'Wednesday', 'Thursday', 'Friday', 'Saturday', 'Sunday'], 'opens': '0:0', 'closes': '20:30'}]","{'@type': 'PostalAddress', 'addressLocality': 'Greenvale', 'addressRegion': 'NY', 'postalCode': '11548', 'addressCountry': 'US', 'streetAddress': '37 Glen Cove Rd'}","{'@type': 'GeoCoordinates', 'latitude': 40.810663, 'longitude': -73.628421}","{'@type': 'AggregateRating', 'ratingValue': 4.7, 'reviewCount': '57'}"
16 Handles - 3 Nassau Blvd,https://www.ubereats.com/nyc-suburbs/food-delivery/16-handles-3-nassau-blvd/3JSc42f9QdKLHEM6Dk8ETg,carle-place-new-york,"['Desserts', 'Ice Cream and Frozen Yogurt', 'Juice and Smoothies']",,,$,40.717304899999995,-73.66092739999999,+15165009440,11530,3 Nassau Blvd,Garden City,NY,"[{'@type': 'OpeningHoursSpecification', 'dayOfWeek': ['Sunday', 'Monday', 'Tuesday'], 'opens': '14:0', 'closes': '21:0'}, {'@type': 'OpeningHoursSpecification', 'dayOfWeek': 'Wednesday', 'opens': '14:0', 'closes': '19:0'}, {'@type': 'OpeningHoursSpecification', 'dayOfWeek': ['Thursday', 'Friday', 'Saturday'], 'opens': '14:0', 'closes': '21:0'}]","{'@type': 'PostalAddress', 'addressLocality': 'Garden City', 'addressRegion': 'NY', 'postalCode': '11530', 'addressCountry': 'US', 'streetAddress': '3 Nassau Blvd'}","{'@type': 'GeoCoordinates', 'latitude': 40.717304899999995, 'longitude': -73.66092739999999}",{}
Cabo,https://www.ubereats.com/nyc-suburbs/food-delivery/cabo/jlRlzTW1QA-NnFsFWBEy7A,carle-place-new-york,"['Mexican', 'New Mexican']",4.4,24,$$,40.6563732,-73.6450977,+15162550065,,,,,"[{'@type': 'OpeningHoursSpecification', 'dayOfWeek': 'Sunday', 'opens': '14:0', 'closes': '20:30'}, {'@type': 'OpeningHoursSpecification', 'dayOfWeek': ['Tuesday', 'Wednesday', 'Thursday', 'Friday', 'Saturday'], 'opens': '14:0', 'closes': '20:30'}]",,"{'@type': 'GeoCoordinates', 'latitude': 40.6563732, 'longitude': -73.6450977}","{'@type': 'AggregateRating', 'ratingValue': 4.4, 'reviewCount': '24'}"
The Hot Italian,https://www.ubereats.com/nyc-suburbs/food-delivery/the-hot-italian/qJBRiCR-R4iYiS9W1D5fgA,carle-place-new-york,"['Italian', 'Pasta', 'Comfort Food']",4.7,11,$,40.7222904,-73.688547,+15163267400,11001,27 Covert Avenue,Floral Park,NY,"[{'@type': 'OpeningHoursSpecification', 'dayOfWeek': 'Sunday', 'opens': '8:30', 'closes': '12:0'}, {'@type': 'OpeningHoursSpecification', 'dayOfWeek': 'Monday', 'opens': '8:30', 'closes': '15:35'}, {'@type': 'OpeningHoursSpecification', 'dayOfWeek': ['Tuesday', 'Wednesday', 'Thursday', 'Friday'], 'opens': '8:30', 'closes': '17:30'}, {'@type': 'OpeningHoursSpecification', 'dayOfWeek': 'Saturday', 'opens': '8:30', 'closes': '11:0'}, {'@type': 'OpeningHoursSpecification', 'dayOfWeek': 'Saturday', 'opens': '14:0', 'closes': '16:30'}]","{'@type': 'PostalAddress', 'addressLocality': 'Floral Park', 'addressRegion': 'NY', 'postalCode': '11001', 'addressCountry': 'US', 'streetAddress': '27 Covert Avenue'}","{'@type': 'GeoCoordinates', 'latitude': 40.7222904, 'longitude': -73.688547}","{'@type': 'AggregateRating', 'ratingValue': 4.7, 'reviewCount': '11'}"
Tropical Smoothie Cafe (55 Old Country Rd),https://www.ubereats.com/nyc-suburbs/food-delivery/tropical-smoothie-cafe-55-old-country-rd/-k4i5x2zQxOksJV_HmzfWw,carle-place-new-york,"['Juice and Smoothies', 'Healthy', 'Sandwich']",4.4,136,$,40.7424694,-73.6200982,+15164140989,11514,55 Old Country Rd,Carle Place,NY,"[{'@type': 'OpeningHoursSpecification', 'dayOfWeek': 'Sunday', 'opens': '9:0', 'closes': '18:30'}, {'@type': 'OpeningHoursSpecification', 'dayOfWeek': ['Monday', 'Tuesday', 'Wednesday', 'Thursday', 'Friday', 'Saturday'], 'opens': '8:0', 'closes': '19:30'}]","{'@type': 'PostalAddress', 'addressLocality': 'Carle Place', 'addressRegion': 'NY', 'postalCode': '11514', 'addressCountry': 'US', 'streetAddress': '55 Old Country Rd'}","{'@type': 'GeoCoordinates', 'latitude': 40.7424694, 'longitude': -73.6200982}","{'@type': 'AggregateRating', 'ratingValue': 4.4, 'reviewCount': '136'}"
LA NUEVA ESPINAL DELI CORP.,https://www.ubereats.com/nyc-suburbs/food-delivery/la-nueva-espinal-deli-corp/BVwITpxKQiWjmOPRQoj93A,carle-place-new-york,"['Sandwich', 'Burgers', 'Coffee and Tea']",,,$$,40.7148705,-73.62752019999999,+15164856226,11550,240 Main St,Hempstead,NY,"[{'@type': 'OpeningHoursSpecification', 'dayOfWeek': ['Monday', 'Tuesday', 'Wednesday', 'Thursday', 'Friday', 'Saturday', 'Sunday'], 'opens': '6:0', 'closes': '22:0'}]","{'@type': 'PostalAddress', 'addressLocality': 'Hempstead', 'addressRegion': 'NY', 'postalCode': '11550', 'addressCountry': 'US', 'streetAddress': '240 Main St'}","{'@type': 'GeoCoordinates', 'latitude': 40.7148705, 'longitude': -73.62752019999999}",{}
3 Brothers of RVC,https://www.ubereats.com/nyc-suburbs/food-delivery/3-brothers-of-rvc/udXLfxBvSKikrhxnZP88AQ,carle-place-new-york,"['Italian', 'Pizza']",4.6,500,$$,40.656272,-73.644755,+15164427733,11570,285 Merrick Rd,Rockville Centre,NY,"[{'@type': 'OpeningHoursSpecification', 'dayOfWeek': ['Sunday', 'Monday', 'Tuesday', 'Wednesday', 'Thursday'], 'opens': '11:0', 'closes': '21:55'}, {'@type': 'OpeningHoursSpecification', 'dayOfWeek': ['Sunday', 'Monday', 'Tuesday', 'Wednesday', 'Thursday'], 'opens': '11:0', 'closes': '21:55'}, {'@type': 'OpeningHoursSpecification', 'dayOfWeek': ['Friday', 'Saturday'], 'opens': '11:0', 'closes': '23:59'}, {'@type': 'OpeningHoursSpecification', 'dayOfWeek': ['Friday', 'Saturday'], 'opens': '11:0', 'closes': '23:59'}]","{'@type': 'PostalAddress', 'addressLocality': 'Rockville Centre', 'addressRegion': 'NY', 'postalCode': '11570', 'addressCountry': 'US', 'streetAddress': '285 Merrick Rd'}","{'@type': 'GeoCoordinates', 'latitude': 40.656272, 'longitude': -73.644755}","{'@type': 'AggregateRating', 'ratingValue': 4.6, 'reviewCount': '500'}"
Friendly's (150 Jericho Tpke),https://www.ubereats.com/nyc-suburbs/food-delivery/friendlys-150-jericho-tpke/BFumdNvFTlKLRCHNAi0ttw,carle-place-new-york,"['American', 'Family Meals', 'Kids Friendly', 'Burgers', 'Ice Cream and Frozen Yogurt', 'Desserts']",4.4,120,$,40.8097117,-73.5108661,+15169210581,11791,150 Jericho Turnpike,Syosset,New York,"[{'@type': 'OpeningHoursSpecification', 'dayOfWeek': ['Sunday', 'Monday', 'Tuesday', 'Wednesday', 'Thursday'], 'opens': '11:0', 'closes': '22:30'}, {'@type': 'OpeningHoursSpecification', 'dayOfWeek': ['Friday', 'Saturday'], 'opens': '11:0', 'closes': '23:29'}]","{'@type': 'PostalAddress', 'addressLocality': 'Syosset', 'addressRegion': 'New York', 'postalCode': '11791', 'addressCountry': 'US', 'streetAddress': '150 Jericho Turnpike'}","{'@type': 'GeoCoordinates', 'latitude': 40.8097117, 'longitude': -73.5108661}","{'@type': 'AggregateRating', 'ratingValue': 4.4, 'reviewCount': '120'}"
Greek Town,https://www.ubereats.com/nyc-suburbs/food-delivery/greek-town/_48sLL0sQm60h7WkDMqOYw,carle-place-new-york,"['Mediterranean', 'Greek', 'Vegetarian']",4.7,140,$,40.6596471,-73.64830909999999,+15166784550,11570,90 N Village Ave,Rockville Centre,NY,"[{'@type': 'OpeningHoursSpecification', 'dayOfWeek': 'Sunday', 'opens': '11:0', 'closes': '20:30'}, {'@type': 'OpeningHoursSpecification', 'dayOfWeek': ['Monday', 'Tuesday', 'Wednesday', 'Thursday', 'Friday', 'Saturday'], 'opens': '11:0', 'closes': '21:0'}]","{'@type': 'PostalAddress', 'addressLocality': 'Rockville Centre', 'addressRegion': 'NY', 'postalCode': '11570', 'addressCountry': 'US', 'streetAddress': '90 N Village Ave'}","{'@type': 'GeoCoordinates', 'latitude': 40.6596471, 'longitude': -73.64830909999999}","{'@type': 'AggregateRating', 'ratingValue': 4.7, 'reviewCount': '140'}"
The Bowery,https://www.ubereats.com/nyc-suburbs/food-delivery/the-bowery/hGvW5gGpSvSmyg8ql1qDpA,carle-place-new-york,"['American', 'Comfort Food']",,,$$,40.656974,-73.643093,+15164939023,11570,300 Sunrise Hwy,Rockville Centre,New York,"[{'@type': 'OpeningHoursSpecification', 'dayOfWeek': ['Sunday', 'Monday', 'Tuesday', 'Wednesday'], 'opens': '16:0', 'closes': '21:30'}, {'@type': 'OpeningHoursSpecification', 'dayOfWeek': ['Thursday', 'Friday'], 'opens': '12:0', 'closes': '22:30'}, {'@type': 'OpeningHoursSpecification', 'dayOfWeek': 'Saturday', 'opens': '16:0', 'closes': '22:30'}]","{'@type': 'PostalAddress', 'addressLocality': 'Rockville Centre', 'addressRegion': 'New York', 'postalCode': '11570', 'addressCountry': 'US', 'streetAddress': '300 Sunrise Hwy'}","{'@type': 'GeoCoordinates', 'latitude': 40.656974, 'longitude': -73.643093}",{}
Fyhre Hibachi,https://www.ubereats.com/nyc-suburbs/food-delivery/fyhre-hibachi/Ds_PY8tPQnudtrdBsqkAxw,carle-place-new-york,"['Asian', 'Japanese', 'Sushi']",4.6,85,$$,40.746419,-73.619711,+15165067571,11514,246 Voice Rd,Carle Place,NY,"[{'@type': 'OpeningHoursSpecification', 'dayOfWeek': ['Monday', 'Tuesday', 'Wednesday', 'Thursday', 'Friday', 'Saturday', 'Sunday'], 'opens': '13:0', 'closes': '21:0'}]","{'@type': 'PostalAddress', 'addressLocality': 'Carle Place', 'addressRegion': 'NY', 'postalCode': '11514', 'addressCountry': 'US', 'streetAddress': '246 Voice Rd'}","{'@type': 'GeoCoordinates', 'latitude': 40.746419, 'longitude': -73.619711}","{'@type': 'AggregateRating', 'ratingValue': 4.6, 'reviewCount': '85'}"
JJ Bagel and Deli,https://www.ubereats.com/nyc-suburbs/food-delivery/jj-bagel-and-deli/SvkUptzBSjis2ZwaIyHFLA,carle-place-new-york,"['Sandwiches', 'American', 'Healthy']",,,$,40.7471066,-73.6170301,+15167465000,11514,209 Glen Cove Road,Carle Place,NY,"[{'@type': 'OpeningHoursSpecification', 'dayOfWeek': ['Monday', 'Tuesday', 'Wednesday', 'Thursday', 'Friday', 'Saturday'], 'opens': '6:0', 'closes': '14:0'}]","{'@type': 'PostalAddress', 'addressLocality': 'Carle Place', 'addressRegion': 'NY', 'postalCode': '11514', 'addressCountry': 'US', 'streetAddress': '209 Glen Cove Road'}","{'@type': 'GeoCoordinates', 'latitude': 40.7471066, 'longitude': -73.6170301}",{}
Dunkin' (1766 Merrick Ave N),https://www.ubereats.com/nyc-suburbs/food-delivery/dunkin-1766-merrick-ave-n/9XgAcb2yS9-mCnoFpIOd1w,carle-place-new-york,"['Breakfast and Brunch', 'Donuts']",,,$,40.6761888,-73.5573076,+15163773827,11566,1766,Merrick,NY,"[{'@type': 'OpeningHoursSpecification', 'dayOfWeek': ['Monday', 'Tuesday', 'Wednesday', 'Thursday', 'Friday', 'Saturday', 'Sunday'], 'opens': '6:0', 'closes': '18:0'}]","{'@type': 'PostalAddress', 'addressLocality': 'Merrick', 'addressRegion': 'NY', 'postalCode': '11566', 'addressCountry': 'US', 'streetAddress': '1766'}","{'@type': 'GeoCoordinates', 'latitude': 40.6761888, 'longitude': -73.5573076}",{}
The Bagel Shop & Deli,https://www.ubereats.com/nyc-suburbs/food-delivery/the-bagel-shop-%26-deli/54PNLYqPRA25jQrpKWrIlg,carle-place-new-york,"['American', 'Breakfast and Brunch', 'Desserts']",,,$,40.7562733,-73.5560383,+19174399200,11590,"1075 Old Country Rd, Westbury",New York,NY,"[{'@type': 'OpeningHoursSpecification', 'dayOfWeek': 'Sunday', 'opens': '5:0', 'closes': '13:30'}, {'@type': 'OpeningHoursSpecification', 'dayOfWeek': 'Sunday', 'opens': '5:0', 'closes': '15:0'}, {'@type': 'OpeningHoursSpecification', 'dayOfWeek': 'Sunday', 'opens': '6:0', 'closes': '15:0'}, {'@type': 'OpeningHoursSpecification', 'dayOfWeek': ['Monday', 'Tuesday', 'Wednesday', 'Thursday', 'Friday', 'Saturday'], 'opens': '5:0', 'closes': '13:30'}, {'@type': 'OpeningHoursSpecification', 'dayOfWeek': ['Monday', 'Tuesday', 'Wednesday', 'Thursday', 'Friday', 'Saturday'], 'opens': '5:0', 'closes': '16:0'}]","{'@type': 'PostalAddress', 'addressLocality': 'New York', 'addressRegion': 'NY', 'postalCode': '11590', 'addressCountry': 'US', 'streetAddress': '1075 Old Country Rd, Westbury'}","{'@type': 'GeoCoordinates', 'latitude': 40.7562733, 'longitude': -73.5560383}",{}
Tim Horton's (2 Old Country Road),https://www.ubereats.com/nyc-suburbs/food-delivery/tim-hortons-2-old-country-road/SKX9AxU5Tj-gDYKJBEy2qA,carle-place-new-york,"['Bakery', 'Cafe', 'Donuts']",,,$$,40.7470022,-73.5924458,+15168328181,11590,2 Old Country Road,Westbury,NY,"[{'@type': 'OpeningHoursSpecification', 'dayOfWeek': ['Monday', 'Tuesday', 'Wednesday', 'Thursday', 'Friday', 'Saturday', 'Sunday'], 'opens': '6:0', 'closes': '11:0'}, {'@type': 'OpeningHoursSpecification', 'dayOfWeek': ['Monday', 'Tuesday', 'Wednesday', 'Thursday', 'Friday', 'Saturday', 'Sunday'], 'opens': '11:0', 'closes': '21:0'}]","{'@type': 'PostalAddress', 'addressLocality': 'Westbury', 'addressRegion': 'NY', 'postalCode': '11590', 'addressCountry': 'US', 'streetAddress': '2 Old Country Road'}","{'@type': 'GeoCoordinates', 'latitude': 40.7470022, 'longitude': -73.5924458}",{}
Roast Sandwich House -  Mineola,https://www.ubereats.com/nyc-suburbs/food-delivery/roast-sandwich-house-mineola/1sFSrLCbTO-6z7y6MCLC1Q,carle-place-new-york,"['Sandwiches', 'American', 'Healthy']",4.5,14,$,40.7420338,-73.63854909999999,+15167470717,11501,100 Main St,Mineola,New York,"[{'@type': 'OpeningHoursSpecification', 'dayOfWeek': ['Monday', 'Tuesday', 'Wednesday', 'Thursday', 'Friday', 'Saturday'], 'opens': '10:0', 'closes': '15:0'}]","{'@type': 'PostalAddress', 'addressLocality': 'Mineola', 'addressRegion': 'New York', 'postalCode': '11501', 'addressCountry': 'US', 'streetAddress': '100 Main St'}","{'@type': 'GeoCoordinates', 'latitude': 40.7420338, 'longitude': -73.63854909999999}","{'@type': 'AggregateRating', 'ratingValue': 4.5, 'reviewCount': '14'}"
Fuego Picante,https://www.ubereats.com/nyc-suburbs/food-delivery/fuego-picante/YRPXyCgAT9S-Rpxj9G1jRg,carle-place-new-york,"['Mexican', 'Latin American', 'New Mexican']",,,$,40.7095321,-73.597437,+15163854242,11553,913 Front St,Uniondale,NY,"[{'@type': 'OpeningHoursSpecification', 'dayOfWeek': ['Monday', 'Tuesday', 'Wednesday', 'Thursday', 'Friday', 'Saturday', 'Sunday'], 'opens': '9:0', 'closes': '20:0'}]","{'@type': 'PostalAddress', 'addressLocality': 'Uniondale', 'addressRegion': 'NY', 'postalCode': '11553', 'addressCountry': 'US', 'streetAddress': '913 Front St'}","{'@type': 'GeoCoordinates', 'latitude': 40.7095321, 'longitude': -73.597437}",{}
Smashburger (1608 Marcus Ave.),https://www.ubereats.com/nyc-suburbs/food-delivery/smashburger-1608-marcus-ave/giL8vkbZQYW6ImfnAIz9YQ,carle-place-new-york,"['American', 'Burgers']",4.5,477,$$,40.7541457,-73.6865392,+15162331844,11040,1608 Marcus Ave.,New Hyde Park,NY,"[{'@type': 'OpeningHoursSpecification', 'dayOfWeek': ['Sunday', 'Monday', 'Tuesday', 'Wednesday'], 'opens': '11:0', 'closes': '22:0'}, {'@type': 'OpeningHoursSpecification', 'dayOfWeek': ['Friday', 'Saturday'], 'opens': '11:0', 'closes': '22:0'}]","{'@type': 'PostalAddress', 'addressLocality': 'New Hyde Park', 'addressRegion': 'NY', 'postalCode': '11040', 'addressCountry': 'US', 'streetAddress': '1608 Marcus Ave.'}","{'@type': 'GeoCoordinates', 'latitude': 40.7541457, 'longitude': -73.6865392}","{'@type': 'AggregateRating', 'ratingValue': 4.5, 'reviewCount': '477'}"
Mim's Restaurant,https://www.ubereats.com/nyc-suburbs/food-delivery/mims-restaurant/dwfmpq9ESDqXYZPsCHhTjQ,carle-place-new-york,"['New American', 'Salads', 'Burgers', 'Desserts']",4.5,32,$$,40.786826,-73.63988,+15166257305,11577,235 Roslyn Rd,Roslyn Heights,NY,"[{'@type': 'OpeningHoursSpecification', 'dayOfWeek': 'Sunday', 'opens': '16:0', 'closes': '20:0'}, {'@type': 'OpeningHoursSpecification', 'dayOfWeek': ['Tuesday', 'Wednesday', 'Thursday', 'Friday', 'Saturday'], 'opens': '16:0', 'closes': '20:0'}]","{'@type': 'PostalAddress', 'addressLocality': 'Roslyn Heights', 'addressRegion': 'NY', 'postalCode': '11577', 'addressCountry': 'US', 'streetAddress': '235 Roslyn Rd'}","{'@type': 'GeoCoordinates', 'latitude': 40.786826, 'longitude': -73.63988}","{'@type': 'AggregateRating', 'ratingValue': 4.5, 'reviewCount': '32'}"
Dunkin' (662 Dogwood Ave),https://www.ubereats.com/nyc-suburbs/food-delivery/dunkin-662-dogwood-ave/GOIp8aJ0TrKFggGoIn3h0A,carle-place-new-york,"['Breakfast and Brunch', 'Donuts']",4.4,16,$,40.6891119,-73.668475,+15164814900,11010,662 Dogwood Ave,Franklin Square,NY,"[{'@type': 'OpeningHoursSpecification', 'dayOfWeek': ['Monday', 'Tuesday', 'Wednesday', 'Thursday', 'Friday', 'Saturday', 'Sunday'], 'opens': '6:0', 'closes': '21:45'}]","{'@type': 'PostalAddress', 'addressLocality': 'Franklin Square', 'addressRegion': 'NY', 'postalCode': '11010', 'addressCountry': 'US', 'streetAddress': '662 Dogwood Ave'}","{'@type': 'GeoCoordinates', 'latitude': 40.6891119, 'longitude': -73.668475}","{'@type': 'AggregateRating', 'ratingValue': 4.4, 'reviewCount': '16'}"
Johns Chicken & Burger,https://www.ubereats.com/nyc-suburbs/food-delivery/johns-chicken-%26-burger/B-aYUsqoT0uIWXIVnWcNwA,carle-place-new-york,['Halal'],,,$,40.753848,-73.541738,+15163961473,11801,145 Levittown Pkwy,Hicksville,New York,"[{'@type': 'OpeningHoursSpecification', 'dayOfWeek': ['Monday', 'Tuesday', 'Wednesday', 'Thursday', 'Friday', 'Saturday', 'Sunday'], 'opens': '10:0', 'closes': '23:30'}]","{'@type': 'PostalAddress', 'addressLocality': 'Hicksville', 'addressRegion': 'New York', 'postalCode': '11801', 'addressCountry': 'US', 'streetAddress': '145 Levittown Pkwy'}","{'@type': 'GeoCoordinates', 'latitude': 40.753848, 'longitude': -73.541738}",{}
Food for Thought,https://www.ubereats.com/nyc-suburbs/food-delivery/food-for-thought/aLcF-HzmRPeUjkZtImSV7A,carle-place-new-york,"['Healthy', 'Salads', 'Juice and Smoothies', 'Breakfast and Brunch', 'Rice-bowls', 'Sandwich']",4.7,248,$$,40.7248482,-73.6352158,+15167475811,11530,154 7th St,Garden City,New York,"[{'@type': 'OpeningHoursSpecification', 'dayOfWeek': 'Sunday', 'opens': '8:30', 'closes': '16:30'}, {'@type': 'OpeningHoursSpecification', 'dayOfWeek': 'Sunday', 'opens': '9:30', 'closes': '16:30'}, {'@type': 'OpeningHoursSpecification', 'dayOfWeek': ['Monday', 'Tuesday', 'Wednesday', 'Thursday', 'Friday', 'Saturday'], 'opens': '7:30', 'closes': '19:30'}, {'@type': 'OpeningHoursSpecification', 'dayOfWeek': ['Monday', 'Tuesday', 'Wednesday', 'Thursday', 'Friday', 'Saturday'], 'opens': '8:30', 'closes': '19:30'}]","{'@type': 'PostalAddress', 'addressLocality': 'Garden City', 'addressRegion': 'New York', 'postalCode': '11530', 'addressCountry': 'US', 'streetAddress': '154 7th St'}","{'@type': 'GeoCoordinates', 'latitude': 40.7248482, 'longitude': -73.6352158}","{'@type': 'AggregateRating', 'ratingValue': 4.7, 'reviewCount': '248'}"
Marzullo  pastry shoppe &cafe,https://www.ubereats.com/nyc-suburbs/food-delivery/marzullo-pastry-shoppe-%26cafe/s4XzsKvSQv-qbO41hWEvRg,carle-place-new-york,"['American', 'Bakery', 'Pastry']",4.7,112,$,40.747532,-73.685631,+15168590044,11040,1586 Hillside Avenue,New Hyde Park,NY,"[{'@type': 'OpeningHoursSpecification', 'dayOfWeek': ['Monday', 'Tuesday', 'Wednesday', 'Thursday', 'Friday', 'Saturday', 'Sunday'], 'opens': '6:30', 'closes': '18:0'}]","{'@type': 'PostalAddress', 'addressLocality': 'New Hyde Park', 'addressRegion': 'NY', 'postalCode': '11040', 'addressCountry': 'US', 'streetAddress': '1586 Hillside Avenue'}","{'@type': 'GeoCoordinates', 'latitude': 40.747532, 'longitude': -73.685631}","{'@type': 'AggregateRating', 'ratingValue': 4.7, 'reviewCount': '112'}"
Crabtree's Restaurant,https://www.ubereats.com/nyc-suburbs/food-delivery/crabtrees-restaurant/mmc-TjHcRD-JV5W0uxY0Ug,carle-place-new-york,"['Seafood', 'American', 'Southern']",,,$,40.7286646,-73.702479,+15163267769,11001,226 Jericho Turnpike,Floral Park,NY,"[{'@type': 'OpeningHoursSpecification', 'dayOfWeek': 'Sunday', 'opens': '16:0', 'closes': '20:30'}, {'@type': 'OpeningHoursSpecification', 'dayOfWeek': 'Tuesday', 'opens': '16:0', 'closes': '20:0'}, {'@type': 'OpeningHoursSpecification', 'dayOfWeek': ['Wednesday', 'Thursday', 'Friday'], 'opens': '16:0', 'closes': '20:30'}, {'@type': 'OpeningHoursSpecification', 'dayOfWeek': 'Saturday', 'opens': '16:0', 'closes': '20:30'}, {'@type': 'OpeningHoursSpecification', 'dayOfWeek': 'Saturday', 'opens': '16:30', 'closes': '22:0'}]","{'@type': 'PostalAddress', 'addressLocality': 'Floral Park', 'addressRegion': 'NY', 'postalCode': '11001', 'addressCountry': 'US', 'streetAddress': '226 Jericho Turnpike'}","{'@type': 'GeoCoordinates', 'latitude': 40.7286646, 'longitude': -73.702479}",{}
Subway (573 Uniondale Ave),https://www.ubereats.com/nyc-suburbs/food-delivery/subway-573-uniondale-ave/HgWBGctaRryfY1fAxtPBDQ,carle-place-new-york,"['Fast Food', 'Sandwich', 'American']",4.3,47,$,40.700923,-73.592799,+15164811551,11553,573,Uniondale,NY,"[{'@type': 'OpeningHoursSpecification', 'dayOfWeek': 'Sunday', 'opens': '10:0', 'closes': '19:30'}, {'@type': 'OpeningHoursSpecification', 'dayOfWeek': ['Monday', 'Tuesday', 'Wednesday'], 'opens': '10:0', 'closes': '20:0'}, {'@type': 'OpeningHoursSpecification', 'dayOfWeek': ['Thursday', 'Friday', 'Saturday'], 'opens': '10:0', 'closes': '21:0'}]","{'@type': 'PostalAddress', 'addressLocality': 'Uniondale', 'addressRegion': 'NY', 'postalCode': '11553', 'addressCountry': 'US', 'streetAddress': '573'}","{'@type': 'GeoCoordinates', 'latitude': 40.700923, 'longitude': -73.592799}","{'@type': 'AggregateRating', 'ratingValue': 4.3, 'reviewCount': '47'}"
Naz Halal Food (4125 Hempstead Turnpike),https://www.ubereats.com/nyc-suburbs/food-delivery/naz-halal-food-4125-hempstead-turnpike/M6k3mgh_TOed3NNB9E7n_w,carle-place-new-york,"['Halal', 'Chicken', 'Middle Eastern', 'Family Meals']",4.6,223,$,40.7257725,-73.48296839999999,+15166365659,,,,,"[{'@type': 'OpeningHoursSpecification', 'dayOfWeek': 'Sunday', 'opens': '0:0', 'closes': '3:30'}, {'@type': 'OpeningHoursSpecification', 'dayOfWeek': 'Sunday', 'opens': '10:30', 'closes': '23:59'}, {'@type': 'OpeningHoursSpecification', 'dayOfWeek': ['Monday', 'Tuesday', 'Wednesday', 'Thursday', 'Friday'], 'opens': '0:0', 'closes': '1:30'}, {'@type': 'OpeningHoursSpecification', 'dayOfWeek': ['Monday', 'Tuesday', 'Wednesday', 'Thursday', 'Friday'], 'opens': '10:30', 'closes': '23:59'}, {'@type': 'OpeningHoursSpecification', 'dayOfWeek': 'Saturday', 'opens': '0:0', 'closes': '3:30'}, {'@type': 'OpeningHoursSpecification', 'dayOfWeek': 'Saturday', 'opens': '10:30', 'closes': '23:59'}]",,"{'@type': 'GeoCoordinates', 'latitude': 40.7257725, 'longitude': -73.48296839999999}","{'@type': 'AggregateRating', 'ratingValue': 4.6, 'reviewCount': '223'}"
Napolini Express,https://www.ubereats.com/nyc-suburbs/food-delivery/napolini-express/4atkDwsyTYGAgG4zl8smsQ,carle-place-new-york,"['Italian', 'Pasta', 'Comfort Food']",4.7,11,$,40.7219801,-73.6073042,+15165055500,11553,325 Oak St,Uniondale,NY,"[{'@type': 'OpeningHoursSpecification', 'dayOfWeek': 'Sunday', 'opens': '11:30', 'closes': '21:0'}, {'@type': 'OpeningHoursSpecification', 'dayOfWeek': 'Sunday', 'opens': '11:0', 'closes': '17:0'}, {'@type': 'OpeningHoursSpecification', 'dayOfWeek': ['Monday', 'Tuesday', 'Wednesday', 'Thursday', 'Friday', 'Saturday'], 'opens': '11:0', 'closes': '22:0'}, {'@type': 'OpeningHoursSpecification', 'dayOfWeek': ['Monday', 'Tuesday', 'Wednesday', 'Thursday', 'Friday', 'Saturday'], 'opens': '11:0', 'closes': '17:0'}]","{'@type': 'PostalAddress', 'addressLocality': 'Uniondale', 'addressRegion': 'NY', 'postalCode': '11553', 'addressCountry': 'US', 'streetAddress': '325 Oak St'}","{'@type': 'GeoCoordinates', 'latitude': 40.7219801, 'longitude': -73.6073042}","{'@type': 'AggregateRating', 'ratingValue': 4.7, 'reviewCount': '11'}"
Halal-N-Out,https://www.ubereats.com/nyc-suburbs/food-delivery/halal-n-out/nrf0YN6fQeq8KqSairRWpg,carle-place-new-york,"['Mediterranean', 'American', 'Desserts']",4.7,61,$$,40.7431814,-73.6945042,+15165026791,11040,783 Hillside Avenue,New Hyde Park,NY,"[{'@type': 'OpeningHoursSpecification', 'dayOfWeek': ['Sunday', 'Monday', 'Tuesday', 'Wednesday', 'Thursday'], 'opens': '11:0', 'closes': '23:30'}, {'@type': 'OpeningHoursSpecification', 'dayOfWeek': ['Friday', 'Saturday'], 'opens': '11:0', 'closes': '0:30'}]","{'@type': 'PostalAddress', 'addressLocality': 'New Hyde Park', 'addressRegion': 'NY', 'postalCode': '11040', 'addressCountry': 'US', 'streetAddress': '783 Hillside Avenue'}","{'@type': 'GeoCoordinates', 'latitude': 40.7431814, 'longitude': -73.6945042}","{'@type': 'AggregateRating', 'ratingValue': 4.7, 'reviewCount': '61'}"
Fortune happy wok inc,https://www.ubereats.com/nyc-suburbs/food-delivery/fortune-happy-wok-inc/WF3Fb1LYTW68qK_1-CWNHg,carle-place-new-york,"['Chinese: Other', 'Asian', 'Comfort Food']",,,,40.69243,-73.56432,+15164863211,11566,1150 Merrick Avenue,North Merrick,NY,"[{'@type': 'OpeningHoursSpecification', 'dayOfWeek': 'Sunday', 'opens': '12:0', 'closes': '22:0'}, {'@type': 'OpeningHoursSpecification', 'dayOfWeek': ['Tuesday', 'Wednesday', 'Thursday'], 'opens': '11:0', 'closes': '22:0'}, {'@type': 'OpeningHoursSpecification', 'dayOfWeek': ['Friday', 'Saturday'], 'opens': '11:0', 'closes': '22:30'}]","{'@type': 'PostalAddress', 'addressLocality': 'North Merrick', 'addressRegion': 'NY', 'postalCode': '11566', 'addressCountry': 'US', 'streetAddress': '1150 Merrick Avenue'}","{'@type': 'GeoCoordinates', 'latitude': 40.69243, 'longitude': -73.56432}",{}
Yahao Asian Cuisine,https://www.ubereats.com/nyc-suburbs/food-delivery/yahao-asian-cuisine/Qsmb1T8TRHyBjh4OG-B_BQ,carle-place-new-york,"['Japanese', 'Asian', 'Asian Fusion']",4.8,91,$$,40.78783749999999,-73.72760459999999,+15168293811,11021,6 Bond St,Great Neck,NY,"[{'@type': 'OpeningHoursSpecification', 'dayOfWeek': 'Sunday', 'opens': '12:30', 'closes': '21:30'}, {'@type': 'OpeningHoursSpecification', 'dayOfWeek': 'Monday', 'opens': '11:30', 'closes': '15:0'}, {'@type': 'OpeningHoursSpecification', 'dayOfWeek': ['Tuesday', 'Wednesday', 'Thursday'], 'opens': '11:30', 'closes': '21:30'}, {'@type': 'OpeningHoursSpecification', 'dayOfWeek': ['Tuesday', 'Wednesday', 'Thursday'], 'opens': '11:30', 'closes': '15:0'}, {'@type': 'OpeningHoursSpecification', 'dayOfWeek': ['Friday', 'Saturday'], 'opens': '11:30', 'closes': '21:30'}]","{'@type': 'PostalAddress', 'addressLocality': 'Great Neck', 'addressRegion': 'NY', 'postalCode': '11021', 'addressCountry': 'US', 'streetAddress': '6 Bond St'}","{'@type': 'GeoCoordinates', 'latitude': 40.78783749999999, 'longitude': -73.72760459999999}","{'@type': 'AggregateRating', 'ratingValue': 4.8, 'reviewCount': '91'}"
Punta Cana Grill-Bowls and Empanadas,https://www.ubereats.com/nyc-suburbs/food-delivery/punta-cana-grill-bowls-and-empanadas/UKXOC_r4TuWltxaJbEgn1g,carle-place-new-york,"['Dominican', 'Spanish', 'Latin American']",4.6,145,$,40.75476,-73.587732,+15162804099,11590,162 Post Ave,Westbury,NY,"[{'@type': 'OpeningHoursSpecification', 'dayOfWeek': ['Monday', 'Tuesday', 'Wednesday', 'Thursday', 'Friday', 'Saturday'], 'opens': '11:0', 'closes': '20:30'}]","{'@type': 'PostalAddress', 'addressLocality': 'Westbury', 'addressRegion': 'NY', 'postalCode': '11590', 'addressCountry': 'US', 'streetAddress': '162 Post Ave'}","{'@type': 'GeoCoordinates', 'latitude': 40.75476, 'longitude': -73.587732}","{'@type': 'AggregateRating', 'ratingValue': 4.6, 'reviewCount': '145'}"
Gyrolicious (Jericho),https://www.ubereats.com/nyc-suburbs/food-delivery/gyrolicious-jericho/JdAlO3bnTxycXd07S23GQg,carle-place-new-york,"['Mediterranean', 'Greek', 'Vegetarian']",,,$,40.7771217,-73.5674035,+15164275555,,,,,"[{'@type': 'OpeningHoursSpecification', 'dayOfWeek': ['Monday', 'Tuesday', 'Wednesday', 'Thursday'], 'opens': '12:0', 'closes': '19:0'}, {'@type': 'OpeningHoursSpecification', 'dayOfWeek': ['Friday', 'Saturday'], 'opens': '15:0', 'closes': '20:0'}]",,"{'@type': 'GeoCoordinates', 'latitude': 40.7771217, 'longitude': -73.5674035}",{}
Red Crab Seafood (Rockville),https://www.ubereats.com/nyc-suburbs/food-delivery/red-crab-seafood-rockville/p7aiXeHyTxmusEQXsLYk-w,carle-place-new-york,"['Seafood', 'Salads', 'Healthy']",4.5,500,$$$,40.6569606,-73.64344969999999,+15164424688,,,,,"[{'@type': 'OpeningHoursSpecification', 'dayOfWeek': ['Sunday', 'Monday', 'Tuesday', 'Wednesday', 'Thursday'], 'opens': '12:0', 'closes': '21:30'}, {'@type': 'OpeningHoursSpecification', 'dayOfWeek': ['Friday', 'Saturday'], 'opens': '12:0', 'closes': '22:30'}]",,"{'@type': 'GeoCoordinates', 'latitude': 40.6569606, 'longitude': -73.64344969999999}","{'@type': 'AggregateRating', 'ratingValue': 4.5, 'reviewCount': '500'}"
Hangry,https://www.ubereats.com/nyc-suburbs/food-delivery/hangry/pmiE1hAgQQWyRFZmle4hzg,carle-place-new-york,"['Halal', 'Chicken', 'Middle Eastern']",4.7,71,$,40.742891495377336,-73.69485666280447,+15166297102,,,,,"[{'@type': 'OpeningHoursSpecification', 'dayOfWeek': 'Sunday', 'opens': '10:0', 'closes': '23:30'}, {'@type': 'OpeningHoursSpecification', 'dayOfWeek': ['Monday', 'Tuesday', 'Wednesday', 'Thursday'], 'opens': '10:0', 'closes': '1:30'}, {'@type': 'OpeningHoursSpecification', 'dayOfWeek': ['Friday', 'Saturday'], 'opens': '10:0', 'closes': '2:30'}]",,"{'@type': 'GeoCoordinates', 'latitude': 40.742891495377336, 'longitude': -73.69485666280447}","{'@type': 'AggregateRating', 'ratingValue': 4.7, 'reviewCount': '71'}"
Chipotle Mexican Grill (135 Old Country Rd),https://www.ubereats.com/nyc-suburbs/food-delivery/chipotle-mexican-grill-135-old-country-rd/_zpkt1oaQXKoNpHPccz_LA,carle-place-new-york,"['Healthy', 'Mexican']",4.4,190,$,40.7437135,-73.6179027,+15168777720,11514,135 Old Country Rd,Carle Place,NY,"[{'@type': 'OpeningHoursSpecification', 'dayOfWeek': ['Monday', 'Tuesday', 'Wednesday', 'Thursday', 'Friday', 'Saturday', 'Sunday'], 'opens': '10:45', 'closes': '21:40'}]","{'@type': 'PostalAddress', 'addressLocality': 'Carle Place', 'addressRegion': 'NY', 'postalCode': '11514', 'addressCountry': 'US', 'streetAddress': '135 Old Country Rd'}","{'@type': 'GeoCoordinates', 'latitude': 40.7437135, 'longitude': -73.6179027}","{'@type': 'AggregateRating', 'ratingValue': 4.4, 'reviewCount': '190'}"
Subway (113 Mineola Blvd),https://www.ubereats.com/nyc-suburbs/food-delivery/subway-113-mineola-blvd/tIVvjTDoQc6nOBl1x0-FzQ,carle-place-new-york,"['Fast Food', 'Sandwich', 'American']",4.5,14,$,40.741972,-73.640721,+15162482740,11501,113,Mineola,NY,"[{'@type': 'OpeningHoursSpecification', 'dayOfWeek': ['Monday', 'Tuesday', 'Wednesday', 'Thursday', 'Friday', 'Saturday', 'Sunday'], 'opens': '10:0', 'closes': '19:30'}]","{'@type': 'PostalAddress', 'addressLocality': 'Mineola', 'addressRegion': 'NY', 'postalCode': '11501', 'addressCountry': 'US', 'streetAddress': '113'}","{'@type': 'GeoCoordinates', 'latitude': 40.741972, 'longitude': -73.640721}","{'@type': 'AggregateRating', 'ratingValue': 4.5, 'reviewCount': '14'}"
kenko asian cuisine,https://www.ubereats.com/nyc-suburbs/food-delivery/kenko-asian-cuisine/mTPcExgSSF6Pq3dBftlZCg,carle-place-new-york,"['Asian Fusion', 'Vietnamese', 'Sandwich', 'Noodles']",4.8,277,$,40.6636514,-73.5520533,+15166230130,,,,,"[{'@type': 'OpeningHoursSpecification', 'dayOfWeek': ['Monday', 'Tuesday', 'Wednesday', 'Thursday', 'Friday', 'Saturday', 'Sunday'], 'opens': '10:30', 'closes': '21:30'}, {'@type': 'OpeningHoursSpecification', 'dayOfWeek': ['Monday', 'Tuesday', 'Wednesday', 'Thursday', 'Friday', 'Saturday', 'Sunday'], 'opens': '10:30', 'closes': '21:30'}]",,"{'@type': 'GeoCoordinates', 'latitude': 40.6636514, 'longitude': -73.5520533}","{'@type': 'AggregateRating', 'ratingValue': 4.8, 'reviewCount': '277'}"
Sushi Republic,https://www.ubereats.com/nyc-suburbs/food-delivery/sushi-republic/0BvCtge8S2yPzzvbm2Ygcw,carle-place-new-york,"['Asian Fusion', 'Sushi', 'Salads']",4.5,173,$$,40.7533376,-73.6595305,+19173284150,,,,,"[{'@type': 'OpeningHoursSpecification', 'dayOfWeek': 'Sunday', 'opens': '12:0', 'closes': '21:0'}, {'@type': 'OpeningHoursSpecification', 'dayOfWeek': ['Tuesday', 'Wednesday', 'Thursday'], 'opens': '11:30', 'closes': '21:0'}, {'@type': 'OpeningHoursSpecification', 'dayOfWeek': ['Tuesday', 'Wednesday', 'Thursday'], 'opens': '11:30', 'closes': '15:0'}, {'@type': 'OpeningHoursSpecification', 'dayOfWeek': 'Friday', 'opens': '11:30', 'closes': '22:0'}, {'@type': 'OpeningHoursSpecification', 'dayOfWeek': 'Friday', 'opens': '11:30', 'closes': '15:0'}, {'@type': 'OpeningHoursSpecification', 'dayOfWeek': 'Saturday', 'opens': '11:30', 'closes': '22:0'}]",,"{'@type': 'GeoCoordinates', 'latitude': 40.7533376, 'longitude': -73.6595305}","{'@type': 'AggregateRating', 'ratingValue': 4.5, 'reviewCount': '173'}"
Rc dugans,https://www.ubereats.com/nyc-suburbs/food-delivery/rc-dugans/70o5QEJRQa-5i2XPiFj9Vg,carle-place-new-york,"['American', 'Burgers', 'Sandwiches']",4.1,18,$,40.72454099999999,-73.5503141,+15165200325,11554,2314 Hempstead Turnpike,East Meadow,NY,"[{'@type': 'OpeningHoursSpecification', 'dayOfWeek': ['Monday', 'Tuesday'], 'opens': '20:0', 'closes': '1:40'}, {'@type': 'OpeningHoursSpecification', 'dayOfWeek': ['Wednesday', 'Thursday', 'Friday', 'Saturday'], 'opens': '16:0', 'closes': '23:30'}]","{'@type': 'PostalAddress', 'addressLocality': 'East Meadow', 'addressRegion': 'NY', 'postalCode': '11554', 'addressCountry': 'US', 'streetAddress': '2314 Hempstead Turnpike'}","{'@type': 'GeoCoordinates', 'latitude': 40.72454099999999, 'longitude': -73.5503141}","{'@type': 'AggregateRating', 'ratingValue': 4.1, 'reviewCount': '18'}"
Restaurant El Mercadito,https://www.ubereats.com/nyc-suburbs/food-delivery/restaurant-el-mercadito/ooLEI8cBQUGDGhLLlx-iQQ,carle-place-new-york,"['Mexican', 'Latin American']",,,$$,40.757313,-73.5802326,+15163386346,11590,519 Union Ave,Westbury,NY,"[{'@type': 'OpeningHoursSpecification', 'dayOfWeek': 'Sunday', 'opens': '10:0', 'closes': '20:0'}, {'@type': 'OpeningHoursSpecification', 'dayOfWeek': 'Sunday', 'opens': '10:0', 'closes': '20:30'}, {'@type': 'OpeningHoursSpecification', 'dayOfWeek': ['Monday', 'Tuesday', 'Wednesday', 'Thursday', 'Friday', 'Saturday'], 'opens': '10:0', 'closes': '20:0'}]","{'@type': 'PostalAddress', 'addressLocality': 'Westbury', 'addressRegion': 'NY', 'postalCode': '11590', 'addressCountry': 'US', 'streetAddress': '519 Union Ave'}","{'@type': 'GeoCoordinates', 'latitude': 40.757313, 'longitude': -73.5802326}",{}
Subway (1874 Front St),https://www.ubereats.com/nyc-suburbs/food-delivery/subway-1874-front-st/hr-5Z7UHQYi5N6USaIk8qA,carle-place-new-york,"['Fast Food', 'Sandwich', 'American']",4.4,14,$,40.718891,-73.563588,+15162273888,11554,1874 Front St,East Meadow,NY,"[{'@type': 'OpeningHoursSpecification', 'dayOfWeek': 'Sunday', 'opens': '9:0', 'closes': '19:30'}, {'@type': 'OpeningHoursSpecification', 'dayOfWeek': ['Monday', 'Tuesday', 'Wednesday', 'Thursday', 'Friday', 'Saturday'], 'opens': '9:0', 'closes': '20:30'}]","{'@type': 'PostalAddress', 'addressLocality': 'East Meadow', 'addressRegion': 'NY', 'postalCode': '11554', 'addressCountry': 'US', 'streetAddress': '1874 Front St'}","{'@type': 'GeoCoordinates', 'latitude': 40.718891, 'longitude': -73.563588}","{'@type': 'AggregateRating', 'ratingValue': 4.4, 'reviewCount': '14'}"
2nd Street Gourmet,https://www.ubereats.com/nyc-suburbs/food-delivery/2nd-street-gourmet/BsSTbXSZQQK2kCGgv6-gkg,carle-place-new-york,"['Breakfast and Brunch', 'Sandwich']",,,,40.74194,-73.6396,+15163166294,11501,188 2nd Street,Mineola,NY,"[{'@type': 'OpeningHoursSpecification', 'dayOfWeek': ['Monday', 'Tuesday', 'Wednesday', 'Thursday', 'Friday'], 'opens': '6:30', 'closes': '15:30'}, {'@type': 'OpeningHoursSpecification', 'dayOfWeek': 'Saturday', 'opens': '7:30', 'closes': '14:0'}]","{'@type': 'PostalAddress', 'addressLocality': 'Mineola', 'addressRegion': 'NY', 'postalCode': '11501', 'addressCountry': 'US', 'streetAddress': '188 2nd Street'}","{'@type': 'GeoCoordinates', 'latitude': 40.74194, 'longitude': -73.6396}",{}
Chuck E. Cheese (162 Fullton Ave.),https://www.ubereats.com/nyc-suburbs/food-delivery/chuck-e-cheese-162-fullton-ave/C4vygO94RH6i6iUlEVkVrg,carle-place-new-york,['Pizza'],,,$,40.707084,-73.629161,+15164831908,11550,162 Fullton Ave.,Hempstead,NY,"[{'@type': 'OpeningHoursSpecification', 'dayOfWeek': ['Monday', 'Tuesday', 'Wednesday', 'Thursday', 'Friday', 'Saturday', 'Sunday'], 'opens': '11:0', 'closes': '20:0'}]","{'@type': 'PostalAddress', 'addressLocality': 'Hempstead', 'addressRegion': 'NY', 'postalCode': '11550', 'addressCountry': 'US', 'streetAddress': '162 Fullton Ave.'}","{'@type': 'GeoCoordinates', 'latitude': 40.707084, 'longitude': -73.629161}",{}
Cherry Valley Deli,https://www.ubereats.com/nyc-suburbs/food-delivery/cherry-valley-deli/e4Kpry2lRk2R3x8pkIrpXg,carle-place-new-york,"['Sandwich', 'Burgers', 'American', 'Breakfast and Brunch', 'Deli']",4.5,500,$,40.70528540000001,-73.6446758,+15162923381,11552,168 Hempstead Tpke,West Hempstead,NY,"[{'@type': 'OpeningHoursSpecification', 'dayOfWeek': ['Monday', 'Tuesday', 'Wednesday', 'Thursday', 'Friday', 'Saturday', 'Sunday'], 'opens': '0:0', 'closes': '23:59'}, {'@type': 'OpeningHoursSpecification', 'dayOfWeek': ['Monday', 'Tuesday', 'Wednesday', 'Thursday', 'Friday', 'Saturday', 'Sunday'], 'opens': '5:0', 'closes': '11:0'}]","{'@type': 'PostalAddress', 'addressLocality': 'West Hempstead', 'addressRegion': 'NY', 'postalCode': '11552', 'addressCountry': 'US', 'streetAddress': '168 Hempstead Tpke'}","{'@type': 'GeoCoordinates', 'latitude': 40.70528540000001, 'longitude': -73.6446758}","{'@type': 'AggregateRating', 'ratingValue': 4.5, 'reviewCount': '500'}"
Cajun crab shack,https://www.ubereats.com/nyc-suburbs/food-delivery/cajun-crab-shack/gDroCm5ST06ExYrKnSs2ng,carle-place-new-york,"['Bar / Pub Food', 'Sandwich', 'American']",4.5,500,$,40.728722,-73.702341,+15165198821,11001,230 Jericho Turnpike,Floral Park,NY,"[{'@type': 'OpeningHoursSpecification', 'dayOfWeek': ['Sunday', 'Monday', 'Tuesday', 'Wednesday', 'Thursday'], 'opens': '12:0', 'closes': '21:45'}, {'@type': 'OpeningHoursSpecification', 'dayOfWeek': ['Friday', 'Saturday'], 'opens': '12:0', 'closes': '22:45'}]","{'@type': 'PostalAddress', 'addressLocality': 'Floral Park', 'addressRegion': 'NY', 'postalCode': '11001', 'addressCountry': 'US', 'streetAddress': '230 Jericho Turnpike'}","{'@type': 'GeoCoordinates', 'latitude': 40.728722, 'longitude': -73.702341}","{'@type': 'AggregateRating', 'ratingValue': 4.5, 'reviewCount': '500'}"
Kobe Hibachi Steakhouse,https://www.ubereats.com/nyc-suburbs/food-delivery/kobe-hibachi-steakhouse/olaW6QvUSLStQMQBD8L7fg,carle-place-new-york,"['Sushi', 'Asian', 'Japanese']",,,$,40.77980849999999,-73.5596118,+15163335588,11753,111,Jericho,NY,"[{'@type': 'OpeningHoursSpecification', 'dayOfWeek': 'Sunday', 'opens': '12:0', 'closes': '21:30'}, {'@type': 'OpeningHoursSpecification', 'dayOfWeek': ['Monday', 'Tuesday', 'Wednesday', 'Thursday'], 'opens': '11:30', 'closes': '21:30'}, {'@type': 'OpeningHoursSpecification', 'dayOfWeek': ['Monday', 'Tuesday', 'Wednesday', 'Thursday'], 'opens': '11:30', 'closes': '15:0'}, {'@type': 'OpeningHoursSpecification', 'dayOfWeek': 'Friday', 'opens': '11:30', 'closes': '22:30'}, {'@type': 'OpeningHoursSpecification', 'dayOfWeek': 'Friday', 'opens': '11:30', 'closes': '15:0'}, {'@type': 'OpeningHoursSpecification', 'dayOfWeek': 'Saturday', 'opens': '12:30', 'closes': '22:30'}, {'@type': 'OpeningHoursSpecification', 'dayOfWeek': 'Saturday', 'opens': '11:30', 'closes': '15:0'}]","{'@type': 'PostalAddress', 'addressLocality': 'Jericho', 'addressRegion': 'NY', 'postalCode': '11753', 'addressCountry': 'US', 'streetAddress': '111'}","{'@type': 'GeoCoordinates', 'latitude': 40.77980849999999, 'longitude': -73.5596118}",{}
Sweet Garden,https://www.ubereats.com/nyc-suburbs/food-delivery/sweet-garden/asuMpSoESAu7TBhyrFRvBg,carle-place-new-york,"['Chinese', 'Asian', 'Noodles']",,,$,40.71476610000001,-73.54510309999999,+16468216339,11554,348 Newbridge Road,East Meadow,NY,"[{'@type': 'OpeningHoursSpecification', 'dayOfWeek': 'Sunday', 'opens': '12:0', 'closes': '21:45'}, {'@type': 'OpeningHoursSpecification', 'dayOfWeek': 'Sunday', 'opens': '11:0', 'closes': '15:0'}, {'@type': 'OpeningHoursSpecification', 'dayOfWeek': ['Tuesday', 'Wednesday', 'Thursday'], 'opens': '11:0', 'closes': '21:45'}, {'@type': 'OpeningHoursSpecification', 'dayOfWeek': ['Tuesday', 'Wednesday', 'Thursday'], 'opens': '11:0', 'closes': '15:0'}, {'@type': 'OpeningHoursSpecification', 'dayOfWeek': ['Friday', 'Saturday'], 'opens': '11:0', 'closes': '22:45'}, {'@type': 'OpeningHoursSpecification', 'dayOfWeek': ['Friday', 'Saturday'], 'opens': '11:0', 'closes': '15:0'}]","{'@type': 'PostalAddress', 'addressLocality': 'East Meadow', 'addressRegion': 'NY', 'postalCode': '11554', 'addressCountry': 'US', 'streetAddress': '348 Newbridge Road'}","{'@type': 'GeoCoordinates', 'latitude': 40.71476610000001, 'longitude': -73.54510309999999}",{}
Wing Co.,https://www.ubereats.com/nyc-suburbs/food-delivery/wing-co/fO_yVeFTQHuQeVvCvjK_Bg,carle-place-new-york,"['Wings', 'Bar Food', 'Pub', 'American', 'Traditional American']",,,$,40.768229,-73.525821,+15164339700,11801,8 Jerusalem Ave,Hicksville,New York,"[{'@type': 'OpeningHoursSpecification', 'dayOfWeek': ['Monday', 'Tuesday', 'Wednesday', 'Thursday', 'Friday', 'Saturday', 'Sunday'], 'opens': '12:0', 'closes': '22:0'}]","{'@type': 'PostalAddress', 'addressLocality': 'Hicksville', 'addressRegion': 'New York', 'postalCode': '11801', 'addressCountry': 'US', 'streetAddress': '8 Jerusalem Ave'}","{'@type': 'GeoCoordinates', 'latitude': 40.768229, 'longitude': -73.525821}",{}
Dunkin' (24 Newbridge Rd),https://www.ubereats.com/nyc-suburbs/food-delivery/dunkin-24-newbridge-rd/Ju0FKxenTsSMpnqBv195gw,carle-place-new-york,"['Breakfast and Brunch', 'Donuts']",,,$,40.76699259999999,-73.5280543,+15169315777,11801,24 Newbridge Rd,Hicksville,NY,"[{'@type': 'OpeningHoursSpecification', 'dayOfWeek': ['Monday', 'Tuesday', 'Wednesday', 'Thursday', 'Friday', 'Saturday', 'Sunday'], 'opens': '6:0', 'closes': '19:0'}]","{'@type': 'PostalAddress', 'addressLocality': 'Hicksville', 'addressRegion': 'NY', 'postalCode': '11801', 'addressCountry': 'US', 'streetAddress': '24 Newbridge Rd'}","{'@type': 'GeoCoordinates', 'latitude': 40.76699259999999, 'longitude': -73.5280543}",{}
Qdoba (327 S Oyster Bay Road),https://www.ubereats.com/nyc-suburbs/food-delivery/qdoba-327-s-oyster-bay-road/zgVzS5yZSSOoDviUukZ9KQ,carle-place-new-york,"['Burritos', 'Dinner', 'Mexican', 'Tacos', 'Family Meals']",4.6,206,$,40.7867165,-73.5029393,+15165957526,11803,327 S Oyster Bay Road,Plainview,NY,"[{'@type': 'OpeningHoursSpecification', 'dayOfWeek': ['Sunday', 'Monday', 'Tuesday', 'Wednesday', 'Thursday'], 'opens': '11:0', 'closes': '21:30'}, {'@type': 'OpeningHoursSpecification', 'dayOfWeek': ['Friday', 'Saturday'], 'opens': '11:0', 'closes': '22:30'}]","{'@type': 'PostalAddress', 'addressLocality': 'Plainview', 'addressRegion': 'NY', 'postalCode': '11803', 'addressCountry': 'US', 'streetAddress': '327 S Oyster Bay Road'}","{'@type': 'GeoCoordinates', 'latitude': 40.7867165, 'longitude': -73.5029393}","{'@type': 'AggregateRating', 'ratingValue': 4.6, 'reviewCount': '206'}"
Teng's Restaurant,https://www.ubereats.com/nyc-suburbs/food-delivery/tengs-restaurant/F9PKoTEvREOAINALjxqGCQ,carle-place-new-york,"['Asian Fusion', 'Thai', 'Chinese']",4.6,85,$,40.7246758,-73.5271054,+15163960831,11756,2936 Hempstead Turnpike,NYC Suburbs,NY,"[{'@type': 'OpeningHoursSpecification', 'dayOfWeek': 'Sunday', 'opens': '13:0', 'closes': '21:15'}, {'@type': 'OpeningHoursSpecification', 'dayOfWeek': 'Monday', 'opens': '11:30', 'closes': '15:0'}, {'@type': 'OpeningHoursSpecification', 'dayOfWeek': 'Monday', 'opens': '16:30', 'closes': '21:15'}, {'@type': 'OpeningHoursSpecification', 'dayOfWeek': 'Monday', 'opens': '11:30', 'closes': '15:0'}, {'@type': 'OpeningHoursSpecification', 'dayOfWeek': ['Wednesday', 'Thursday'], 'opens': '11:30', 'closes': '15:0'}, {'@type': 'OpeningHoursSpecification', 'dayOfWeek': ['Wednesday', 'Thursday'], 'opens': '16:30', 'closes': '21:15'}, {'@type': 'OpeningHoursSpecification', 'dayOfWeek': ['Wednesday', 'Thursday'], 'opens': '11:30', 'closes': '15:0'}, {'@type': 'OpeningHoursSpecification', 'dayOfWeek': 'Friday', 'opens': '11:30', 'closes': '15:0'}, {'@type': 'OpeningHoursSpecification', 'dayOfWeek': 'Friday', 'opens': '16:30', 'closes': '22:15'}, {'@type': 'OpeningHoursSpecification', 'dayOfWeek': 'Friday', 'opens': '11:30', 'closes': '15:0'}, {'@type': 'OpeningHoursSpecification', 'dayOfWeek': 'Saturday', 'opens': '13:0', 'closes': '22:15'}]","{'@type': 'PostalAddress', 'addressLocality': 'NYC Suburbs', 'addressRegion': 'NY', 'postalCode': '11756', 'addressCountry': 'US', 'streetAddress': '2936 Hempstead Turnpike'}","{'@type': 'GeoCoordinates', 'latitude': 40.7246758, 'longitude': -73.5271054}","{'@type': 'AggregateRating', 'ratingValue': 4.6, 'reviewCount': '85'}"
Jersey Mike's Subs - Uniondale (988 Hempstead Turnpike),https://www.ubereats.com/nyc-suburbs/food-delivery/jersey-mikes-subs-uniondale-988-hempstead-turnpike/Nh-6I_YJSAu6Vdyc0zDpTA,carle-place-new-york,"['Sandwich', 'American']",4.6,187,$,40.715871,-73.598263,+15163071200,11553,988 Hempstead Turnpike,Uniondale,NY,"[{'@type': 'OpeningHoursSpecification', 'dayOfWeek': ['Monday', 'Tuesday', 'Wednesday', 'Thursday', 'Friday', 'Saturday', 'Sunday'], 'opens': '10:0', 'closes': '20:30'}]","{'@type': 'PostalAddress', 'addressLocality': 'Uniondale', 'addressRegion': 'NY', 'postalCode': '11553', 'addressCountry': 'US', 'streetAddress': '988 Hempstead Turnpike'}","{'@type': 'GeoCoordinates', 'latitude': 40.715871, 'longitude': -73.598263}","{'@type': 'AggregateRating', 'ratingValue': 4.6, 'reviewCount': '187'}"
,https://www.ubereats.com/nyc-suburbs/food-delivery/bia-new-hyde-park/v_NpqwuNQFeesKBs6upmfg,carle-place-new-york,,,,,,,,,,,,,,,
China King II,https://www.ubereats.com/nyc-suburbs/food-delivery/china-king-ii/MskdzysmSRKQEny37e_L1w,carle-place-new-york,"['Chinese', 'Asian']",4.4,159,$,40.68043955556468,-73.5701937822725,+19173628287,,,,,"[{'@type': 'OpeningHoursSpecification', 'dayOfWeek': ['Monday', 'Tuesday', 'Wednesday', 'Thursday', 'Friday', 'Saturday', 'Sunday'], 'opens': '11:25', 'closes': '21:45'}]",,"{'@type': 'GeoCoordinates', 'latitude': 40.68043955556468, 'longitude': -73.5701937822725}","{'@type': 'AggregateRating', 'ratingValue': 4.4, 'reviewCount': '159'}"
Taco Bell (1650 Jericho Turnpike),https://www.ubereats.com/nyc-suburbs/food-delivery/taco-bell-1650-jericho-turnpike/b4SKsBBtSduQDqwgaz4_CQ,carle-place-new-york,"['Burritos', 'Fast Food', 'Mexican']",3.9,332,$,40.7337433,-73.6786607,+15167757025,11040,1650 Jericho Turnpike,New Hyde Park,NY,"[{'@type': 'OpeningHoursSpecification', 'dayOfWeek': ['Monday', 'Tuesday', 'Wednesday', 'Thursday', 'Friday', 'Saturday', 'Sunday'], 'opens': '14:0', 'closes': '17:0'}, {'@type': 'OpeningHoursSpecification', 'dayOfWeek': ['Monday', 'Tuesday', 'Wednesday', 'Thursday', 'Friday', 'Saturday', 'Sunday'], 'opens': '9:0', 'closes': '3:30'}, {'@type': 'OpeningHoursSpecification', 'dayOfWeek': ['Monday', 'Tuesday', 'Wednesday', 'Thursday', 'Friday', 'Saturday', 'Sunday'], 'opens': '8:0', 'closes': '10:30'}]","{'@type': 'PostalAddress', 'addressLocality': 'New Hyde Park', 'addressRegion': 'NY', 'postalCode': '11040', 'addressCountry': 'US', 'streetAddress': '1650 Jericho Turnpike'}","{'@type': 'GeoCoordinates', 'latitude': 40.7337433, 'longitude': -73.6786607}","{'@type': 'AggregateRating', 'ratingValue': 3.9, 'reviewCount': '332'}"
Talk of the Town Deli,https://www.ubereats.com/nyc-suburbs/food-delivery/talk-of-the-town-deli/5jHM7P7XRaaAeD23MoOOBg,carle-place-new-york,"['Sandwiches', 'American', 'Deli']",,,$,40.7078184,-73.71682369999999,+15167757705,11003,271 Hempstead Tpke,Elmont,NY,"[{'@type': 'OpeningHoursSpecification', 'dayOfWeek': ['Monday', 'Tuesday', 'Wednesday', 'Thursday', 'Friday', 'Saturday', 'Sunday'], 'opens': '7:0', 'closes': '21:0'}, {'@type': 'OpeningHoursSpecification', 'dayOfWeek': ['Monday', 'Tuesday', 'Wednesday', 'Thursday', 'Friday', 'Saturday', 'Sunday'], 'opens': '7:0', 'closes': '13:0'}]","{'@type': 'PostalAddress', 'addressLocality': 'Elmont', 'addressRegion': 'NY', 'postalCode': '11003', 'addressCountry': 'US', 'streetAddress': '271 Hempstead Tpke'}","{'@type': 'GeoCoordinates', 'latitude': 40.7078184, 'longitude': -73.71682369999999}",{}
,https://www.ubereats.com/nyc-suburbs/food-delivery/e-fresh/vN4fTkdjTZeLRH5buw7xGw,carle-place-new-york,,,,,,,,,,,,,,,
,https://www.ubereats.com/nyc-suburbs/food-delivery/towers-restaurant/2LNqzzY6QQ-GK0nKI5WbQw,carle-place-new-york,,,,,,,,,,,,,,,
Jassi's Indian grille,https://www.ubereats.com/nyc-suburbs/food-delivery/jassis-indian-grille/foCojkj-StWgjmYN7AgfYA,carle-place-new-york,"['Indian', 'Vegetarian', 'Asian']",,,$,40.7477536,-73.6438939,+15167475277,11501,267,Mineola,NY,"[{'@type': 'OpeningHoursSpecification', 'dayOfWeek': ['Monday', 'Tuesday', 'Wednesday', 'Thursday', 'Friday', 'Saturday', 'Sunday'], 'opens': '10:0', 'closes': '22:0'}]","{'@type': 'PostalAddress', 'addressLocality': 'Mineola', 'addressRegion': 'NY', 'postalCode': '11501', 'addressCountry': 'US', 'streetAddress': '267'}","{'@type': 'GeoCoordinates', 'latitude': 40.7477536, 'longitude': -73.6438939}",{}
New Garden Deli,https://www.ubereats.com/nyc-suburbs/food-delivery/new-garden-deli/WORCDXJJSNG0FIrZusvZeg,carle-place-new-york,"['American', 'Deli', 'Sandwich']",,,$$,40.7290395,-73.6094402,+15162286688,11530,621 Oak St,Garden City,New York,"[{'@type': 'OpeningHoursSpecification', 'dayOfWeek': ['Monday', 'Tuesday', 'Wednesday', 'Thursday', 'Friday'], 'opens': '7:0', 'closes': '16:30'}, {'@type': 'OpeningHoursSpecification', 'dayOfWeek': ['Monday', 'Tuesday', 'Wednesday', 'Thursday', 'Friday'], 'opens': '7:0', 'closes': '16:0'}, {'@type': 'OpeningHoursSpecification', 'dayOfWeek': 'Saturday', 'opens': '7:0', 'closes': '14:0'}, {'@type': 'OpeningHoursSpecification', 'dayOfWeek': 'Saturday', 'opens': '7:0', 'closes': '14:0'}]","{'@type': 'PostalAddress', 'addressLocality': 'Garden City', 'addressRegion': 'New York', 'postalCode': '11530', 'addressCountry': 'US', 'streetAddress': '621 Oak St'}","{'@type': 'GeoCoordinates', 'latitude': 40.7290395, 'longitude': -73.6094402}",{}
Center Cuts,https://www.ubereats.com/nyc-suburbs/food-delivery/center-cuts/zVnwPkCXRFawWt9zHW0lQQ,carle-place-new-york,"['American', 'Burgers', 'Sandwich', 'Salads']",,,$,40.7793818,-73.64964920000001,+15166250809,11577,382 Willis Ave,Roslyn Heights,NY,"[{'@type': 'OpeningHoursSpecification', 'dayOfWeek': ['Monday', 'Tuesday', 'Wednesday', 'Thursday', 'Friday', 'Saturday', 'Sunday'], 'opens': '10:0', 'closes': '16:0'}]","{'@type': 'PostalAddress', 'addressLocality': 'Roslyn Heights', 'addressRegion': 'NY', 'postalCode': '11577', 'addressCountry': 'US', 'streetAddress': '382 Willis Ave'}","{'@type': 'GeoCoordinates', 'latitude': 40.7793818, 'longitude': -73.64964920000001}",{}
The Rolling Spring Roll (Syosset),https://www.ubereats.com/nyc-suburbs/food-delivery/the-rolling-spring-roll-syosset/-7DaNuE8TjOvAzT0WLoO0Q,carle-place-new-york,"['Vietnamese', 'Noodles', 'Healthy']",4.6,120,$,40.8055491,-73.52076029999999,+15167105340,11791,228 west Jericho turnpike,Syosset,NY,"[{'@type': 'OpeningHoursSpecification', 'dayOfWeek': 'Sunday', 'opens': '12:0', 'closes': '20:0'}, {'@type': 'OpeningHoursSpecification', 'dayOfWeek': ['Tuesday', 'Wednesday', 'Thursday', 'Friday', 'Saturday'], 'opens': '12:0', 'closes': '20:0'}]","{'@type': 'PostalAddress', 'addressLocality': 'Syosset', 'addressRegion': 'NY', 'postalCode': '11791', 'addressCountry': 'US', 'streetAddress': '228 west Jericho turnpike'}","{'@type': 'GeoCoordinates', 'latitude': 40.8055491, 'longitude': -73.52076029999999}","{'@type': 'AggregateRating', 'ratingValue': 4.6, 'reviewCount': '120'}"
Kaiyo - Mineola,https://www.ubereats.com/nyc-suburbs/food-delivery/kaiyo-mineola/gQEOwsSYToiC_g_o1T-ZkQ,carle-place-new-york,"['Sushi', 'Japanese', 'Seafood']",4.5,20,$,40.741676,-73.638538,+15167390093,11501,92 Main St,Mineola,New York,"[{'@type': 'OpeningHoursSpecification', 'dayOfWeek': 'Sunday', 'opens': '16:0', 'closes': '20:0'}, {'@type': 'OpeningHoursSpecification', 'dayOfWeek': ['Monday', 'Tuesday', 'Wednesday', 'Thursday'], 'opens': '11:30', 'closes': '15:0'}, {'@type': 'OpeningHoursSpecification', 'dayOfWeek': ['Monday', 'Tuesday', 'Wednesday', 'Thursday'], 'opens': '17:0', 'closes': '20:0'}, {'@type': 'OpeningHoursSpecification', 'dayOfWeek': ['Friday', 'Saturday'], 'opens': '11:30', 'closes': '15:0'}, {'@type': 'OpeningHoursSpecification', 'dayOfWeek': ['Friday', 'Saturday'], 'opens': '17:0', 'closes': '21:0'}]","{'@type': 'PostalAddress', 'addressLocality': 'Mineola', 'addressRegion': 'New York', 'postalCode': '11501', 'addressCountry': 'US', 'streetAddress': '92 Main St'}","{'@type': 'GeoCoordinates', 'latitude': 40.741676, 'longitude': -73.638538}","{'@type': 'AggregateRating', 'ratingValue': 4.5, 'reviewCount': '20'}"
MacArthur Park,https://www.ubereats.com/nyc-suburbs/food-delivery/macarthur-park/7thhwayqStaQGh3bOqcchQ,carle-place-new-york,"['Burgers', 'American', 'Sandwiches']",,,$,40.6590629,-73.6448137,+15167668377,11570,1 Maple Ave,Rockville Centre,NY,"[{'@type': 'OpeningHoursSpecification', 'dayOfWeek': 'Sunday', 'opens': '16:0', 'closes': '21:0'}, {'@type': 'OpeningHoursSpecification', 'dayOfWeek': ['Monday', 'Tuesday', 'Wednesday', 'Thursday'], 'opens': '11:30', 'closes': '16:0'}, {'@type': 'OpeningHoursSpecification', 'dayOfWeek': ['Monday', 'Tuesday', 'Wednesday', 'Thursday'], 'opens': '16:0', 'closes': '21:0'}, {'@type': 'OpeningHoursSpecification', 'dayOfWeek': ['Friday', 'Saturday'], 'opens': '11:30', 'closes': '16:0'}, {'@type': 'OpeningHoursSpecification', 'dayOfWeek': ['Friday', 'Saturday'], 'opens': '16:0', 'closes': '22:0'}]","{'@type': 'PostalAddress', 'addressLocality': 'Rockville Centre', 'addressRegion': 'NY', 'postalCode': '11570', 'addressCountry': 'US', 'streetAddress': '1 Maple Ave'}","{'@type': 'GeoCoordinates', 'latitude': 40.6590629, 'longitude': -73.6448137}",{}
Jamaican Bickle Restaurant,https://www.ubereats.com/nyc-suburbs/food-delivery/jamaican-bickle-restaurant/ZYzRZlB4QSS7iHP_Q8Mm5A,carle-place-new-york,"['Caribbean', 'Seafood', 'Latin American']",,,$,40.7221693,-73.6073182,+15162804394,11553,327 Oak St,Uniondale,NY,"[{'@type': 'OpeningHoursSpecification', 'dayOfWeek': 'Sunday', 'opens': '11:0', 'closes': '20:0'}, {'@type': 'OpeningHoursSpecification', 'dayOfWeek': 'Sunday', 'opens': '14:0', 'closes': '20:0'}, {'@type': 'OpeningHoursSpecification', 'dayOfWeek': ['Monday', 'Tuesday', 'Wednesday', 'Thursday'], 'opens': '11:0', 'closes': '20:0'}, {'@type': 'OpeningHoursSpecification', 'dayOfWeek': ['Monday', 'Tuesday', 'Wednesday', 'Thursday'], 'opens': '8:0', 'closes': '10:0'}, {'@type': 'OpeningHoursSpecification', 'dayOfWeek': ['Monday', 'Tuesday', 'Wednesday', 'Thursday'], 'opens': '11:0', 'closes': '14:0'}, {'@type': 'OpeningHoursSpecification', 'dayOfWeek': ['Monday', 'Tuesday', 'Wednesday', 'Thursday'], 'opens': '7:0', 'closes': '21:0'}, {'@type': 'OpeningHoursSpecification', 'dayOfWeek': 'Friday', 'opens': '11:0', 'closes': '20:0'}, {'@type': 'OpeningHoursSpecification', 'dayOfWeek': 'Friday', 'opens': '8:0', 'closes': '10:0'}, {'@type': 'OpeningHoursSpecification', 'dayOfWeek': 'Friday', 'opens': '11:0', 'closes': '14:0'}, {'@type': 'OpeningHoursSpecification', 'dayOfWeek': 'Friday', 'opens': '7:0', 'closes': '17:0'}]","{'@type': 'PostalAddress', 'addressLocality': 'Uniondale', 'addressRegion': 'NY', 'postalCode': '11553', 'addressCountry': 'US', 'streetAddress': '327 Oak St'}","{'@type': 'GeoCoordinates', 'latitude': 40.7221693, 'longitude': -73.6073182}",{}
Haru (920 Merchants Concourse),https://www.ubereats.com/nyc-suburbs/food-delivery/haru-920-merchants-concourse/4A5SXM_eRhuoozY_8lNRLg,carle-place-new-york,"['Seafood', 'Japanese', 'Sushi']",,,$$,40.7453479,-73.5919397,+15164073232,11509,920 Merchants Concourse,Westbury,NY,"[{'@type': 'OpeningHoursSpecification', 'dayOfWeek': 'Sunday', 'opens': '12:0', 'closes': '21:30'}, {'@type': 'OpeningHoursSpecification', 'dayOfWeek': ['Monday', 'Tuesday', 'Wednesday', 'Thursday'], 'opens': '11:30', 'closes': '21:30'}, {'@type': 'OpeningHoursSpecification', 'dayOfWeek': ['Monday', 'Tuesday', 'Wednesday', 'Thursday'], 'opens': '11:30', 'closes': '14:30'}, {'@type': 'OpeningHoursSpecification', 'dayOfWeek': 'Friday', 'opens': '11:30', 'closes': '22:30'}, {'@type': 'OpeningHoursSpecification', 'dayOfWeek': 'Friday', 'opens': '11:30', 'closes': '14:30'}, {'@type': 'OpeningHoursSpecification', 'dayOfWeek': 'Saturday', 'opens': '12:0', 'closes': '22:30'}]","{'@type': 'PostalAddress', 'addressLocality': 'Westbury', 'addressRegion': 'NY', 'postalCode': '11509', 'addressCountry': 'US', 'streetAddress': '920 Merchants Concourse'}","{'@type': 'GeoCoordinates', 'latitude': 40.7453479, 'longitude': -73.5919397}",{}
"TGI Friday's (82 - Westbury, NY)",https://www.ubereats.com/nyc-suburbs/food-delivery/tgi-fridays-82-westbury-ny/A2Fg_M2ISe-uT89NQXyFfQ,carle-place-new-york,"['American', 'Burgers', 'Bar Food', 'Family Meals']",4.1,244,$$,40.74437,-73.587032,+15168328320,11590,829 Merrick Ave,Westbury,NY,"[{'@type': 'OpeningHoursSpecification', 'dayOfWeek': ['Sunday', 'Monday', 'Tuesday', 'Wednesday', 'Thursday'], 'opens': '11:0', 'closes': '23:30'}, {'@type': 'OpeningHoursSpecification', 'dayOfWeek': ['Friday', 'Saturday'], 'opens': '11:0', 'closes': '0:30'}]","{'@type': 'PostalAddress', 'addressLocality': 'Westbury', 'addressRegion': 'NY', 'postalCode': '11590', 'addressCountry': 'US', 'streetAddress': '829 Merrick Ave'}","{'@type': 'GeoCoordinates', 'latitude': 40.74437, 'longitude': -73.587032}","{'@type': 'AggregateRating', 'ratingValue': 4.1, 'reviewCount': '244'}"
Mama's Italian Catering,https://www.ubereats.com/nyc-suburbs/food-delivery/mamas-italian-catering/N3lUy1i2SZKbh4-UVE4kFw,carle-place-new-york,"['Italian', 'Pasta', 'Comfort Food']",,,$,40.7510829,-73.5750788,+16313566144,11590,625 Old Country Rd,Westbury,NY,"[{'@type': 'OpeningHoursSpecification', 'dayOfWeek': ['Monday', 'Tuesday', 'Wednesday', 'Thursday', 'Friday', 'Saturday', 'Sunday'], 'opens': '11:0', 'closes': '22:0'}]","{'@type': 'PostalAddress', 'addressLocality': 'Westbury', 'addressRegion': 'NY', 'postalCode': '11590', 'addressCountry': 'US', 'streetAddress': '625 Old Country Rd'}","{'@type': 'GeoCoordinates', 'latitude': 40.7510829, 'longitude': -73.5750788}",{}
West End Curry,https://www.ubereats.com/nyc-suburbs/food-delivery/west-end-curry/EZ4ZOD_cQwiRvlmJPMuZuA,carle-place-new-york,"['Indian', 'Indian Curry', 'Halal', 'Sandwich', 'Salads']",,,$$,40.704009,-73.6308319,+15164838190,11550,136 Front St,Hempstead,NY,"[{'@type': 'OpeningHoursSpecification', 'dayOfWeek': ['Monday', 'Tuesday', 'Wednesday', 'Thursday', 'Friday', 'Saturday', 'Sunday'], 'opens': '11:0', 'closes': '21:30'}]","{'@type': 'PostalAddress', 'addressLocality': 'Hempstead', 'addressRegion': 'NY', 'postalCode': '11550', 'addressCountry': 'US', 'streetAddress': '136 Front St'}","{'@type': 'GeoCoordinates', 'latitude': 40.704009, 'longitude': -73.6308319}",{}
The Green Island Cafe ,https://www.ubereats.com/nyc-suburbs/food-delivery/the-green-island-cafe/RL5gTN4nQImKfibmybH3sg,carle-place-new-york,"['Vegetarian', 'Vegan', 'Healthy']",,,$,40.6925179,-73.4674177,+16317506410,11758,179 Jerusalem Ave,Massapequa,NY,"[{'@type': 'OpeningHoursSpecification', 'dayOfWeek': ['Monday', 'Tuesday', 'Wednesday', 'Thursday', 'Friday'], 'opens': '11:0', 'closes': '14:30'}, {'@type': 'OpeningHoursSpecification', 'dayOfWeek': ['Monday', 'Tuesday', 'Wednesday', 'Thursday', 'Friday'], 'opens': '11:0', 'closes': '18:30'}]","{'@type': 'PostalAddress', 'addressLocality': 'Massapequa', 'addressRegion': 'NY', 'postalCode': '11758', 'addressCountry': 'US', 'streetAddress': '179 Jerusalem Ave'}","{'@type': 'GeoCoordinates', 'latitude': 40.6925179, 'longitude': -73.4674177}",{}
Blue Wave Restaurant 蓝亭,https://www.ubereats.com/nyc-suburbs/food-delivery/blue-wave-restaurant-%E8%93%9D%E4%BA%AD/TSd7wilXQ5aZscveAOCHjA,carle-place-new-york,"['Chinese', 'Asian', 'Noodles']",4.8,96,$,40.7542772,-73.6534485,+15162486688,11596,344 Hillside Avenue,Williston Park,NY,"[{'@type': 'OpeningHoursSpecification', 'dayOfWeek': 'Sunday', 'opens': '11:0', 'closes': '21:0'}, {'@type': 'OpeningHoursSpecification', 'dayOfWeek': 'Sunday', 'opens': '0:0', 'closes': '15:0'}, {'@type': 'OpeningHoursSpecification', 'dayOfWeek': 'Monday', 'opens': '11:0', 'closes': '21:0'}, {'@type': 'OpeningHoursSpecification', 'dayOfWeek': 'Monday', 'opens': '11:0', 'closes': '15:0'}, {'@type': 'OpeningHoursSpecification', 'dayOfWeek': 'Tuesday', 'opens': '11:0', 'closes': '15:0'}, {'@type': 'OpeningHoursSpecification', 'dayOfWeek': ['Wednesday', 'Thursday', 'Friday', 'Saturday'], 'opens': '11:0', 'closes': '21:0'}, {'@type': 'OpeningHoursSpecification', 'dayOfWeek': ['Wednesday', 'Thursday', 'Friday', 'Saturday'], 'opens': '11:0', 'closes': '15:0'}]","{'@type': 'PostalAddress', 'addressLocality': 'Williston Park', 'addressRegion': 'NY', 'postalCode': '11596', 'addressCountry': 'US', 'streetAddress': '344 Hillside Avenue'}","{'@type': 'GeoCoordinates', 'latitude': 40.7542772, 'longitude': -73.6534485}","{'@type': 'AggregateRating', 'ratingValue': 4.8, 'reviewCount': '96'}"
Otaki Sushi,https://www.ubereats.com/nyc-suburbs/food-delivery/otaki-sushi/r5YhxpYdTlWsAbkQh7R_OQ,carle-place-new-york,"['Japanese', 'Sushi']",4.7,272,$,40.73768829999999,-73.6694177,+15167398868,11040,2136 Jericho Turnpike,New Hyde Park,NY,"[{'@type': 'OpeningHoursSpecification', 'dayOfWeek': 'Sunday', 'opens': '14:0', 'closes': '20:30'}, {'@type': 'OpeningHoursSpecification', 'dayOfWeek': ['Monday', 'Tuesday', 'Wednesday', 'Thursday'], 'opens': '12:0', 'closes': '15:0'}, {'@type': 'OpeningHoursSpecification', 'dayOfWeek': ['Monday', 'Tuesday', 'Wednesday', 'Thursday'], 'opens': '16:30', 'closes': '20:30'}, {'@type': 'OpeningHoursSpecification', 'dayOfWeek': ['Monday', 'Tuesday', 'Wednesday', 'Thursday'], 'opens': '12:0', 'closes': '15:0'}, {'@type': 'OpeningHoursSpecification', 'dayOfWeek': 'Friday', 'opens': '12:0', 'closes': '15:0'}, {'@type': 'OpeningHoursSpecification', 'dayOfWeek': 'Friday', 'opens': '16:30', 'closes': '21:30'}, {'@type': 'OpeningHoursSpecification', 'dayOfWeek': 'Friday', 'opens': '12:0', 'closes': '15:0'}, {'@type': 'OpeningHoursSpecification', 'dayOfWeek': 'Saturday', 'opens': '13:0', 'closes': '21:30'}]","{'@type': 'PostalAddress', 'addressLocality': 'New Hyde Park', 'addressRegion': 'NY', 'postalCode': '11040', 'addressCountry': 'US', 'streetAddress': '2136 Jericho Turnpike'}","{'@type': 'GeoCoordinates', 'latitude': 40.73768829999999, 'longitude': -73.6694177}","{'@type': 'AggregateRating', 'ratingValue': 4.7, 'reviewCount': '272'}"
VI Pizza,https://www.ubereats.com/nyc-suburbs/food-delivery/vi-pizza/zeu806BjQlSsln2RPAKgIQ,carle-place-new-york,"['Pizza', 'Italian', 'Pasta', 'Family Meals']",4.7,228,$,40.721525,-73.688688,+15164378449,11001,55 Covert Ave,Floral Park,NY,"[{'@type': 'OpeningHoursSpecification', 'dayOfWeek': ['Monday', 'Tuesday', 'Wednesday', 'Thursday', 'Friday', 'Saturday', 'Sunday'], 'opens': '11:30', 'closes': '21:0'}]","{'@type': 'PostalAddress', 'addressLocality': 'Floral Park', 'addressRegion': 'NY', 'postalCode': '11001', 'addressCountry': 'US', 'streetAddress': '55 Covert Ave'}","{'@type': 'GeoCoordinates', 'latitude': 40.721525, 'longitude': -73.688688}","{'@type': 'AggregateRating', 'ratingValue': 4.7, 'reviewCount': '228'}"
Matteos,https://www.ubereats.com/nyc-suburbs/food-delivery/matteos/WRxVWtKhSIC9QXkJtg0TGA,carle-place-new-york,['Italian'],,,$,40.7892411,-73.6514364,+15164840555,11577,88 Mineola Ave,Roslyn Heights,NY,"[{'@type': 'OpeningHoursSpecification', 'dayOfWeek': 'Sunday', 'opens': '16:0', 'closes': '20:30'}, {'@type': 'OpeningHoursSpecification', 'dayOfWeek': ['Tuesday', 'Wednesday', 'Thursday'], 'opens': '17:0', 'closes': '21:0'}, {'@type': 'OpeningHoursSpecification', 'dayOfWeek': ['Friday', 'Saturday'], 'opens': '17:0', 'closes': '21:45'}]","{'@type': 'PostalAddress', 'addressLocality': 'Roslyn Heights', 'addressRegion': 'NY', 'postalCode': '11577', 'addressCountry': 'US', 'streetAddress': '88 Mineola Ave'}","{'@type': 'GeoCoordinates', 'latitude': 40.7892411, 'longitude': -73.6514364}",{}
Eternal Deli,https://www.ubereats.com/nyc-suburbs/food-delivery/eternal-deli/dUD5gV8uRC-1A_slG4atUw,carle-place-new-york,"['Pizza', 'Burgers', 'Sandwich', 'American', 'Breakfast and Brunch']",,,$,40.7103487,-73.6257552,+15165655505,11550,115 Main St,Hempstead,New York,"[{'@type': 'OpeningHoursSpecification', 'dayOfWeek': ['Monday', 'Tuesday', 'Wednesday', 'Thursday', 'Friday'], 'opens': '8:0', 'closes': '11:0'}, {'@type': 'OpeningHoursSpecification', 'dayOfWeek': ['Monday', 'Tuesday', 'Wednesday', 'Thursday', 'Friday'], 'opens': '11:0', 'closes': '19:0'}, {'@type': 'OpeningHoursSpecification', 'dayOfWeek': 'Saturday', 'opens': '8:0', 'closes': '12:0'}, {'@type': 'OpeningHoursSpecification', 'dayOfWeek': 'Saturday', 'opens': '11:0', 'closes': '19:0'}]","{'@type': 'PostalAddress', 'addressLocality': 'Hempstead', 'addressRegion': 'New York', 'postalCode': '11550', 'addressCountry': 'US', 'streetAddress': '115 Main St'}","{'@type': 'GeoCoordinates', 'latitude': 40.7103487, 'longitude': -73.6257552}",{}
Park City Diner,https://www.ubereats.com/nyc-suburbs/food-delivery/park-city-diner/JAuwW46KQQyk65SXZ6UUrA,carle-place-new-york,"['Breakfast', 'Brunch', 'chocolatier', 'Salads', 'Burgers']",,,$$,40.73902289999999,-73.653483,+15167479323,11040,101 Herricks Rd,Garden City Park,NY,"[{'@type': 'OpeningHoursSpecification', 'dayOfWeek': ['Monday', 'Tuesday', 'Wednesday', 'Thursday', 'Friday', 'Saturday', 'Sunday'], 'opens': '12:0', 'closes': '23:0'}, {'@type': 'OpeningHoursSpecification', 'dayOfWeek': ['Monday', 'Tuesday', 'Wednesday', 'Thursday', 'Friday', 'Saturday', 'Sunday'], 'opens': '7:0', 'closes': '11:0'}]","{'@type': 'PostalAddress', 'addressLocality': 'Garden City Park', 'addressRegion': 'NY', 'postalCode': '11040', 'addressCountry': 'US', 'streetAddress': '101 Herricks Rd'}","{'@type': 'GeoCoordinates', 'latitude': 40.73902289999999, 'longitude': -73.653483}",{}
Capers Catering & Delicatessen,https://www.ubereats.com/nyc-suburbs/food-delivery/capers-catering-%26-delicatessen/jngyfobPQG-PcgsS5o-xXw,carle-place-new-york,"['Burgers', 'American', 'Sandwiches']",4.5,11,$,40.74945659999999,-73.5737716,+15167291949,11590,594 Old Country Rd,Westbury,NY,"[{'@type': 'OpeningHoursSpecification', 'dayOfWeek': 'Sunday', 'opens': '8:0', 'closes': '14:15'}, {'@type': 'OpeningHoursSpecification', 'dayOfWeek': 'Sunday', 'opens': '8:0', 'closes': '13:0'}, {'@type': 'OpeningHoursSpecification', 'dayOfWeek': ['Monday', 'Tuesday', 'Wednesday', 'Thursday', 'Friday'], 'opens': '6:0', 'closes': '18:15'}, {'@type': 'OpeningHoursSpecification', 'dayOfWeek': ['Monday', 'Tuesday', 'Wednesday', 'Thursday', 'Friday'], 'opens': '6:0', 'closes': '13:0'}, {'@type': 'OpeningHoursSpecification', 'dayOfWeek': 'Saturday', 'opens': '7:0', 'closes': '16:15'}, {'@type': 'OpeningHoursSpecification', 'dayOfWeek': 'Saturday', 'opens': '7:0', 'closes': '13:0'}]","{'@type': 'PostalAddress', 'addressLocality': 'Westbury', 'addressRegion': 'NY', 'postalCode': '11590', 'addressCountry': 'US', 'streetAddress': '594 Old Country Rd'}","{'@type': 'GeoCoordinates', 'latitude': 40.74945659999999, 'longitude': -73.5737716}","{'@type': 'AggregateRating', 'ratingValue': 4.5, 'reviewCount': '11'}"
Carlo’s pizza,https://www.ubereats.com/nyc-suburbs/food-delivery/carlos-pizza/bfLJ_hmiQE6ZML3-YWvv_Q,carle-place-new-york,"['Pizza', 'American', 'Italian']",,,$,40.7835799,-73.638541,+15169966048,11577,350 Roslyn Road,East Hills,NY,"[{'@type': 'OpeningHoursSpecification', 'dayOfWeek': 'Sunday', 'opens': '11:30', 'closes': '21:30'}, {'@type': 'OpeningHoursSpecification', 'dayOfWeek': ['Monday', 'Tuesday', 'Wednesday', 'Thursday', 'Friday', 'Saturday'], 'opens': '11:0', 'closes': '22:0'}]","{'@type': 'PostalAddress', 'addressLocality': 'East Hills', 'addressRegion': 'NY', 'postalCode': '11577', 'addressCountry': 'US', 'streetAddress': '350 Roslyn Road'}","{'@type': 'GeoCoordinates', 'latitude': 40.7835799, 'longitude': -73.638541}",{}
Coalhouse Grill,https://www.ubereats.com/nyc-suburbs/food-delivery/coalhouse-grill/zwxLO824QPCZsJQhTMvFfg,carle-place-new-york,"['Caribbean', 'Jamaican', 'West Indian', 'Vegan', 'Traditional American', 'Vegan Friendly']",4.5,177,$$,40.6506797,-73.6110719,+15164427063,11510,844 Merrick Rd,Baldwin,NY,"[{'@type': 'OpeningHoursSpecification', 'dayOfWeek': ['Tuesday', 'Wednesday', 'Thursday'], 'opens': '12:0', 'closes': '20:0'}, {'@type': 'OpeningHoursSpecification', 'dayOfWeek': ['Friday', 'Saturday'], 'opens': '12:0', 'closes': '21:0'}]","{'@type': 'PostalAddress', 'addressLocality': 'Baldwin', 'addressRegion': 'NY', 'postalCode': '11510', 'addressCountry': 'US', 'streetAddress': '844 Merrick Rd'}","{'@type': 'GeoCoordinates', 'latitude': 40.6506797, 'longitude': -73.6110719}","{'@type': 'AggregateRating', 'ratingValue': 4.5, 'reviewCount': '177'}"
,https://www.ubereats.com/nyc-suburbs/food-delivery/carvel-265-15-hillside-avenue-glen-oaks-ny-11004-usa/bz8uZiQYQyiESUd1zEJemg,carle-place-new-york,,,,,,,,,,,,,,,
The Halal Chicken and Rice Company,https://www.ubereats.com/nyc-suburbs/food-delivery/the-halal-chicken-and-rice-company/2ND7R_9XR3ajHOEbcQ2OVA,carle-place-new-york,"['Halal', 'Chicken', 'Middle Eastern']",4.5,16,$,40.7467931,-73.5886275,+15164164451,11590,1610 Old Country Rd,Westbury,NY,"[{'@type': 'OpeningHoursSpecification', 'dayOfWeek': ['Monday', 'Tuesday', 'Wednesday', 'Thursday', 'Friday', 'Saturday', 'Sunday'], 'opens': '11:30', 'closes': '22:0'}]","{'@type': 'PostalAddress', 'addressLocality': 'Westbury', 'addressRegion': 'NY', 'postalCode': '11590', 'addressCountry': 'US', 'streetAddress': '1610 Old Country Rd'}","{'@type': 'GeoCoordinates', 'latitude': 40.7467931, 'longitude': -73.5886275}","{'@type': 'AggregateRating', 'ratingValue': 4.5, 'reviewCount': '16'}"
,https://www.ubereats.com/nyc-suburbs/food-delivery/power-poke-new-hyde-park/_o3YW-PhRbyZPBT6gil5fw,carle-place-new-york,,,,,,,,,,,,,,,
Starbucks (Manhasset),https://www.ubereats.com/nyc-suburbs/food-delivery/starbucks-manhasset/rICv-SF3RaWAk_ANEDXVzQ,carle-place-new-york,"['Bakery', 'Breakfast and Brunch', 'Cafe', 'Coffee & Tea']",4.7,95,$,40.797676,-73.7000881,+15168699608,11030,375 PLANDOME RD,Manhasset,NY,"[{'@type': 'OpeningHoursSpecification', 'dayOfWeek': 'Sunday', 'opens': '6:30', 'closes': '20:0'}, {'@type': 'OpeningHoursSpecification', 'dayOfWeek': ['Monday', 'Tuesday', 'Wednesday', 'Thursday', 'Friday', 'Saturday'], 'opens': '6:0', 'closes': '20:0'}]","{'@type': 'PostalAddress', 'addressLocality': 'Manhasset', 'addressRegion': 'NY', 'postalCode': '11030', 'addressCountry': 'US', 'streetAddress': '375 PLANDOME RD'}","{'@type': 'GeoCoordinates', 'latitude': 40.797676, 'longitude': -73.7000881}","{'@type': 'AggregateRating', 'ratingValue': 4.7, 'reviewCount': '95'}"
Fortune east,https://www.ubereats.com/nyc-suburbs/food-delivery/fortune-east/dNYuXP3BSSGNsUQeqQydRA,carle-place-new-york,"['Chinese: Other', 'Vegan', 'Seafood']",4.6,104,$$,40.751813,-73.672487,+19173758796,11040,2123 Hillside Avenue,New Hyde Park,NY,"[{'@type': 'OpeningHoursSpecification', 'dayOfWeek': 'Sunday', 'opens': '11:30', 'closes': '22:0'}, {'@type': 'OpeningHoursSpecification', 'dayOfWeek': ['Monday', 'Tuesday', 'Wednesday', 'Thursday'], 'opens': '11:0', 'closes': '22:0'}, {'@type': 'OpeningHoursSpecification', 'dayOfWeek': ['Friday', 'Saturday'], 'opens': '11:0', 'closes': '23:0'}]","{'@type': 'PostalAddress', 'addressLocality': 'New Hyde Park', 'addressRegion': 'NY', 'postalCode': '11040', 'addressCountry': 'US', 'streetAddress': '2123 Hillside Avenue'}","{'@type': 'GeoCoordinates', 'latitude': 40.751813, 'longitude': -73.672487}","{'@type': 'AggregateRating', 'ratingValue': 4.6, 'reviewCount': '104'}"
La Finca Restaurant,https://www.ubereats.com/nyc-suburbs/food-delivery/la-finca-restaurant/EUhIaR80QB6520qkiWVi4g,carle-place-new-york,"['Colombian', 'Breakfast and Brunch', 'Seafood']",4.6,92,$$$,40.7649892,-73.5211401,+15169350951,,,,,"[{'@type': 'OpeningHoursSpecification', 'dayOfWeek': 'Sunday', 'opens': '11:0', 'closes': '20:0'}, {'@type': 'OpeningHoursSpecification', 'dayOfWeek': 'Sunday', 'opens': '12:0', 'closes': '21:30'}, {'@type': 'OpeningHoursSpecification', 'dayOfWeek': 'Monday', 'opens': '12:0', 'closes': '15:0'}, {'@type': 'OpeningHoursSpecification', 'dayOfWeek': 'Monday', 'opens': '12:0', 'closes': '21:30'}, {'@type': 'OpeningHoursSpecification', 'dayOfWeek': 'Tuesday', 'opens': '12:0', 'closes': '15:0'}, {'@type': 'OpeningHoursSpecification', 'dayOfWeek': 'Tuesday', 'opens': '11:0', 'closes': '20:0'}, {'@type': 'OpeningHoursSpecification', 'dayOfWeek': 'Tuesday', 'opens': '12:0', 'closes': '21:30'}, {'@type': 'OpeningHoursSpecification', 'dayOfWeek': 'Wednesday', 'opens': '12:0', 'closes': '15:0'}, {'@type': 'OpeningHoursSpecification', 'dayOfWeek': 'Wednesday', 'opens': '11:0', 'closes': '20:0'}, {'@type': 'OpeningHoursSpecification', 'dayOfWeek': 'Wednesday', 'opens': '12:0', 'closes': '21:30'}, {'@type': 'OpeningHoursSpecification', 'dayOfWeek': 'Thursday', 'opens': '12:0', 'closes': '15:0'}, {'@type': 'OpeningHoursSpecification', 'dayOfWeek': 'Thursday', 'opens': '11:0', 'closes': '20:0'}, {'@type': 'OpeningHoursSpecification', 'dayOfWeek': 'Thursday', 'opens': '12:0', 'closes': '21:30'}, {'@type': 'OpeningHoursSpecification', 'dayOfWeek': 'Friday', 'opens': '12:0', 'closes': '15:0'}, {'@type': 'OpeningHoursSpecification', 'dayOfWeek': 'Friday', 'opens': '11:0', 'closes': '20:0'}, {'@type': 'OpeningHoursSpecification', 'dayOfWeek': 'Friday', 'opens': '12:0', 'closes': '21:30'}, {'@type': 'OpeningHoursSpecification', 'dayOfWeek': 'Saturday', 'opens': '11:0', 'closes': '20:0'}, {'@type': 'OpeningHoursSpecification', 'dayOfWeek': 'Saturday', 'opens': '12:0', 'closes': '21:30'}]",,"{'@type': 'GeoCoordinates', 'latitude': 40.7649892, 'longitude': -73.5211401}","{'@type': 'AggregateRating', 'ratingValue': 4.6, 'reviewCount': '92'}"
 No.1 Kitchen,https://www.ubereats.com/nyc-suburbs/food-delivery/no1-kitchen/BO5mfM1EQD6IfRg-QRfYrQ,carle-place-new-york,"['Chinese', 'Fast Food']",4.3,72,$,40.7887548,-73.6511716,+19292641271,11577,104 Mineola Ave,Roslyn Heights,NY,"[{'@type': 'OpeningHoursSpecification', 'dayOfWeek': ['Monday', 'Tuesday', 'Wednesday', 'Thursday', 'Friday', 'Saturday', 'Sunday'], 'opens': '10:0', 'closes': '15:0'}, {'@type': 'OpeningHoursSpecification', 'dayOfWeek': ['Monday', 'Tuesday', 'Wednesday', 'Thursday', 'Friday', 'Saturday', 'Sunday'], 'opens': '10:0', 'closes': '22:20'}]","{'@type': 'PostalAddress', 'addressLocality': 'Roslyn Heights', 'addressRegion': 'NY', 'postalCode': '11577', 'addressCountry': 'US', 'streetAddress': '104 Mineola Ave'}","{'@type': 'GeoCoordinates', 'latitude': 40.7887548, 'longitude': -73.6511716}","{'@type': 'AggregateRating', 'ratingValue': 4.3, 'reviewCount': '72'}"
Nina’s Deli,https://www.ubereats.com/nyc-suburbs/food-delivery/ninas-deli/ihU8FkMJQCCqzPNfn0icNA,carle-place-new-york,"['Italian', 'Sandwich', 'Traditional American', 'Breakfast & Brunch']",4.7,51,$,40.714801,-73.54435,+15168097582,11554,355 Newbridge Rd,East Meadow,New York,"[{'@type': 'OpeningHoursSpecification', 'dayOfWeek': ['Monday', 'Tuesday', 'Wednesday', 'Thursday', 'Friday', 'Saturday'], 'opens': '8:0', 'closes': '14:0'}]","{'@type': 'PostalAddress', 'addressLocality': 'East Meadow', 'addressRegion': 'New York', 'postalCode': '11554', 'addressCountry': 'US', 'streetAddress': '355 Newbridge Rd'}","{'@type': 'GeoCoordinates', 'latitude': 40.714801, 'longitude': -73.54435}","{'@type': 'AggregateRating', 'ratingValue': 4.7, 'reviewCount': '51'}"
Knot Of This World Pretzels,https://www.ubereats.com/nyc-suburbs/food-delivery/knot-of-this-world-pretzels/JyiBaYnSQY-KGHGvitNe0w,carle-place-new-york,"['Bakery', 'Comfort Food', 'Pastry']",,,$,40.72580079999999,-73.5232454,+15163834012,11756,3041 Hempstead Turnpike,Levittown,NY,"[{'@type': 'OpeningHoursSpecification', 'dayOfWeek': 'Sunday', 'opens': '10:0', 'closes': '18:0'}, {'@type': 'OpeningHoursSpecification', 'dayOfWeek': ['Monday', 'Tuesday', 'Wednesday', 'Thursday', 'Friday', 'Saturday'], 'opens': '9:0', 'closes': '20:0'}]","{'@type': 'PostalAddress', 'addressLocality': 'Levittown', 'addressRegion': 'NY', 'postalCode': '11756', 'addressCountry': 'US', 'streetAddress': '3041 Hempstead Turnpike'}","{'@type': 'GeoCoordinates', 'latitude': 40.72580079999999, 'longitude': -73.5232454}",{}
Blimpie - Westbury,https://www.ubereats.com/nyc-suburbs/food-delivery/blimpie-westbury/nCk1s2JAT2GQGqesghwP2Q,carle-place-new-york,"['Salads', 'Sandwich', 'American', 'Desserts']",,,$,40.750291,-73.579065,+15163382614,11590,525 Old Country Rd,Westbury,New York,"[{'@type': 'OpeningHoursSpecification', 'dayOfWeek': 'Sunday', 'opens': '11:0', 'closes': '19:0'}, {'@type': 'OpeningHoursSpecification', 'dayOfWeek': ['Monday', 'Tuesday', 'Wednesday', 'Thursday', 'Friday', 'Saturday'], 'opens': '10:0', 'closes': '21:0'}]","{'@type': 'PostalAddress', 'addressLocality': 'Westbury', 'addressRegion': 'New York', 'postalCode': '11590', 'addressCountry': 'US', 'streetAddress': '525 Old Country Rd'}","{'@type': 'GeoCoordinates', 'latitude': 40.750291, 'longitude': -73.579065}",{}
Amias delicatessen ,https://www.ubereats.com/nyc-suburbs/food-delivery/amias-delicatessen/HXm5WikXSjqYZDR67bDtdA,carle-place-new-york,"['Breakfast & Brunch', 'Sandwich', 'Deli']",4.7,90,$,40.7139005,-73.5726741,+15162808404,11554,343 Merrick Ave,East Meadow,NY,"[{'@type': 'OpeningHoursSpecification', 'dayOfWeek': 'Sunday', 'opens': '7:0', 'closes': '16:30'}, {'@type': 'OpeningHoursSpecification', 'dayOfWeek': ['Monday', 'Tuesday', 'Wednesday', 'Thursday', 'Friday'], 'opens': '6:0', 'closes': '18:30'}, {'@type': 'OpeningHoursSpecification', 'dayOfWeek': 'Saturday', 'opens': '6:0', 'closes': '17:30'}]","{'@type': 'PostalAddress', 'addressLocality': 'East Meadow', 'addressRegion': 'NY', 'postalCode': '11554', 'addressCountry': 'US', 'streetAddress': '343 Merrick Ave'}","{'@type': 'GeoCoordinates', 'latitude': 40.7139005, 'longitude': -73.5726741}","{'@type': 'AggregateRating', 'ratingValue': 4.7, 'reviewCount': '90'}"
Curry Corner,https://www.ubereats.com/nyc-suburbs/food-delivery/curry-corner/u1-WHbDfSNuLfunBmwBX0A,carle-place-new-york,['Indian'],,,$$,40.7668565,-73.5225978,+15163903913,11801,107 Broadway,Hicksville,NY,"[{'@type': 'OpeningHoursSpecification', 'dayOfWeek': 'Sunday', 'opens': '12:0', 'closes': '16:0'}, {'@type': 'OpeningHoursSpecification', 'dayOfWeek': 'Sunday', 'opens': '17:0', 'closes': '22:0'}, {'@type': 'OpeningHoursSpecification', 'dayOfWeek': ['Monday', 'Tuesday', 'Wednesday', 'Thursday', 'Friday'], 'opens': '12:0', 'closes': '15:0'}, {'@type': 'OpeningHoursSpecification', 'dayOfWeek': ['Monday', 'Tuesday', 'Wednesday', 'Thursday', 'Friday'], 'opens': '17:0', 'closes': '22:0'}, {'@type': 'OpeningHoursSpecification', 'dayOfWeek': 'Saturday', 'opens': '12:0', 'closes': '16:0'}, {'@type': 'OpeningHoursSpecification', 'dayOfWeek': 'Saturday', 'opens': '17:0', 'closes': '22:0'}]","{'@type': 'PostalAddress', 'addressLocality': 'Hicksville', 'addressRegion': 'NY', 'postalCode': '11801', 'addressCountry': 'US', 'streetAddress': '107 Broadway'}","{'@type': 'GeoCoordinates', 'latitude': 40.7668565, 'longitude': -73.5225978}",{}
White Castle (19 Hempstead Tpke.),https://www.ubereats.com/nyc-suburbs/food-delivery/white-castle-19-hempstead-tpke/kIg0IddBTRiZ9cYZQL7JWQ,carle-place-new-york,"['American', 'burger', 'Fast Food']",4.1,300,$,40.7044177,-73.63869679999999,+15164837468,11552,19 Hempstead Tpke.,W. Hempstead,NY,"[{'@type': 'OpeningHoursSpecification', 'dayOfWeek': ['Monday', 'Tuesday', 'Wednesday', 'Thursday', 'Friday', 'Saturday', 'Sunday'], 'opens': '0:0', 'closes': '23:59'}]","{'@type': 'PostalAddress', 'addressLocality': 'W. Hempstead', 'addressRegion': 'NY', 'postalCode': '11552', 'addressCountry': 'US', 'streetAddress': '19 Hempstead Tpke.'}","{'@type': 'GeoCoordinates', 'latitude': 40.7044177, 'longitude': -73.63869679999999}","{'@type': 'AggregateRating', 'ratingValue': 4.1, 'reviewCount': '300'}"
Cruzita's Resturant,https://www.ubereats.com/nyc-suburbs/food-delivery/cruzitas-resturant/YKzHHArRS5C0Y3qG4lirwA,carle-place-new-york,"['Spanish', 'Seafood', 'Mediterranean']",,,$,40.7462495,-73.5522981,+15164276101,11590,807 Carman Ave,Westbury,NY,"[{'@type': 'OpeningHoursSpecification', 'dayOfWeek': 'Sunday', 'opens': '10:0', 'closes': '23:0'}, {'@type': 'OpeningHoursSpecification', 'dayOfWeek': ['Monday', 'Tuesday', 'Wednesday', 'Thursday'], 'opens': '10:0', 'closes': '22:0'}, {'@type': 'OpeningHoursSpecification', 'dayOfWeek': ['Friday', 'Saturday'], 'opens': '10:0', 'closes': '23:0'}]","{'@type': 'PostalAddress', 'addressLocality': 'Westbury', 'addressRegion': 'NY', 'postalCode': '11590', 'addressCountry': 'US', 'streetAddress': '807 Carman Ave'}","{'@type': 'GeoCoordinates', 'latitude': 40.7462495, 'longitude': -73.5522981}",{}
,https://www.ubereats.com/nyc-suburbs/food-delivery/golden-halal-bakes-inc/ZAaUcBMXT3OgUvhKQ7Bf-w,carle-place-new-york,,,,,,,,,,,,,,,
Gyro boys,https://www.ubereats.com/nyc-suburbs/food-delivery/gyro-boys/0gbHv8dxTVCvI-12x5rXlw,carle-place-new-york,"['Halal', 'Wings', 'Burgers']",,,,40.7115997,-73.5557484,+15162807011,11554,525 E Meadow Ave,East Meadow,NY,"[{'@type': 'OpeningHoursSpecification', 'dayOfWeek': ['Monday', 'Tuesday', 'Wednesday', 'Thursday', 'Friday', 'Saturday'], 'opens': '11:0', 'closes': '21:0'}]","{'@type': 'PostalAddress', 'addressLocality': 'East Meadow', 'addressRegion': 'NY', 'postalCode': '11554', 'addressCountry': 'US', 'streetAddress': '525 E Meadow Ave'}","{'@type': 'GeoCoordinates', 'latitude': 40.7115997, 'longitude': -73.5557484}",{}
Gino's Pizza (428 Uniondale Ave),https://www.ubereats.com/nyc-suburbs/food-delivery/ginos-pizza-428-uniondale-ave/zHT-xHJBSz-4BpDohXwyQw,carle-place-new-york,"['Pizza', 'Italian', 'Pasta', 'Burgers']",4.7,176,$,40.7050524,-73.59297509999999,+15164813233,,,,,"[{'@type': 'OpeningHoursSpecification', 'dayOfWeek': ['Sunday', 'Monday', 'Tuesday', 'Wednesday', 'Thursday'], 'opens': '12:0', 'closes': '21:0'}, {'@type': 'OpeningHoursSpecification', 'dayOfWeek': ['Friday', 'Saturday'], 'opens': '12:0', 'closes': '22:0'}]",,"{'@type': 'GeoCoordinates', 'latitude': 40.7050524, 'longitude': -73.59297509999999}","{'@type': 'AggregateRating', 'ratingValue': 4.7, 'reviewCount': '176'}"
Skinny Pizza - Roslyn Heights,https://www.ubereats.com/nyc-suburbs/food-delivery/skinny-pizza-roslyn-heights/Y6BPEqmuT2mhiTSErroaZw,carle-place-new-york,"['Pizza', 'Sandwich', 'Salads']",4.8,78,$,40.785975,-73.64963,+15166866180,11577,211 Mineola Ave,Roslyn Heights,NY,"[{'@type': 'OpeningHoursSpecification', 'dayOfWeek': 'Sunday', 'opens': '12:0', 'closes': '19:45'}, {'@type': 'OpeningHoursSpecification', 'dayOfWeek': ['Monday', 'Tuesday', 'Wednesday', 'Thursday', 'Friday', 'Saturday'], 'opens': '11:0', 'closes': '20:45'}]","{'@type': 'PostalAddress', 'addressLocality': 'Roslyn Heights', 'addressRegion': 'NY', 'postalCode': '11577', 'addressCountry': 'US', 'streetAddress': '211 Mineola Ave'}","{'@type': 'GeoCoordinates', 'latitude': 40.785975, 'longitude': -73.64963}","{'@type': 'AggregateRating', 'ratingValue': 4.8, 'reviewCount': '78'}"
McDonald's® - Hicksville (Route 107),https://www.ubereats.com/nyc-suburbs/food-delivery/mcdonalds-hicksville-route-107/MCA5sgJkQZORC_-Il6kpxg,carle-place-new-york,"['American', 'Fast Food', 'Burgers']",4.7,194,$,40.749131,-73.502543,+15169325380,11801,805 S BROADWAY,HICKSVILLE,NY,"[{'@type': 'OpeningHoursSpecification', 'dayOfWeek': 'Sunday', 'opens': '6:0', 'closes': '11:29'}, {'@type': 'OpeningHoursSpecification', 'dayOfWeek': 'Sunday', 'opens': '11:30', 'closes': '16:59'}, {'@type': 'OpeningHoursSpecification', 'dayOfWeek': 'Sunday', 'opens': '17:0', 'closes': '23:43'}, {'@type': 'OpeningHoursSpecification', 'dayOfWeek': ['Monday', 'Tuesday', 'Wednesday', 'Thursday', 'Friday', 'Saturday'], 'opens': '6:0', 'closes': '10:59'}, {'@type': 'OpeningHoursSpecification', 'dayOfWeek': ['Monday', 'Tuesday', 'Wednesday', 'Thursday', 'Friday', 'Saturday'], 'opens': '11:0', 'closes': '16:59'}, {'@type': 'OpeningHoursSpecification', 'dayOfWeek': ['Monday', 'Tuesday', 'Wednesday', 'Thursday', 'Friday', 'Saturday'], 'opens': '17:0', 'closes': '23:43'}]","{'@type': 'PostalAddress', 'addressLocality': 'HICKSVILLE', 'addressRegion': 'NY', 'postalCode': '11801', 'addressCountry': 'US', 'streetAddress': '805 S BROADWAY'}","{'@type': 'GeoCoordinates', 'latitude': 40.749131, 'longitude': -73.502543}","{'@type': 'AggregateRating', 'ratingValue': 4.7, 'reviewCount': '194'}"
Sushi Village,https://www.ubereats.com/nyc-suburbs/food-delivery/sushi-village/-Sje99_sSOyKB3NbPlBWiw,carle-place-new-york,"['Sushi', 'Asian', 'Japanese']",4.6,225,$$,40.760651599999996,-73.5327969,+15165131790,11801,290 W Old Country Rd,Hicksville,NY,"[{'@type': 'OpeningHoursSpecification', 'dayOfWeek': 'Sunday', 'opens': '12:0', 'closes': '22:0'}, {'@type': 'OpeningHoursSpecification', 'dayOfWeek': ['Monday', 'Tuesday', 'Wednesday', 'Thursday', 'Friday'], 'opens': '11:30', 'closes': '22:0'}, {'@type': 'OpeningHoursSpecification', 'dayOfWeek': ['Monday', 'Tuesday', 'Wednesday', 'Thursday', 'Friday'], 'opens': '11:30', 'closes': '15:0'}, {'@type': 'OpeningHoursSpecification', 'dayOfWeek': 'Saturday', 'opens': '12:0', 'closes': '22:30'}]","{'@type': 'PostalAddress', 'addressLocality': 'Hicksville', 'addressRegion': 'NY', 'postalCode': '11801', 'addressCountry': 'US', 'streetAddress': '290 W Old Country Rd'}","{'@type': 'GeoCoordinates', 'latitude': 40.760651599999996, 'longitude': -73.5327969}","{'@type': 'AggregateRating', 'ratingValue': 4.6, 'reviewCount': '225'}"
Dunkin' (59 Jackson Ave),https://www.ubereats.com/nyc-suburbs/food-delivery/dunkin-59-jackson-ave/Y5xQZT3vT423L2St0HG8Gw,carle-place-new-york,"['Breakfast and Brunch', 'Donuts']",,,$,40.8244805,-73.5018458,+15163642299,11791,59 Jackson Ave,Syosset,NY,"[{'@type': 'OpeningHoursSpecification', 'dayOfWeek': 'Sunday', 'opens': '7:0', 'closes': '20:30'}, {'@type': 'OpeningHoursSpecification', 'dayOfWeek': ['Monday', 'Tuesday', 'Wednesday', 'Thursday', 'Friday'], 'opens': '6:30', 'closes': '20:30'}, {'@type': 'OpeningHoursSpecification', 'dayOfWeek': 'Saturday', 'opens': '7:0', 'closes': '20:30'}]","{'@type': 'PostalAddress', 'addressLocality': 'Syosset', 'addressRegion': 'NY', 'postalCode': '11791', 'addressCountry': 'US', 'streetAddress': '59 Jackson Ave'}","{'@type': 'GeoCoordinates', 'latitude': 40.8244805, 'longitude': -73.5018458}",{}
,https://www.ubereats.com/nyc-suburbs/food-delivery/moes-halal-food/WJGlb3AuQraNdcXlt59T-w,carle-place-new-york,,,,,,,,,,,,,,,
Smoothielicious,https://www.ubereats.com/nyc-suburbs/food-delivery/smoothielicious/47ChfLZeSuKhFmAKZfSoYg,carle-place-new-york,"['Healthy', 'Juice and Smoothies']",,,$,40.7472881,-73.62043249999999,+15163856787,11514,143 Voice Rd,Carle Place,NY,"[{'@type': 'OpeningHoursSpecification', 'dayOfWeek': 'Sunday', 'opens': '9:0', 'closes': '17:50'}, {'@type': 'OpeningHoursSpecification', 'dayOfWeek': ['Monday', 'Tuesday', 'Wednesday', 'Thursday', 'Friday'], 'opens': '9:0', 'closes': '21:30'}, {'@type': 'OpeningHoursSpecification', 'dayOfWeek': 'Saturday', 'opens': '9:0', 'closes': '17:50'}]","{'@type': 'PostalAddress', 'addressLocality': 'Carle Place', 'addressRegion': 'NY', 'postalCode': '11514', 'addressCountry': 'US', 'streetAddress': '143 Voice Rd'}","{'@type': 'GeoCoordinates', 'latitude': 40.7472881, 'longitude': -73.62043249999999}",{}
Chen's Poke,https://www.ubereats.com/nyc-suburbs/food-delivery/chens-poke/HGt9C7h4QOe6ELCN0wuwyQ,carle-place-new-york,"['Japanese', 'Asian', 'Sushi']",4.8,58,$,40.7401236,-73.6340974,+15168158888,11501,106 Old Country Rd,Mineola,NY,"[{'@type': 'OpeningHoursSpecification', 'dayOfWeek': 'Sunday', 'opens': '12:0', 'closes': '21:0'}, {'@type': 'OpeningHoursSpecification', 'dayOfWeek': ['Monday', 'Tuesday', 'Wednesday', 'Thursday', 'Friday', 'Saturday'], 'opens': '11:0', 'closes': '21:0'}]","{'@type': 'PostalAddress', 'addressLocality': 'Mineola', 'addressRegion': 'NY', 'postalCode': '11501', 'addressCountry': 'US', 'streetAddress': '106 Old Country Rd'}","{'@type': 'GeoCoordinates', 'latitude': 40.7401236, 'longitude': -73.6340974}","{'@type': 'AggregateRating', 'ratingValue': 4.8, 'reviewCount': '58'}"
Taco Joe's Levittown,https://www.ubereats.com/nyc-suburbs/food-delivery/taco-joes-levittown/VaZZyIZ8RYC7Rxo7YdtuKw,carle-place-new-york,['Mexican'],4.4,78,$,40.726343299999996,-73.5152165,+15167190681,11756,3275 Hempstead Tpke,Levittown,NY,"[{'@type': 'OpeningHoursSpecification', 'dayOfWeek': ['Monday', 'Tuesday', 'Wednesday', 'Thursday', 'Friday', 'Saturday', 'Sunday'], 'opens': '11:0', 'closes': '21:30'}]","{'@type': 'PostalAddress', 'addressLocality': 'Levittown', 'addressRegion': 'NY', 'postalCode': '11756', 'addressCountry': 'US', 'streetAddress': '3275 Hempstead Tpke'}","{'@type': 'GeoCoordinates', 'latitude': 40.726343299999996, 'longitude': -73.5152165}","{'@type': 'AggregateRating', 'ratingValue': 4.4, 'reviewCount': '78'}"
McDonald's® - Hicksville (N Broadway),https://www.ubereats.com/nyc-suburbs/food-delivery/mcdonalds-hicksville-n-broadway/VaBTzhPFQ8ORBxozACh8rQ,carle-place-new-york,"['American', 'Fast Food', 'Burgers']",4.5,198,$,40.7781347,-73.5307234,+15166812434,11801,280 N Broadway,Hicksville,NY,"[{'@type': 'OpeningHoursSpecification', 'dayOfWeek': 'Sunday', 'opens': '6:0', 'closes': '11:29'}, {'@type': 'OpeningHoursSpecification', 'dayOfWeek': 'Sunday', 'opens': '11:30', 'closes': '17:0'}, {'@type': 'OpeningHoursSpecification', 'dayOfWeek': 'Sunday', 'opens': '17:0', 'closes': '5:59'}, {'@type': 'OpeningHoursSpecification', 'dayOfWeek': ['Monday', 'Tuesday', 'Wednesday', 'Thursday', 'Friday'], 'opens': '6:0', 'closes': '10:29'}, {'@type': 'OpeningHoursSpecification', 'dayOfWeek': ['Monday', 'Tuesday', 'Wednesday', 'Thursday', 'Friday'], 'opens': '10:30', 'closes': '17:0'}, {'@type': 'OpeningHoursSpecification', 'dayOfWeek': ['Monday', 'Tuesday', 'Wednesday', 'Thursday', 'Friday'], 'opens': '17:0', 'closes': '5:59'}, {'@type': 'OpeningHoursSpecification', 'dayOfWeek': 'Saturday', 'opens': '6:0', 'closes': '10:59'}, {'@type': 'OpeningHoursSpecification', 'dayOfWeek': 'Saturday', 'opens': '11:0', 'closes': '17:0'}, {'@type': 'OpeningHoursSpecification', 'dayOfWeek': 'Saturday', 'opens': '17:0', 'closes': '5:59'}]","{'@type': 'PostalAddress', 'addressLocality': 'Hicksville', 'addressRegion': 'NY', 'postalCode': '11801', 'addressCountry': 'US', 'streetAddress': '280 N Broadway'}","{'@type': 'GeoCoordinates', 'latitude': 40.7781347, 'longitude': -73.5307234}","{'@type': 'AggregateRating', 'ratingValue': 4.5, 'reviewCount': '198'}"
The Cajun Bucket Restaurant,https://www.ubereats.com/nyc-suburbs/food-delivery/the-cajun-bucket-restaurant/KsaEbZjdTtuEko_7ZWQfPQ,carle-place-new-york,"['Comfort Food', 'Caribbean', 'Cajun']",4.4,81,$,40.7062065,-73.65608139999999,+15165887700,11552,472 Hempstead Turnpike,West Hempstead,NY,"[{'@type': 'OpeningHoursSpecification', 'dayOfWeek': ['Sunday', 'Monday', 'Tuesday', 'Wednesday', 'Thursday'], 'opens': '11:30', 'closes': '21:0'}, {'@type': 'OpeningHoursSpecification', 'dayOfWeek': ['Friday', 'Saturday'], 'opens': '11:30', 'closes': '22:0'}]","{'@type': 'PostalAddress', 'addressLocality': 'West Hempstead', 'addressRegion': 'NY', 'postalCode': '11552', 'addressCountry': 'US', 'streetAddress': '472 Hempstead Turnpike'}","{'@type': 'GeoCoordinates', 'latitude': 40.7062065, 'longitude': -73.65608139999999}","{'@type': 'AggregateRating', 'ratingValue': 4.4, 'reviewCount': '81'}"
McDonald's® - Carle Place,https://www.ubereats.com/nyc-suburbs/food-delivery/mcdonalds-carle-place/JiKLD6X3Q8GLlzp8syCJ4w,carle-place-new-york,"['American', 'Fast Food', 'Burgers']",4.6,107,$,40.749802,-73.616776,+15167420526,11514,95 Westbury Ave,Carle Place,NY,"[{'@type': 'OpeningHoursSpecification', 'dayOfWeek': 'Sunday', 'opens': '6:0', 'closes': '10:59'}, {'@type': 'OpeningHoursSpecification', 'dayOfWeek': 'Sunday', 'opens': '11:0', 'closes': '16:59'}, {'@type': 'OpeningHoursSpecification', 'dayOfWeek': 'Sunday', 'opens': '17:0', 'closes': '1:45'}, {'@type': 'OpeningHoursSpecification', 'dayOfWeek': ['Monday', 'Tuesday', 'Wednesday', 'Thursday'], 'opens': '6:0', 'closes': '10:59'}, {'@type': 'OpeningHoursSpecification', 'dayOfWeek': ['Monday', 'Tuesday', 'Wednesday', 'Thursday'], 'opens': '11:0', 'closes': '16:59'}, {'@type': 'OpeningHoursSpecification', 'dayOfWeek': ['Monday', 'Tuesday', 'Wednesday', 'Thursday'], 'opens': '17:0', 'closes': '0:45'}, {'@type': 'OpeningHoursSpecification', 'dayOfWeek': ['Friday', 'Saturday'], 'opens': '6:0', 'closes': '10:59'}, {'@type': 'OpeningHoursSpecification', 'dayOfWeek': ['Friday', 'Saturday'], 'opens': '11:0', 'closes': '16:59'}, {'@type': 'OpeningHoursSpecification', 'dayOfWeek': ['Friday', 'Saturday'], 'opens': '17:0', 'closes': '1:45'}]","{'@type': 'PostalAddress', 'addressLocality': 'Carle Place', 'addressRegion': 'NY', 'postalCode': '11514', 'addressCountry': 'US', 'streetAddress': '95 Westbury Ave'}","{'@type': 'GeoCoordinates', 'latitude': 40.749802, 'longitude': -73.616776}","{'@type': 'AggregateRating', 'ratingValue': 4.6, 'reviewCount': '107'}"
Vincent's Restaurant & Pizzeria,https://www.ubereats.com/nyc-suburbs/food-delivery/vincents-restaurant-%26-pizzeria/-XfgQHvPQq-tEdCVWuPy4A,carle-place-new-york,"['Pizza', 'American', 'Italian']",,,$,40.7706526,-73.6476192,+15166217530,11507,1004 Willis Ave,Albertson,NY,"[{'@type': 'OpeningHoursSpecification', 'dayOfWeek': ['Monday', 'Tuesday', 'Wednesday', 'Thursday', 'Friday', 'Saturday', 'Sunday'], 'opens': '11:0', 'closes': '22:0'}]","{'@type': 'PostalAddress', 'addressLocality': 'Albertson', 'addressRegion': 'NY', 'postalCode': '11507', 'addressCountry': 'US', 'streetAddress': '1004 Willis Ave'}","{'@type': 'GeoCoordinates', 'latitude': 40.7706526, 'longitude': -73.6476192}",{}
Papa John's Pizza #2942,https://www.ubereats.com/nyc-suburbs/food-delivery/papa-johns-pizza-%232942/-fzE0g-TQR69r-hZmkxaIA,carle-place-new-york,"['Pizza', 'Wings', 'Desserts']",4.6,144,$,40.718593,-73.590518,+15165387272,11553,1204 Hempstead Turnpike,Uniondale,NY,"[{'@type': 'OpeningHoursSpecification', 'dayOfWeek': ['Sunday', 'Monday', 'Tuesday', 'Wednesday', 'Thursday'], 'opens': '11:0', 'closes': '0:40'}, {'@type': 'OpeningHoursSpecification', 'dayOfWeek': ['Friday', 'Saturday'], 'opens': '11:0', 'closes': '1:40'}]","{'@type': 'PostalAddress', 'addressLocality': 'Uniondale', 'addressRegion': 'NY', 'postalCode': '11553', 'addressCountry': 'US', 'streetAddress': '1204 Hempstead Turnpike'}","{'@type': 'GeoCoordinates', 'latitude': 40.718593, 'longitude': -73.590518}","{'@type': 'AggregateRating', 'ratingValue': 4.6, 'reviewCount': '144'}"
Delicacies Gourmet - Roslyn,https://www.ubereats.com/nyc-suburbs/food-delivery/delicacies-gourmet-roslyn/3Fqu6IyaSWa5LrKf1naHFA,carle-place-new-york,"['American', 'Desserts']",4.7,213,$,40.800333,-73.648794,+15164847338,11576,1354 Old Northern Blvd,Roslyn,NY,"[{'@type': 'OpeningHoursSpecification', 'dayOfWeek': 'Sunday', 'opens': '6:30', 'closes': '16:30'}, {'@type': 'OpeningHoursSpecification', 'dayOfWeek': ['Monday', 'Tuesday', 'Wednesday', 'Thursday', 'Friday', 'Saturday'], 'opens': '6:30', 'closes': '17:30'}]","{'@type': 'PostalAddress', 'addressLocality': 'Roslyn', 'addressRegion': 'NY', 'postalCode': '11576', 'addressCountry': 'US', 'streetAddress': '1354 Old Northern Blvd'}","{'@type': 'GeoCoordinates', 'latitude': 40.800333, 'longitude': -73.648794}","{'@type': 'AggregateRating', 'ratingValue': 4.7, 'reviewCount': '213'}"
Burger King (340 Hempstead Turnpike),https://www.ubereats.com/nyc-suburbs/food-delivery/burger-king-340-hempstead-turnpike/crxTEcjLTSeEFPEG3EsCwA,carle-place-new-york,"['American', 'burger', 'Fast Food']",4.5,50,$,40.7054146,-73.6515514,+15165382859,11552,340 Hempstead Turnpike,West Hempstead,NY,"[{'@type': 'OpeningHoursSpecification', 'dayOfWeek': ['Monday', 'Tuesday', 'Wednesday', 'Thursday', 'Friday', 'Saturday', 'Sunday'], 'opens': '7:30', 'closes': '10:29'}, {'@type': 'OpeningHoursSpecification', 'dayOfWeek': ['Monday', 'Tuesday', 'Wednesday', 'Thursday', 'Friday', 'Saturday', 'Sunday'], 'opens': '10:30', 'closes': '20:30'}]","{'@type': 'PostalAddress', 'addressLocality': 'West Hempstead', 'addressRegion': 'NY', 'postalCode': '11552', 'addressCountry': 'US', 'streetAddress': '340 Hempstead Turnpike'}","{'@type': 'GeoCoordinates', 'latitude': 40.7054146, 'longitude': -73.6515514}","{'@type': 'AggregateRating', 'ratingValue': 4.5, 'reviewCount': '50'}"
Cinellis Pizzeria & Restaurant,https://www.ubereats.com/nyc-suburbs/food-delivery/cinellis-pizzeria-%26-restaurant/SSbVD7etS6aCPft8GDKkwg,carle-place-new-york,"['Italian', 'Pasta', 'Comfort Food']",4.7,44,$,40.70809239999999,-73.6845215,+15163522204,11010,1195 Hempstead Turnpike,Franklin Square,NY,"[{'@type': 'OpeningHoursSpecification', 'dayOfWeek': 'Monday', 'opens': '10:30', 'closes': '20:0'}, {'@type': 'OpeningHoursSpecification', 'dayOfWeek': 'Monday', 'opens': '11:0', 'closes': '16:0'}, {'@type': 'OpeningHoursSpecification', 'dayOfWeek': 'Tuesday', 'opens': '10:30', 'closes': '19:30'}, {'@type': 'OpeningHoursSpecification', 'dayOfWeek': 'Tuesday', 'opens': '11:0', 'closes': '16:0'}, {'@type': 'OpeningHoursSpecification', 'dayOfWeek': 'Wednesday', 'opens': '10:30', 'closes': '20:0'}, {'@type': 'OpeningHoursSpecification', 'dayOfWeek': 'Wednesday', 'opens': '11:0', 'closes': '16:0'}, {'@type': 'OpeningHoursSpecification', 'dayOfWeek': 'Thursday', 'opens': '11:0', 'closes': '16:0'}, {'@type': 'OpeningHoursSpecification', 'dayOfWeek': 'Friday', 'opens': '10:30', 'closes': '20:0'}, {'@type': 'OpeningHoursSpecification', 'dayOfWeek': 'Friday', 'opens': '11:0', 'closes': '16:0'}, {'@type': 'OpeningHoursSpecification', 'dayOfWeek': 'Saturday', 'opens': '10:30', 'closes': '21:0'}]","{'@type': 'PostalAddress', 'addressLocality': 'Franklin Square', 'addressRegion': 'NY', 'postalCode': '11010', 'addressCountry': 'US', 'streetAddress': '1195 Hempstead Turnpike'}","{'@type': 'GeoCoordinates', 'latitude': 40.70809239999999, 'longitude': -73.6845215}","{'@type': 'AggregateRating', 'ratingValue': 4.7, 'reviewCount': '44'}"
Boston Market (419 Old Country Road),https://www.ubereats.com/nyc-suburbs/food-delivery/boston-market-419-old-country-road/ssMu5PzYTGqEONOF0ECHNw,carle-place-new-york,"['American', 'Fast Food', 'Comfort Food', 'Fried Chicken']",4.5,21,$,40.7461613,-73.5991161,+15169970777,11590,419 Old Country Road,Westbury,NY,"[{'@type': 'OpeningHoursSpecification', 'dayOfWeek': ['Monday', 'Tuesday', 'Wednesday', 'Thursday', 'Friday', 'Saturday', 'Sunday'], 'opens': '11:0', 'closes': '20:45'}]","{'@type': 'PostalAddress', 'addressLocality': 'Westbury', 'addressRegion': 'NY', 'postalCode': '11590', 'addressCountry': 'US', 'streetAddress': '419 Old Country Road'}","{'@type': 'GeoCoordinates', 'latitude': 40.7461613, 'longitude': -73.5991161}","{'@type': 'AggregateRating', 'ratingValue': 4.5, 'reviewCount': '21'}"
Sweet Surrender Bake House,https://www.ubereats.com/nyc-suburbs/food-delivery/sweet-surrender-bake-house/jPQVVCHRS0iXk57dHwRX-g,carle-place-new-york,"['American', 'Breakfast and Brunch', 'Desserts', 'Bakery']",5.0,64,$,40.7170571,-73.4991994,+15167312424,11756,297 Wantagh Ave,Levittown,NY,"[{'@type': 'OpeningHoursSpecification', 'dayOfWeek': 'Sunday', 'opens': '6:30', 'closes': '18:0'}, {'@type': 'OpeningHoursSpecification', 'dayOfWeek': ['Tuesday', 'Wednesday', 'Thursday', 'Friday', 'Saturday'], 'opens': '6:30', 'closes': '18:55'}]","{'@type': 'PostalAddress', 'addressLocality': 'Levittown', 'addressRegion': 'NY', 'postalCode': '11756', 'addressCountry': 'US', 'streetAddress': '297 Wantagh Ave'}","{'@type': 'GeoCoordinates', 'latitude': 40.7170571, 'longitude': -73.4991994}","{'@type': 'AggregateRating', 'ratingValue': 5, 'reviewCount': '64'}"
Ceriello 541 Club,https://www.ubereats.com/nyc-suburbs/food-delivery/ceriello-541-club/Zdi7_UOiQsGD9yis32LT1w,carle-place-new-york,"['Burgers', 'Sandwiches', 'Salads', 'Allergy Friendly']",,,$,40.759044,-73.6458486,+15167470277,11596,541 Willis Ave,Williston Park,NY,[],"{'@type': 'PostalAddress', 'addressLocality': 'Williston Park', 'addressRegion': 'NY', 'postalCode': '11596', 'addressCountry': 'US', 'streetAddress': '541 Willis Ave'}","{'@type': 'GeoCoordinates', 'latitude': 40.759044, 'longitude': -73.6458486}",{}
Piccola Bussola Ristorante,https://www.ubereats.com/nyc-suburbs/food-delivery/piccola-bussola-ristorante/OIR6RiHNT9W3j2Vm5xymSw,carle-place-new-york,['Italian'],4.6,41,$$,40.7486644,-73.6418013,+15162944620,,,,,"[{'@type': 'OpeningHoursSpecification', 'dayOfWeek': ['Monday', 'Tuesday', 'Wednesday', 'Thursday', 'Friday', 'Saturday', 'Sunday'], 'opens': '15:0', 'closes': '21:0'}]",,"{'@type': 'GeoCoordinates', 'latitude': 40.7486644, 'longitude': -73.6418013}","{'@type': 'AggregateRating', 'ratingValue': 4.6, 'reviewCount': '41'}"
La Parillada ,https://www.ubereats.com/nyc-suburbs/food-delivery/la-parillada/_feVXBymSRacj5i2z6T5rQ,carle-place-new-york,"['Argentinian', 'South American', 'Mediterranean']",,,$,40.748836,-73.64286,+15167470194,11501-1720,178 Jericho Turnpike,Mineola,NY,"[{'@type': 'OpeningHoursSpecification', 'dayOfWeek': ['Monday', 'Tuesday', 'Wednesday', 'Thursday', 'Friday', 'Saturday', 'Sunday'], 'opens': '11:30', 'closes': '21:25'}]","{'@type': 'PostalAddress', 'addressLocality': 'Mineola', 'addressRegion': 'NY', 'postalCode': '11501-1720', 'addressCountry': 'US', 'streetAddress': '178 Jericho Turnpike'}","{'@type': 'GeoCoordinates', 'latitude': 40.748836, 'longitude': -73.64286}",{}
Ralph's Italian Ices & Ice Cream (Carman Ave),https://www.ubereats.com/nyc-suburbs/food-delivery/ralphs-italian-ices-%26-ice-cream-carman-ave/6OeF-EprRTiZ1an-TmdCdQ,carle-place-new-york,"['Ice Cream and Frozen Yogurt', 'Desserts', 'American']",4.7,122,$,40.7475348,-73.5519192,+15169976161,,,,,"[{'@type': 'OpeningHoursSpecification', 'dayOfWeek': ['Sunday', 'Monday', 'Tuesday', 'Wednesday', 'Thursday'], 'opens': '12:0', 'closes': '22:30'}, {'@type': 'OpeningHoursSpecification', 'dayOfWeek': ['Friday', 'Saturday'], 'opens': '12:0', 'closes': '23:0'}]",,"{'@type': 'GeoCoordinates', 'latitude': 40.7475348, 'longitude': -73.5519192}","{'@type': 'AggregateRating', 'ratingValue': 4.7, 'reviewCount': '122'}"
Masala Wok (Hicksville),https://www.ubereats.com/nyc-suburbs/food-delivery/masala-wok-hicksville/zSDKlWCFTIqbKSeHbu0rKg,carle-place-new-york,"['Indian', 'Asian Fusion', 'Asian']",4.3,25,$$,40.766856,-73.522598,+15169322194,11801,107 S Broadway,Hicksville,NY,"[{'@type': 'OpeningHoursSpecification', 'dayOfWeek': 'Sunday', 'opens': '12:0', 'closes': '16:0'}, {'@type': 'OpeningHoursSpecification', 'dayOfWeek': 'Sunday', 'opens': '17:0', 'closes': '21:30'}, {'@type': 'OpeningHoursSpecification', 'dayOfWeek': ['Tuesday', 'Wednesday', 'Thursday', 'Friday'], 'opens': '12:0', 'closes': '15:0'}, {'@type': 'OpeningHoursSpecification', 'dayOfWeek': ['Tuesday', 'Wednesday', 'Thursday', 'Friday'], 'opens': '17:0', 'closes': '21:0'}, {'@type': 'OpeningHoursSpecification', 'dayOfWeek': 'Saturday', 'opens': '12:0', 'closes': '16:0'}, {'@type': 'OpeningHoursSpecification', 'dayOfWeek': 'Saturday', 'opens': '17:0', 'closes': '21:30'}]","{'@type': 'PostalAddress', 'addressLocality': 'Hicksville', 'addressRegion': 'NY', 'postalCode': '11801', 'addressCountry': 'US', 'streetAddress': '107 S Broadway'}","{'@type': 'GeoCoordinates', 'latitude': 40.766856, 'longitude': -73.522598}","{'@type': 'AggregateRating', 'ratingValue': 4.3, 'reviewCount': '25'}"
For Five Coffee Roasters - Manhasset - New Business - 4/9,https://www.ubereats.com/nyc-suburbs/food-delivery/for-five-coffee-roasters-manhasset-new-business-4-9/raZDpSReSKCkbjtnv-k1sw,carle-place-new-york,"['Burgers', 'American', 'Sandwiches']",,,$,40.79673080000001,-73.6991788,+19176932871,11030,292 Plandome Road,Manhasset,NY,"[{'@type': 'OpeningHoursSpecification', 'dayOfWeek': 'Sunday', 'opens': '7:0', 'closes': '16:0'}, {'@type': 'OpeningHoursSpecification', 'dayOfWeek': ['Monday', 'Tuesday', 'Wednesday', 'Thursday', 'Friday'], 'opens': '7:0', 'closes': '19:0'}, {'@type': 'OpeningHoursSpecification', 'dayOfWeek': 'Saturday', 'opens': '7:0', 'closes': '16:0'}]","{'@type': 'PostalAddress', 'addressLocality': 'Manhasset', 'addressRegion': 'NY', 'postalCode': '11030', 'addressCountry': 'US', 'streetAddress': '292 Plandome Road'}","{'@type': 'GeoCoordinates', 'latitude': 40.79673080000001, 'longitude': -73.6991788}",{}
Dream Street On The Go,https://www.ubereats.com/nyc-suburbs/food-delivery/dream-street-on-the-go/RVwHafz-QlqbT_Fx0ECKiw,carle-place-new-york,"['American', 'Sandwich', 'Salads']",,,,40.724035,-73.541089,+15163027745,11554,2558 Hempstead Turnpike,East Meadow,NY,"[{'@type': 'OpeningHoursSpecification', 'dayOfWeek': ['Monday', 'Tuesday', 'Wednesday', 'Thursday', 'Friday'], 'opens': '11:0', 'closes': '14:0'}, {'@type': 'OpeningHoursSpecification', 'dayOfWeek': ['Monday', 'Tuesday', 'Wednesday', 'Thursday', 'Friday'], 'opens': '7:0', 'closes': '15:0'}]","{'@type': 'PostalAddress', 'addressLocality': 'East Meadow', 'addressRegion': 'NY', 'postalCode': '11554', 'addressCountry': 'US', 'streetAddress': '2558 Hempstead Turnpike'}","{'@type': 'GeoCoordinates', 'latitude': 40.724035, 'longitude': -73.541089}",{}
Red Lobster (1 Nevada Street),https://www.ubereats.com/nyc-suburbs/food-delivery/red-lobster-1-nevada-street/4if42XTCQnyl1J0sjHmpOA,carle-place-new-york,"['Seafood', 'American', 'Family Meals']",4.3,77,$$,40.7772092,-73.52770919999999,+15168228393,11801,1 Nevada Street,Hicksville,NY,"[{'@type': 'OpeningHoursSpecification', 'dayOfWeek': ['Sunday', 'Monday', 'Tuesday', 'Wednesday', 'Thursday'], 'opens': '11:30', 'closes': '20:0'}, {'@type': 'OpeningHoursSpecification', 'dayOfWeek': ['Friday', 'Saturday'], 'opens': '11:30', 'closes': '21:0'}]","{'@type': 'PostalAddress', 'addressLocality': 'Hicksville', 'addressRegion': 'NY', 'postalCode': '11801', 'addressCountry': 'US', 'streetAddress': '1 Nevada Street'}","{'@type': 'GeoCoordinates', 'latitude': 40.7772092, 'longitude': -73.52770919999999}","{'@type': 'AggregateRating', 'ratingValue': 4.3, 'reviewCount': '77'}"
Dunkin' (2944 Hempstead Tpke),https://www.ubereats.com/nyc-suburbs/food-delivery/dunkin-2944-hempstead-tpke/YzpPuIsZRX2GqxhHqRFidw,carle-place-new-york,"['Breakfast and Brunch', 'Donuts']",4.3,10,$,40.72407310000001,-73.5268166,+15165200494,11756,2944 Hempstead Tpke,Levittown,NY,"[{'@type': 'OpeningHoursSpecification', 'dayOfWeek': 'Sunday', 'opens': '5:30', 'closes': '19:30'}, {'@type': 'OpeningHoursSpecification', 'dayOfWeek': ['Monday', 'Tuesday'], 'opens': '5:30', 'closes': '20:30'}, {'@type': 'OpeningHoursSpecification', 'dayOfWeek': ['Wednesday', 'Thursday', 'Friday', 'Saturday'], 'opens': '5:30', 'closes': '19:30'}]","{'@type': 'PostalAddress', 'addressLocality': 'Levittown', 'addressRegion': 'NY', 'postalCode': '11756', 'addressCountry': 'US', 'streetAddress': '2944 Hempstead Tpke'}","{'@type': 'GeoCoordinates', 'latitude': 40.72407310000001, 'longitude': -73.5268166}","{'@type': 'AggregateRating', 'ratingValue': 4.3, 'reviewCount': '10'}"
,https://www.ubereats.com/nyc-suburbs/food-delivery/afghan-kebab-house-bellerose-manor/QcftHTi6R5qXO5R8_YIUtQ,carle-place-new-york,,,,,,,,,,,,,,,
Rita's (887 Hempstead Turnpike),https://www.ubereats.com/nyc-suburbs/food-delivery/ritas-887-hempstead-turnpike/C7LFVq_-RcWU0YlBcCMXJw,carle-place-new-york,"['Ice Cream & Frozen Yogurt', 'Juice and Smoothies', 'Comfort Food']",4.6,105,$$,40.7070306,-73.67277949999999,+15164553938,11010,887 Hempstead Turnpike,Franklin Square,NY,"[{'@type': 'OpeningHoursSpecification', 'dayOfWeek': ['Monday', 'Tuesday', 'Wednesday', 'Thursday', 'Friday', 'Saturday', 'Sunday'], 'opens': '13:30', 'closes': '21:30'}]","{'@type': 'PostalAddress', 'addressLocality': 'Franklin Square', 'addressRegion': 'NY', 'postalCode': '11010', 'addressCountry': 'US', 'streetAddress': '887 Hempstead Turnpike'}","{'@type': 'GeoCoordinates', 'latitude': 40.7070306, 'longitude': -73.67277949999999}","{'@type': 'AggregateRating', 'ratingValue': 4.6, 'reviewCount': '105'}"
,https://www.ubereats.com/nyc-suburbs/food-delivery/healthy-boy-grill/iTl0nfuOTxSwuxbQ9gliow,carle-place-new-york,,,,,,,,,,,,,,,
Ciro's Pizzeria & Restaurant,https://www.ubereats.com/nyc-suburbs/food-delivery/ciros-pizzeria-%26-restaurant/H2-XsDP2TfeUm98VvcFomA,carle-place-new-york,"['Italian', 'Pasta', 'Comfort Food']",4.6,19,$,40.7061873,-73.56891379999999,+15165654400,11554,481 Bellmore Ave,East Meadow,NY,"[{'@type': 'OpeningHoursSpecification', 'dayOfWeek': ['Monday', 'Tuesday', 'Wednesday', 'Thursday', 'Friday', 'Saturday', 'Sunday'], 'opens': '11:0', 'closes': '21:0'}]","{'@type': 'PostalAddress', 'addressLocality': 'East Meadow', 'addressRegion': 'NY', 'postalCode': '11554', 'addressCountry': 'US', 'streetAddress': '481 Bellmore Ave'}","{'@type': 'GeoCoordinates', 'latitude': 40.7061873, 'longitude': -73.56891379999999}","{'@type': 'AggregateRating', 'ratingValue': 4.6, 'reviewCount': '19'}"
"Raxx Pool Room, Sports Bar & Grill",https://www.ubereats.com/nyc-suburbs/food-delivery/raxx-pool-room-sports-bar-%26-grill/6ai5QpiBSlOTZWVKElKUqQ,carle-place-new-york,"['American', 'Breakfast and Brunch', 'Comfort Food', 'Burgers']",4.4,14,$$,40.706115,-73.658806,+15165389896,11552,510 Hempstead Turnpike,West Hempstead,NY,"[{'@type': 'OpeningHoursSpecification', 'dayOfWeek': 'Sunday', 'opens': '12:30', 'closes': '23:59'}, {'@type': 'OpeningHoursSpecification', 'dayOfWeek': 'Sunday', 'opens': '0:0', 'closes': '2:45'}, {'@type': 'OpeningHoursSpecification', 'dayOfWeek': ['Monday', 'Tuesday', 'Wednesday', 'Thursday', 'Friday'], 'opens': '12:30', 'closes': '23:59'}, {'@type': 'OpeningHoursSpecification', 'dayOfWeek': ['Monday', 'Tuesday', 'Wednesday', 'Thursday', 'Friday'], 'opens': '0:0', 'closes': '1:0'}, {'@type': 'OpeningHoursSpecification', 'dayOfWeek': 'Saturday', 'opens': '12:30', 'closes': '23:59'}, {'@type': 'OpeningHoursSpecification', 'dayOfWeek': 'Saturday', 'opens': '0:0', 'closes': '2:45'}]","{'@type': 'PostalAddress', 'addressLocality': 'West Hempstead', 'addressRegion': 'NY', 'postalCode': '11552', 'addressCountry': 'US', 'streetAddress': '510 Hempstead Turnpike'}","{'@type': 'GeoCoordinates', 'latitude': 40.706115, 'longitude': -73.658806}","{'@type': 'AggregateRating', 'ratingValue': 4.4, 'reviewCount': '14'}"
Jericho Turnpike FoodCourt,https://www.ubereats.com/nyc-suburbs/food-delivery/jericho-turnpike-foodcourt/35Iv2pMLTTGCUiGjT8jsdw,carle-place-new-york,"['Chinese', 'Cantonese']",4.6,23,$$,40.7515889,-73.637248,+19172946104,11501,52 Jericho Turnpike,Mineola,NY,"[{'@type': 'OpeningHoursSpecification', 'dayOfWeek': ['Monday', 'Tuesday', 'Wednesday', 'Thursday', 'Friday', 'Saturday', 'Sunday'], 'opens': '10:30', 'closes': '18:0'}, {'@type': 'OpeningHoursSpecification', 'dayOfWeek': ['Monday', 'Tuesday', 'Wednesday', 'Thursday', 'Friday', 'Saturday', 'Sunday'], 'opens': '10:30', 'closes': '15:30'}, {'@type': 'OpeningHoursSpecification', 'dayOfWeek': ['Monday', 'Tuesday', 'Wednesday', 'Thursday', 'Friday', 'Saturday', 'Sunday'], 'opens': '10:30', 'closes': '15:30'}]","{'@type': 'PostalAddress', 'addressLocality': 'Mineola', 'addressRegion': 'NY', 'postalCode': '11501', 'addressCountry': 'US', 'streetAddress': '52 Jericho Turnpike'}","{'@type': 'GeoCoordinates', 'latitude': 40.7515889, 'longitude': -73.637248}","{'@type': 'AggregateRating', 'ratingValue': 4.6, 'reviewCount': '23'}"
Sempre Fame BBQ,https://www.ubereats.com/nyc-suburbs/food-delivery/sempre-fame-bbq/cVHeXg88S2yKIS0erLKE7g,carle-place-new-york,"['American', 'Comfort Food', 'BBQ', 'Burgers', 'Sandwich']",4.7,121,$,40.7204372,-73.69493829999999,+15164887900,11001,374 Tulip Ave,Floral Park,NY,"[{'@type': 'OpeningHoursSpecification', 'dayOfWeek': 'Sunday', 'opens': '11:0', 'closes': '18:30'}, {'@type': 'OpeningHoursSpecification', 'dayOfWeek': 'Monday', 'opens': '15:0', 'closes': '19:30'}, {'@type': 'OpeningHoursSpecification', 'dayOfWeek': ['Tuesday', 'Wednesday', 'Thursday'], 'opens': '11:0', 'closes': '19:30'}, {'@type': 'OpeningHoursSpecification', 'dayOfWeek': ['Friday', 'Saturday'], 'opens': '11:0', 'closes': '20:30'}]","{'@type': 'PostalAddress', 'addressLocality': 'Floral Park', 'addressRegion': 'NY', 'postalCode': '11001', 'addressCountry': 'US', 'streetAddress': '374 Tulip Ave'}","{'@type': 'GeoCoordinates', 'latitude': 40.7204372, 'longitude': -73.69493829999999}","{'@type': 'AggregateRating', 'ratingValue': 4.7, 'reviewCount': '121'}"
,https://www.ubereats.com/nyc-suburbs/food-delivery/skyline-diner/WDQ_2nXAR1mq6EK5R7JsOg,carle-place-new-york,,,,,,,,,,,,,,,
Oma's Sushi,https://www.ubereats.com/nyc-suburbs/food-delivery/omas-sushi/4hNVJAEXTeaUBt7HNt6Peg,carle-place-new-york,"['Sushi', 'Seafood', 'Kosher']",4.8,91,$$,40.696283,-73.653908,+15164813781,11552,492 Hempstead Ave,West Hempstead,NY,"[{'@type': 'OpeningHoursSpecification', 'dayOfWeek': ['Sunday', 'Monday', 'Tuesday', 'Wednesday', 'Thursday'], 'opens': '11:30', 'closes': '20:30'}, {'@type': 'OpeningHoursSpecification', 'dayOfWeek': 'Friday', 'opens': '11:30', 'closes': '15:30'}]","{'@type': 'PostalAddress', 'addressLocality': 'West Hempstead', 'addressRegion': 'NY', 'postalCode': '11552', 'addressCountry': 'US', 'streetAddress': '492 Hempstead Ave'}","{'@type': 'GeoCoordinates', 'latitude': 40.696283, 'longitude': -73.653908}","{'@type': 'AggregateRating', 'ratingValue': 4.8, 'reviewCount': '91'}"
,https://www.ubereats.com/nyc-suburbs/food-delivery/jassis-fine-indian-cuisine/IyZwCMQ9S2yl6xm7buMCow,carle-place-new-york,,,,,,,,,,,,,,,
Ralph's italian ices of Syosset,https://www.ubereats.com/nyc-suburbs/food-delivery/ralphs-italian-ices-of-syosset/26kg2ssPSeigTeW9j2P5tA,carle-place-new-york,"['Comfort Food', 'Desserts', 'Italian']",,,$,40.8084841,-73.5164241,+15169653090,11791,80 West Jericho Turnpike,Syosset,NY,"[{'@type': 'OpeningHoursSpecification', 'dayOfWeek': ['Sunday', 'Monday', 'Tuesday', 'Wednesday', 'Thursday'], 'opens': '11:30', 'closes': '23:0'}, {'@type': 'OpeningHoursSpecification', 'dayOfWeek': ['Friday', 'Saturday'], 'opens': '11:30', 'closes': '23:59'}]","{'@type': 'PostalAddress', 'addressLocality': 'Syosset', 'addressRegion': 'NY', 'postalCode': '11791', 'addressCountry': 'US', 'streetAddress': '80 West Jericho Turnpike'}","{'@type': 'GeoCoordinates', 'latitude': 40.8084841, 'longitude': -73.5164241}",{}
Kountry Flavors,https://www.ubereats.com/nyc-suburbs/food-delivery/kountry-flavors/ea24vR3STq6xjKh3Lkh4Fw,carle-place-new-york,"['Caribbean', 'Seafood', 'Latin American']",,,$,40.7092045,-73.5952389,+13472003029,11553,956 Front Street,Uniondale,NY,"[{'@type': 'OpeningHoursSpecification', 'dayOfWeek': 'Sunday', 'opens': '8:0', 'closes': '20:0'}, {'@type': 'OpeningHoursSpecification', 'dayOfWeek': 'Sunday', 'opens': '8:30', 'closes': '21:0'}, {'@type': 'OpeningHoursSpecification', 'dayOfWeek': ['Monday', 'Tuesday', 'Wednesday'], 'opens': '8:0', 'closes': '21:0'}, {'@type': 'OpeningHoursSpecification', 'dayOfWeek': ['Monday', 'Tuesday', 'Wednesday'], 'opens': '8:30', 'closes': '21:0'}, {'@type': 'OpeningHoursSpecification', 'dayOfWeek': 'Thursday', 'opens': '8:0', 'closes': '22:0'}, {'@type': 'OpeningHoursSpecification', 'dayOfWeek': 'Thursday', 'opens': '8:0', 'closes': '22:0'}, {'@type': 'OpeningHoursSpecification', 'dayOfWeek': ['Friday', 'Saturday'], 'opens': '8:0', 'closes': '23:0'}, {'@type': 'OpeningHoursSpecification', 'dayOfWeek': ['Friday', 'Saturday'], 'opens': '8:30', 'closes': '23:0'}]","{'@type': 'PostalAddress', 'addressLocality': 'Uniondale', 'addressRegion': 'NY', 'postalCode': '11553', 'addressCountry': 'US', 'streetAddress': '956 Front Street'}","{'@type': 'GeoCoordinates', 'latitude': 40.7092045, 'longitude': -73.5952389}",{}
EL PARAISO RESTAURANT,https://www.ubereats.com/nyc-suburbs/food-delivery/el-paraiso-restaurant/WvYbdDAwR0qFm5kNNH7CQQ,carle-place-new-york,"['Colombian', 'Peruvian']",,,$,40.7071099,-73.6264731,+12402464336,11550,44 N Franklin St,Hempstead,NY,"[{'@type': 'OpeningHoursSpecification', 'dayOfWeek': 'Sunday', 'opens': '9:0', 'closes': '21:0'}, {'@type': 'OpeningHoursSpecification', 'dayOfWeek': ['Monday', 'Tuesday', 'Wednesday', 'Thursday', 'Friday'], 'opens': '9:0', 'closes': '21:0'}, {'@type': 'OpeningHoursSpecification', 'dayOfWeek': ['Monday', 'Tuesday', 'Wednesday', 'Thursday', 'Friday'], 'opens': '11:0', 'closes': '15:0'}, {'@type': 'OpeningHoursSpecification', 'dayOfWeek': 'Saturday', 'opens': '9:0', 'closes': '21:0'}, {'@type': 'OpeningHoursSpecification', 'dayOfWeek': 'Saturday', 'opens': '8:0', 'closes': '22:30'}]","{'@type': 'PostalAddress', 'addressLocality': 'Hempstead', 'addressRegion': 'NY', 'postalCode': '11550', 'addressCountry': 'US', 'streetAddress': '44 N Franklin St'}","{'@type': 'GeoCoordinates', 'latitude': 40.7071099, 'longitude': -73.6264731}",{}
Olivos Mediterranean Cafe & Grill,https://www.ubereats.com/nyc-suburbs/food-delivery/olivos-mediterranean-cafe-%26-grill/hkYNacMuSLSUr4LjFEdXyw,carle-place-new-york,"['Mediterranean', 'Greek', 'Vegetarian']",,,$,40.7381975,-73.61435759999999,+15162657400,11530,630 Old Country Road,Garden City,NY,"[{'@type': 'OpeningHoursSpecification', 'dayOfWeek': 'Sunday', 'opens': '12:0', 'closes': '18:0'}, {'@type': 'OpeningHoursSpecification', 'dayOfWeek': ['Monday', 'Tuesday', 'Wednesday', 'Thursday', 'Friday', 'Saturday'], 'opens': '11:0', 'closes': '19:0'}]","{'@type': 'PostalAddress', 'addressLocality': 'Garden City', 'addressRegion': 'NY', 'postalCode': '11530', 'addressCountry': 'US', 'streetAddress': '630 Old Country Road'}","{'@type': 'GeoCoordinates', 'latitude': 40.7381975, 'longitude': -73.61435759999999}",{}
Effin Beauty,https://www.ubereats.com/nyc-suburbs/food-delivery/effin-beauty/9wbeukuARtGk7fKBSezz1Q,carle-place-new-york,"['American', 'Burgers', 'Sandwich']",,,$,40.6671703,-73.5323799,+15162362404,11710,2562 Sunrise Hwy,Bellmore,NY,"[{'@type': 'OpeningHoursSpecification', 'dayOfWeek': 'Sunday', 'opens': '0:0', 'closes': '2:0'}, {'@type': 'OpeningHoursSpecification', 'dayOfWeek': 'Sunday', 'opens': '17:0', 'closes': '23:59'}, {'@type': 'OpeningHoursSpecification', 'dayOfWeek': ['Monday', 'Tuesday', 'Wednesday', 'Thursday', 'Friday'], 'opens': '17:0', 'closes': '23:59'}, {'@type': 'OpeningHoursSpecification', 'dayOfWeek': 'Saturday', 'opens': '0:0', 'closes': '2:0'}, {'@type': 'OpeningHoursSpecification', 'dayOfWeek': 'Saturday', 'opens': '17:0', 'closes': '23:59'}]","{'@type': 'PostalAddress', 'addressLocality': 'Bellmore', 'addressRegion': 'NY', 'postalCode': '11710', 'addressCountry': 'US', 'streetAddress': '2562 Sunrise Hwy'}","{'@type': 'GeoCoordinates', 'latitude': 40.6671703, 'longitude': -73.5323799}",{}
Red Mango (1526 Union Tpke),https://www.ubereats.com/nyc-suburbs/food-delivery/red-mango-1526-union-tpke/jEzV8l_GTxWSKsAnjhtXaw,carle-place-new-york,"['Juice and Smoothies', 'Vegetarian', 'Ice Cream and Frozen Yogurt', 'Healthy', 'Kids Friendly', 'Vegan', 'Vegan Friendly', 'Vegetarian Friendly']",,,$,40.7538233,-73.6908933,+15162165534,11040,1526 Union Tpke,North New Hyde Park,NY,"[{'@type': 'OpeningHoursSpecification', 'dayOfWeek': ['Monday', 'Tuesday', 'Wednesday', 'Thursday', 'Friday', 'Saturday', 'Sunday'], 'opens': '12:0', 'closes': '19:0'}]","{'@type': 'PostalAddress', 'addressLocality': 'North New Hyde Park', 'addressRegion': 'NY', 'postalCode': '11040', 'addressCountry': 'US', 'streetAddress': '1526 Union Tpke'}","{'@type': 'GeoCoordinates', 'latitude': 40.7538233, 'longitude': -73.6908933}",{}
Shake House ,https://www.ubereats.com/nyc-suburbs/food-delivery/shake-house/3Jubo84iTSGt3Lh0YtMm8g,carle-place-new-york,"['Desserts', 'Vegetarian', 'Coffee and Tea']",4.9,16,$,40.6721428,-73.5114874,+15162215907,11793,3201 Sunrise Hwy,Wantagh,NY,"[{'@type': 'OpeningHoursSpecification', 'dayOfWeek': ['Monday', 'Tuesday', 'Wednesday', 'Thursday', 'Friday', 'Saturday', 'Sunday'], 'opens': '8:30', 'closes': '22:30'}]","{'@type': 'PostalAddress', 'addressLocality': 'Wantagh', 'addressRegion': 'NY', 'postalCode': '11793', 'addressCountry': 'US', 'streetAddress': '3201 Sunrise Hwy'}","{'@type': 'GeoCoordinates', 'latitude': 40.6721428, 'longitude': -73.5114874}","{'@type': 'AggregateRating', 'ratingValue': 4.9, 'reviewCount': '16'}"
,https://www.ubereats.com/nyc-suburbs/food-delivery/carvel-265-15-hillside-avenue/oWgo0AtbSt-CUTO823lGwQ,carle-place-new-york,,,,,,,,,,,,,,,
,https://www.ubereats.com/nyc-suburbs/food-delivery/five-guys-ny-0444-25455-horace-harding-expressw/jLqqd_7yQJaA6-vKzLIMfA,carle-place-new-york,,,,,,,,,,,,,,,
Park Place Restaurant,https://www.ubereats.com/nyc-suburbs/food-delivery/park-place-restaurant/F85UhqIKQ3K8GSC3rBSv5A,carle-place-new-york,"['American', 'Bar Food']",,,$$,40.721877,-73.688533,+15167759004,11001,41 Covert Ave,Floral Park,NY,"[{'@type': 'OpeningHoursSpecification', 'dayOfWeek': 'Sunday', 'opens': '14:0', 'closes': '20:30'}, {'@type': 'OpeningHoursSpecification', 'dayOfWeek': ['Monday', 'Tuesday', 'Wednesday', 'Thursday', 'Friday'], 'opens': '16:0', 'closes': '21:30'}, {'@type': 'OpeningHoursSpecification', 'dayOfWeek': 'Saturday', 'opens': '14:0', 'closes': '21:30'}]","{'@type': 'PostalAddress', 'addressLocality': 'Floral Park', 'addressRegion': 'NY', 'postalCode': '11001', 'addressCountry': 'US', 'streetAddress': '41 Covert Ave'}","{'@type': 'GeoCoordinates', 'latitude': 40.721877, 'longitude': -73.688533}",{}
Messina Market & Catering,https://www.ubereats.com/nyc-suburbs/food-delivery/messina-market-%26-catering/rE__w21BTpCY6blgFLKNLQ,carle-place-new-york,"['Deli', 'Italian', 'Salads', 'Desserts']",4.2,25,$,40.842546,-73.536596,+15166246800,11732,6255 Northern Blvd,East Norwich,NY,"[{'@type': 'OpeningHoursSpecification', 'dayOfWeek': 'Sunday', 'opens': '8:0', 'closes': '18:0'}, {'@type': 'OpeningHoursSpecification', 'dayOfWeek': ['Monday', 'Tuesday', 'Wednesday', 'Thursday', 'Friday', 'Saturday'], 'opens': '7:0', 'closes': '19:0'}]","{'@type': 'PostalAddress', 'addressLocality': 'East Norwich', 'addressRegion': 'NY', 'postalCode': '11732', 'addressCountry': 'US', 'streetAddress': '6255 Northern Blvd'}","{'@type': 'GeoCoordinates', 'latitude': 40.842546, 'longitude': -73.536596}","{'@type': 'AggregateRating', 'ratingValue': 4.2, 'reviewCount': '25'}"
Mint,https://www.ubereats.com/nyc-suburbs/food-delivery/mint/P8Hh1yedTx-77XiLfWadvA,carle-place-new-york,"['Indian', 'Asian Fusion', 'Samosa', 'Desserts']",4.5,13,$$,40.740463,-73.616544,+15163078677,11530,1 Ring Rd W,Garden City,NY,"[{'@type': 'OpeningHoursSpecification', 'dayOfWeek': ['Monday', 'Tuesday', 'Wednesday', 'Thursday', 'Friday', 'Saturday', 'Sunday'], 'opens': '16:30', 'closes': '21:30'}]","{'@type': 'PostalAddress', 'addressLocality': 'Garden City', 'addressRegion': 'NY', 'postalCode': '11530', 'addressCountry': 'US', 'streetAddress': '1 Ring Rd W'}","{'@type': 'GeoCoordinates', 'latitude': 40.740463, 'longitude': -73.616544}","{'@type': 'AggregateRating', 'ratingValue': 4.5, 'reviewCount': '13'}"
Broadway Diner (Ordermark),https://www.ubereats.com/nyc-suburbs/food-delivery/broadway-diner-ordermark/5F3hjUE5RtCxljjLitXCZw,carle-place-new-york,"['Burgers', 'American', 'Sandwiches']",4.3,40,$,40.77826650000001,-73.529803,+15166813982,11801,287 N Broadway,Hicksville,NY,"[{'@type': 'OpeningHoursSpecification', 'dayOfWeek': ['Monday', 'Tuesday', 'Wednesday', 'Thursday', 'Friday', 'Saturday', 'Sunday'], 'opens': '7:0', 'closes': '0:0'}]","{'@type': 'PostalAddress', 'addressLocality': 'Hicksville', 'addressRegion': 'NY', 'postalCode': '11801', 'addressCountry': 'US', 'streetAddress': '287 N Broadway'}","{'@type': 'GeoCoordinates', 'latitude': 40.77826650000001, 'longitude': -73.529803}","{'@type': 'AggregateRating', 'ratingValue': 4.3, 'reviewCount': '40'}"
L & M CARIBBEAN DELIGHT,https://www.ubereats.com/nyc-suburbs/food-delivery/l-%26-m-caribbean-delight/tbjIuyNQS9KE3v32fjomOw,carle-place-new-york,"['Caribbean', 'Seafood', 'Indian Curry']",4.3,13,$$,40.6869378,-73.70335089999999,+15168370100,,,,,"[{'@type': 'OpeningHoursSpecification', 'dayOfWeek': ['Monday', 'Tuesday', 'Wednesday', 'Thursday', 'Friday', 'Saturday'], 'opens': '10:0', 'closes': '21:31'}]",,"{'@type': 'GeoCoordinates', 'latitude': 40.6869378, 'longitude': -73.70335089999999}","{'@type': 'AggregateRating', 'ratingValue': 4.3, 'reviewCount': '13'}"
Hicksville Diner,https://www.ubereats.com/nyc-suburbs/food-delivery/hicksville-diner/kkyeR_20Ska0uzMwGl3vww,carle-place-new-york,"['American', 'Sandwich', 'Salads']",,,,40.7690616,-73.50191480000001,+15169333777,11801,495 E Old Country Rd,Hicksville,NY,"[{'@type': 'OpeningHoursSpecification', 'dayOfWeek': ['Monday', 'Tuesday', 'Wednesday', 'Thursday', 'Friday', 'Saturday', 'Sunday'], 'opens': '8:0', 'closes': '19:0'}]","{'@type': 'PostalAddress', 'addressLocality': 'Hicksville', 'addressRegion': 'NY', 'postalCode': '11801', 'addressCountry': 'US', 'streetAddress': '495 E Old Country Rd'}","{'@type': 'GeoCoordinates', 'latitude': 40.7690616, 'longitude': -73.50191480000001}",{}
Bagel Haus,https://www.ubereats.com/nyc-suburbs/food-delivery/bagel-haus/5GTaby_tRwq-s5RaEZ5pZQ,carle-place-new-york,"['Breakfast and Brunch', 'American', 'Sandwiches']",4.9,24,$,40.743677,-73.6597834,+15167466262,,,,,"[{'@type': 'OpeningHoursSpecification', 'dayOfWeek': 'Sunday', 'opens': '6:0', 'closes': '15:0'}, {'@type': 'OpeningHoursSpecification', 'dayOfWeek': 'Sunday', 'opens': '5:30', 'closes': '14:0'}, {'@type': 'OpeningHoursSpecification', 'dayOfWeek': ['Monday', 'Tuesday', 'Wednesday', 'Thursday', 'Friday'], 'opens': '5:0', 'closes': '16:0'}, {'@type': 'OpeningHoursSpecification', 'dayOfWeek': ['Monday', 'Tuesday', 'Wednesday', 'Thursday', 'Friday'], 'opens': '5:0', 'closes': '14:0'}, {'@type': 'OpeningHoursSpecification', 'dayOfWeek': ['Monday', 'Tuesday', 'Wednesday', 'Thursday', 'Friday'], 'opens': '5:0', 'closes': '10:0'}, {'@type': 'OpeningHoursSpecification', 'dayOfWeek': 'Saturday', 'opens': '6:0', 'closes': '16:0'}, {'@type': 'OpeningHoursSpecification', 'dayOfWeek': 'Saturday', 'opens': '5:30', 'closes': '14:0'}]",,"{'@type': 'GeoCoordinates', 'latitude': 40.743677, 'longitude': -73.6597834}","{'@type': 'AggregateRating', 'ratingValue': 4.9, 'reviewCount': '24'}"
El-Chipotle Tex Mex Grill,https://www.ubereats.com/nyc-suburbs/food-delivery/el-chipotle-tex-mex-grill/RwD1OqBgRiWNDsE-zkev3Q,carle-place-new-york,"['Tex Mex', 'New Mexican']",3.5,20,$,40.826051,-73.502204,+13478980129,11791,18 Berry Hill Rd,Syosset,NY,"[{'@type': 'OpeningHoursSpecification', 'dayOfWeek': 'Sunday', 'opens': '15:0', 'closes': '21:0'}, {'@type': 'OpeningHoursSpecification', 'dayOfWeek': ['Monday', 'Tuesday', 'Wednesday', 'Thursday', 'Friday'], 'opens': '11:0', 'closes': '21:0'}, {'@type': 'OpeningHoursSpecification', 'dayOfWeek': ['Monday', 'Tuesday', 'Wednesday', 'Thursday', 'Friday'], 'opens': '11:0', 'closes': '15:30'}, {'@type': 'OpeningHoursSpecification', 'dayOfWeek': 'Saturday', 'opens': '11:0', 'closes': '21:0'}]","{'@type': 'PostalAddress', 'addressLocality': 'Syosset', 'addressRegion': 'NY', 'postalCode': '11791', 'addressCountry': 'US', 'streetAddress': '18 Berry Hill Rd'}","{'@type': 'GeoCoordinates', 'latitude': 40.826051, 'longitude': -73.502204}","{'@type': 'AggregateRating', 'ratingValue': 3.5, 'reviewCount': '20'}"
Shiro of Japan - Carle Place,https://www.ubereats.com/nyc-suburbs/food-delivery/shiro-of-japan-carle-place/AqxiS90-TAqmpPQJJEv1fw,carle-place-new-york,"['Asian', 'Japanese', 'Sushi']",4.6,101,$$,40.746106,-73.600484,+15169974770,11514,401 Old Country Rd,Carle Place,New York,"[{'@type': 'OpeningHoursSpecification', 'dayOfWeek': 'Sunday', 'opens': '15:0', 'closes': '19:30'}, {'@type': 'OpeningHoursSpecification', 'dayOfWeek': ['Monday', 'Tuesday', 'Wednesday', 'Thursday'], 'opens': '12:0', 'closes': '14:30'}, {'@type': 'OpeningHoursSpecification', 'dayOfWeek': ['Monday', 'Tuesday', 'Wednesday', 'Thursday'], 'opens': '16:0', 'closes': '20:0'}, {'@type': 'OpeningHoursSpecification', 'dayOfWeek': ['Friday', 'Saturday'], 'opens': '12:0', 'closes': '14:30'}, {'@type': 'OpeningHoursSpecification', 'dayOfWeek': ['Friday', 'Saturday'], 'opens': '16:0', 'closes': '20:30'}]","{'@type': 'PostalAddress', 'addressLocality': 'Carle Place', 'addressRegion': 'New York', 'postalCode': '11514', 'addressCountry': 'US', 'streetAddress': '401 Old Country Rd'}","{'@type': 'GeoCoordinates', 'latitude': 40.746106, 'longitude': -73.600484}","{'@type': 'AggregateRating', 'ratingValue': 4.6, 'reviewCount': '101'}"
Miyako Hibachi,https://www.ubereats.com/nyc-suburbs/food-delivery/miyako-hibachi/ynJA314jSkqEiLJAHg4xgQ,carle-place-new-york,"['Japanese: Sushi', 'Asian', 'Comfort Food']",,,,40.7545751,-73.5088745,+15164709547,11801,550 S Broadway,Hicksville,NY,"[{'@type': 'OpeningHoursSpecification', 'dayOfWeek': ['Monday', 'Tuesday', 'Wednesday', 'Thursday', 'Friday', 'Saturday', 'Sunday'], 'opens': '11:30', 'closes': '21:0'}, {'@type': 'OpeningHoursSpecification', 'dayOfWeek': ['Monday', 'Tuesday', 'Wednesday', 'Thursday', 'Friday', 'Saturday', 'Sunday'], 'opens': '11:30', 'closes': '15:0'}]","{'@type': 'PostalAddress', 'addressLocality': 'Hicksville', 'addressRegion': 'NY', 'postalCode': '11801', 'addressCountry': 'US', 'streetAddress': '550 S Broadway'}","{'@type': 'GeoCoordinates', 'latitude': 40.7545751, 'longitude': -73.5088745}",{}
Maria's Pastry Shop,https://www.ubereats.com/nyc-suburbs/food-delivery/marias-pastry-shop/l5yPU3SzRkis7Bq3Rbwmwg,carle-place-new-york,"['American', 'New American', 'Pastry']",,,$,40.75463079999999,-73.5880524,+17189305623,11590,167 Post Ave,Westbury,NY,"[{'@type': 'OpeningHoursSpecification', 'dayOfWeek': 'Sunday', 'opens': '8:0', 'closes': '18:0'}, {'@type': 'OpeningHoursSpecification', 'dayOfWeek': ['Tuesday', 'Wednesday', 'Thursday'], 'opens': '8:0', 'closes': '18:0'}, {'@type': 'OpeningHoursSpecification', 'dayOfWeek': ['Friday', 'Saturday'], 'opens': '8:0', 'closes': '20:0'}]","{'@type': 'PostalAddress', 'addressLocality': 'Westbury', 'addressRegion': 'NY', 'postalCode': '11590', 'addressCountry': 'US', 'streetAddress': '167 Post Ave'}","{'@type': 'GeoCoordinates', 'latitude': 40.75463079999999, 'longitude': -73.5880524}",{}
Charley's Philly Steaks (630 Old Country Rd),https://www.ubereats.com/nyc-suburbs/food-delivery/charleys-philly-steaks-630-old-country-rd/Z-i8vPoCSR-YRGYYCH0qRg,carle-place-new-york,"['Sandwich', 'Steak', 'Comfort Food']",3.5,19,$,40.7377313,-73.61312319999999,+16318556511,11530,630 Old Country Rd,Garden City,NY,"[{'@type': 'OpeningHoursSpecification', 'dayOfWeek': 'Sunday', 'opens': '12:0', 'closes': '17:30'}, {'@type': 'OpeningHoursSpecification', 'dayOfWeek': ['Monday', 'Tuesday', 'Wednesday', 'Thursday', 'Friday', 'Saturday'], 'opens': '11:0', 'closes': '18:30'}]","{'@type': 'PostalAddress', 'addressLocality': 'Garden City', 'addressRegion': 'NY', 'postalCode': '11530', 'addressCountry': 'US', 'streetAddress': '630 Old Country Rd'}","{'@type': 'GeoCoordinates', 'latitude': 40.7377313, 'longitude': -73.61312319999999}","{'@type': 'AggregateRating', 'ratingValue': 3.5, 'reviewCount': '19'}"
Taco King Mexican Grill,https://www.ubereats.com/nyc-suburbs/food-delivery/taco-king-mexican-grill/oo2RVhTXTfuGGjOdhig7Ag,carle-place-new-york,"['Mexican', 'Latin American', 'New Mexican']",4.6,273,$,40.7061067,-73.656638,+15162926400,11552,480 Hempstead Turnpike,West Hempstead,NY,"[{'@type': 'OpeningHoursSpecification', 'dayOfWeek': ['Monday', 'Tuesday', 'Wednesday', 'Thursday', 'Friday', 'Saturday', 'Sunday'], 'opens': '11:0', 'closes': '20:40'}]","{'@type': 'PostalAddress', 'addressLocality': 'West Hempstead', 'addressRegion': 'NY', 'postalCode': '11552', 'addressCountry': 'US', 'streetAddress': '480 Hempstead Turnpike'}","{'@type': 'GeoCoordinates', 'latitude': 40.7061067, 'longitude': -73.656638}","{'@type': 'AggregateRating', 'ratingValue': 4.6, 'reviewCount': '273'}"
Matteo’s Of Bellmore - Bellmore,https://www.ubereats.com/nyc-suburbs/food-delivery/matteos-of-bellmore-bellmore/OBIhRk-AS9KA4Jsji_13-Q,carle-place-new-york,"['Italian', 'Pasta', 'Seafood']",4.6,37,$$$,40.671659,-73.528747,+15164091779,11710,416 Bedford Ave,Bellmore,New York,"[{'@type': 'OpeningHoursSpecification', 'dayOfWeek': 'Sunday', 'opens': '16:0', 'closes': '21:0'}, {'@type': 'OpeningHoursSpecification', 'dayOfWeek': ['Monday', 'Tuesday', 'Wednesday', 'Thursday'], 'opens': '17:0', 'closes': '22:0'}, {'@type': 'OpeningHoursSpecification', 'dayOfWeek': ['Friday', 'Saturday'], 'opens': '17:0', 'closes': '23:0'}]","{'@type': 'PostalAddress', 'addressLocality': 'Bellmore', 'addressRegion': 'New York', 'postalCode': '11710', 'addressCountry': 'US', 'streetAddress': '416 Bedford Ave'}","{'@type': 'GeoCoordinates', 'latitude': 40.671659, 'longitude': -73.528747}","{'@type': 'AggregateRating', 'ratingValue': 4.6, 'reviewCount': '37'}"
Leaf House ,https://www.ubereats.com/nyc-suburbs/food-delivery/leaf-house/M6TK4UzNQAmdPkTkowWdvw,carle-place-new-york,"['Salads', 'American', 'Vegetarian']",,,$,40.6721428,-73.5114874,+15162215907,11793,3201 Sunrise Hwy,Wantagh,NY,"[{'@type': 'OpeningHoursSpecification', 'dayOfWeek': ['Monday', 'Tuesday', 'Wednesday', 'Thursday', 'Friday', 'Saturday', 'Sunday'], 'opens': '4:30', 'closes': '5:0'}]","{'@type': 'PostalAddress', 'addressLocality': 'Wantagh', 'addressRegion': 'NY', 'postalCode': '11793', 'addressCountry': 'US', 'streetAddress': '3201 Sunrise Hwy'}","{'@type': 'GeoCoordinates', 'latitude': 40.6721428, 'longitude': -73.5114874}",{}
Burger King (500 Fulton Avenue),https://www.ubereats.com/nyc-suburbs/food-delivery/burger-king-500-fulton-avenue/xSmZXErsRxOAQpGFb9Dy_A,carle-place-new-york,"['American', 'burger', 'Fast Food']",4.4,165,$,40.7096227,-73.6145031,+15165659462,11550,500 Fulton Avenue,Hempstead,NY,"[{'@type': 'OpeningHoursSpecification', 'dayOfWeek': 'Sunday', 'opens': '7:30', 'closes': '10:29'}, {'@type': 'OpeningHoursSpecification', 'dayOfWeek': 'Sunday', 'opens': '10:30', 'closes': '23:29'}, {'@type': 'OpeningHoursSpecification', 'dayOfWeek': 'Monday', 'opens': '7:30', 'closes': '10:29'}, {'@type': 'OpeningHoursSpecification', 'dayOfWeek': 'Monday', 'opens': '10:30', 'closes': '23:30'}, {'@type': 'OpeningHoursSpecification', 'dayOfWeek': ['Tuesday', 'Wednesday', 'Thursday', 'Friday', 'Saturday'], 'opens': '7:30', 'closes': '10:29'}, {'@type': 'OpeningHoursSpecification', 'dayOfWeek': ['Tuesday', 'Wednesday', 'Thursday', 'Friday', 'Saturday'], 'opens': '10:30', 'closes': '23:29'}]","{'@type': 'PostalAddress', 'addressLocality': 'Hempstead', 'addressRegion': 'NY', 'postalCode': '11550', 'addressCountry': 'US', 'streetAddress': '500 Fulton Avenue'}","{'@type': 'GeoCoordinates', 'latitude': 40.7096227, 'longitude': -73.6145031}","{'@type': 'AggregateRating', 'ratingValue': 4.4, 'reviewCount': '165'}"
Lemonshark Poke,https://www.ubereats.com/nyc-suburbs/food-delivery/lemonshark-poke/kHTyPoj_R9Kif-3867lF6A,carle-place-new-york,"['Hawaiian', 'Seafood', 'Allergy Friendly']",,,$$,40.7847587,-73.50175349999999,+15166224740,,,,,"[{'@type': 'OpeningHoursSpecification', 'dayOfWeek': ['Sunday', 'Monday', 'Tuesday', 'Wednesday', 'Thursday', 'Friday'], 'opens': '11:0', 'closes': '20:30'}, {'@type': 'OpeningHoursSpecification', 'dayOfWeek': 'Saturday', 'opens': '12:30', 'closes': '17:0'}]",,"{'@type': 'GeoCoordinates', 'latitude': 40.7847587, 'longitude': -73.50175349999999}",{}
Colony Diner,https://www.ubereats.com/nyc-suburbs/food-delivery/colony-diner/httZSmu2Q1yksp5C_cCelg,carle-place-new-york,"['American', 'Diner', 'Desserts']",4.6,379,$$,40.724846,-73.561851,+15167945159,11554,2019 Hempstead Turnpike,East Meadow,NY,"[{'@type': 'OpeningHoursSpecification', 'dayOfWeek': 'Sunday', 'opens': '8:0', 'closes': '3:0'}, {'@type': 'OpeningHoursSpecification', 'dayOfWeek': 'Sunday', 'opens': '16:0', 'closes': '22:0'}, {'@type': 'OpeningHoursSpecification', 'dayOfWeek': ['Monday', 'Tuesday'], 'opens': '8:0', 'closes': '3:0'}, {'@type': 'OpeningHoursSpecification', 'dayOfWeek': ['Monday', 'Tuesday'], 'opens': '6:0', 'closes': '23:59'}, {'@type': 'OpeningHoursSpecification', 'dayOfWeek': ['Monday', 'Tuesday'], 'opens': '11:0', 'closes': '15:0'}, {'@type': 'OpeningHoursSpecification', 'dayOfWeek': ['Monday', 'Tuesday'], 'opens': '16:0', 'closes': '22:0'}, {'@type': 'OpeningHoursSpecification', 'dayOfWeek': 'Wednesday', 'opens': '8:0', 'closes': '3:0'}, {'@type': 'OpeningHoursSpecification', 'dayOfWeek': 'Wednesday', 'opens': '6:0', 'closes': '23:59'}, {'@type': 'OpeningHoursSpecification', 'dayOfWeek': 'Wednesday', 'opens': '0:0', 'closes': '1:59'}, {'@type': 'OpeningHoursSpecification', 'dayOfWeek': 'Wednesday', 'opens': '11:0', 'closes': '15:0'}, {'@type': 'OpeningHoursSpecification', 'dayOfWeek': 'Wednesday', 'opens': '16:0', 'closes': '22:0'}, {'@type': 'OpeningHoursSpecification', 'dayOfWeek': ['Thursday', 'Friday'], 'opens': '8:0', 'closes': '3:0'}, {'@type': 'OpeningHoursSpecification', 'dayOfWeek': ['Thursday', 'Friday'], 'opens': '11:0', 'closes': '15:0'}, {'@type': 'OpeningHoursSpecification', 'dayOfWeek': ['Thursday', 'Friday'], 'opens': '16:0', 'closes': '22:0'}, {'@type': 'OpeningHoursSpecification', 'dayOfWeek': 'Saturday', 'opens': '8:0', 'closes': '3:0'}, {'@type': 'OpeningHoursSpecification', 'dayOfWeek': 'Saturday', 'opens': '16:0', 'closes': '22:0'}]","{'@type': 'PostalAddress', 'addressLocality': 'East Meadow', 'addressRegion': 'NY', 'postalCode': '11554', 'addressCountry': 'US', 'streetAddress': '2019 Hempstead Turnpike'}","{'@type': 'GeoCoordinates', 'latitude': 40.724846, 'longitude': -73.561851}","{'@type': 'AggregateRating', 'ratingValue': 4.6, 'reviewCount': '379'}"
La candela II,https://www.ubereats.com/nyc-suburbs/food-delivery/la-candela-ii/L5m7tqLxQomoHj7Yb7CuCg,carle-place-new-york,['Peruvian'],4.5,103,$$,40.704835,-73.646327,+15163079891,11552,205 Hempstead Turnpike,West Hempstead,NY,"[{'@type': 'OpeningHoursSpecification', 'dayOfWeek': 'Sunday', 'opens': '9:0', 'closes': '20:0'}, {'@type': 'OpeningHoursSpecification', 'dayOfWeek': ['Monday', 'Tuesday', 'Wednesday', 'Thursday', 'Friday', 'Saturday'], 'opens': '11:30', 'closes': '21:0'}]","{'@type': 'PostalAddress', 'addressLocality': 'West Hempstead', 'addressRegion': 'NY', 'postalCode': '11552', 'addressCountry': 'US', 'streetAddress': '205 Hempstead Turnpike'}","{'@type': 'GeoCoordinates', 'latitude': 40.704835, 'longitude': -73.646327}","{'@type': 'AggregateRating', 'ratingValue': 4.5, 'reviewCount': '103'}"
Waterzooi Belgian Bistro & Oyster Bar,https://www.ubereats.com/nyc-suburbs/food-delivery/waterzooi-belgian-bistro-%26-oyster-bar/-H4xKyNDQaK3P64jrt_z9g,carle-place-new-york,"['Belgian', 'Seafood', 'Sandwich', 'Family Meals', 'Allergy Friendly']",4.8,88,$$$,40.72739,-73.635177,+15168772177,11530,850 Franklin Ave,Garden City,NY,"[{'@type': 'OpeningHoursSpecification', 'dayOfWeek': 'Sunday', 'opens': '16:0', 'closes': '20:30'}, {'@type': 'OpeningHoursSpecification', 'dayOfWeek': 'Sunday', 'opens': '12:0', 'closes': '16:0'}, {'@type': 'OpeningHoursSpecification', 'dayOfWeek': 'Sunday', 'opens': '11:0', 'closes': '15:0'}, {'@type': 'OpeningHoursSpecification', 'dayOfWeek': ['Monday', 'Tuesday'], 'opens': '16:0', 'closes': '20:30'}, {'@type': 'OpeningHoursSpecification', 'dayOfWeek': ['Monday', 'Tuesday'], 'opens': '12:0', 'closes': '16:0'}, {'@type': 'OpeningHoursSpecification', 'dayOfWeek': ['Wednesday', 'Thursday'], 'opens': '16:0', 'closes': '21:30'}, {'@type': 'OpeningHoursSpecification', 'dayOfWeek': ['Wednesday', 'Thursday'], 'opens': '12:0', 'closes': '16:0'}, {'@type': 'OpeningHoursSpecification', 'dayOfWeek': 'Friday', 'opens': '16:0', 'closes': '22:0'}, {'@type': 'OpeningHoursSpecification', 'dayOfWeek': 'Friday', 'opens': '12:0', 'closes': '16:0'}, {'@type': 'OpeningHoursSpecification', 'dayOfWeek': 'Saturday', 'opens': '16:0', 'closes': '22:0'}, {'@type': 'OpeningHoursSpecification', 'dayOfWeek': 'Saturday', 'opens': '12:0', 'closes': '16:0'}, {'@type': 'OpeningHoursSpecification', 'dayOfWeek': 'Saturday', 'opens': '11:0', 'closes': '15:0'}]","{'@type': 'PostalAddress', 'addressLocality': 'Garden City', 'addressRegion': 'NY', 'postalCode': '11530', 'addressCountry': 'US', 'streetAddress': '850 Franklin Ave'}","{'@type': 'GeoCoordinates', 'latitude': 40.72739, 'longitude': -73.635177}","{'@type': 'AggregateRating', 'ratingValue': 4.8, 'reviewCount': '88'}"
Pecosa Bakery,https://www.ubereats.com/nyc-suburbs/food-delivery/pecosa-bakery/FrrXU_lYRu2fQpu89Hn42A,carle-place-new-york,"['Bakery', 'Latin American', 'Latin Fusion']",4.6,30,$$,40.724017,-73.560264,+15164458854,11554,2055 Front St,East Meadow,New York,"[{'@type': 'OpeningHoursSpecification', 'dayOfWeek': 'Sunday', 'opens': '6:0', 'closes': '19:30'}, {'@type': 'OpeningHoursSpecification', 'dayOfWeek': 'Sunday', 'opens': '6:0', 'closes': '19:30'}, {'@type': 'OpeningHoursSpecification', 'dayOfWeek': 'Sunday', 'opens': '6:0', 'closes': '19:0'}, {'@type': 'OpeningHoursSpecification', 'dayOfWeek': 'Monday', 'opens': '6:0', 'closes': '19:30'}, {'@type': 'OpeningHoursSpecification', 'dayOfWeek': 'Monday', 'opens': '6:0', 'closes': '19:30'}, {'@type': 'OpeningHoursSpecification', 'dayOfWeek': 'Monday', 'opens': '6:0', 'closes': '19:30'}, {'@type': 'OpeningHoursSpecification', 'dayOfWeek': 'Tuesday', 'opens': '6:0', 'closes': '19:30'}, {'@type': 'OpeningHoursSpecification', 'dayOfWeek': 'Tuesday', 'opens': '6:0', 'closes': '19:30'}, {'@type': 'OpeningHoursSpecification', 'dayOfWeek': 'Tuesday', 'opens': '6:0', 'closes': '19:30'}, {'@type': 'OpeningHoursSpecification', 'dayOfWeek': 'Wednesday', 'opens': '6:0', 'closes': '19:30'}, {'@type': 'OpeningHoursSpecification', 'dayOfWeek': 'Wednesday', 'opens': '6:0', 'closes': '19:30'}, {'@type': 'OpeningHoursSpecification', 'dayOfWeek': 'Wednesday', 'opens': '6:0', 'closes': '19:30'}, {'@type': 'OpeningHoursSpecification', 'dayOfWeek': 'Thursday', 'opens': '6:0', 'closes': '19:30'}, {'@type': 'OpeningHoursSpecification', 'dayOfWeek': 'Thursday', 'opens': '6:0', 'closes': '19:30'}, {'@type': 'OpeningHoursSpecification', 'dayOfWeek': 'Thursday', 'opens': '6:0', 'closes': '19:30'}, {'@type': 'OpeningHoursSpecification', 'dayOfWeek': 'Friday', 'opens': '6:0', 'closes': '19:30'}, {'@type': 'OpeningHoursSpecification', 'dayOfWeek': 'Friday', 'opens': '6:0', 'closes': '19:30'}, {'@type': 'OpeningHoursSpecification', 'dayOfWeek': 'Friday', 'opens': '6:0', 'closes': '19:30'}, {'@type': 'OpeningHoursSpecification', 'dayOfWeek': 'Saturday', 'opens': '6:0', 'closes': '19:30'}, {'@type': 'OpeningHoursSpecification', 'dayOfWeek': 'Saturday', 'opens': '6:0', 'closes': '19:30'}, {'@type': 'OpeningHoursSpecification', 'dayOfWeek': 'Saturday', 'opens': '6:0', 'closes': '19:30'}]","{'@type': 'PostalAddress', 'addressLocality': 'East Meadow', 'addressRegion': 'New York', 'postalCode': '11554', 'addressCountry': 'US', 'streetAddress': '2055 Front St'}","{'@type': 'GeoCoordinates', 'latitude': 40.724017, 'longitude': -73.560264}","{'@type': 'AggregateRating', 'ratingValue': 4.6, 'reviewCount': '30'}"
 Liv - in Vegan,https://www.ubereats.com/nyc-suburbs/food-delivery/liv-in-vegan/0qXPKKLNSBSZ_TBt2neHJA,carle-place-new-york,"['Vegetarian', 'Vegan', 'Healthy']",4.7,117,$,40.6866794,-73.6923776,+15165990891,11003,796 Meacham Ave,Elmont,New York,"[{'@type': 'OpeningHoursSpecification', 'dayOfWeek': ['Monday', 'Tuesday', 'Wednesday', 'Thursday', 'Friday', 'Saturday'], 'opens': '12:0', 'closes': '20:0'}]","{'@type': 'PostalAddress', 'addressLocality': 'Elmont', 'addressRegion': 'New York', 'postalCode': '11003', 'addressCountry': 'US', 'streetAddress': '796 Meacham Ave'}","{'@type': 'GeoCoordinates', 'latitude': 40.6866794, 'longitude': -73.6923776}","{'@type': 'AggregateRating', 'ratingValue': 4.7, 'reviewCount': '117'}"
La Famiglia - Plainview,https://www.ubereats.com/nyc-suburbs/food-delivery/la-famiglia-plainview/cnuV8Dd_Q42G5Qa7JrQ8VA,carle-place-new-york,"['Italian', 'Pasta', 'Comfort Food', 'Seafood', 'Chicken']",,,$,40.7715066,-73.49033969999999,+15169382050,11803,641 Old Country Rd,Plainview,NY,"[{'@type': 'OpeningHoursSpecification', 'dayOfWeek': 'Sunday', 'opens': '13:0', 'closes': '22:0'}, {'@type': 'OpeningHoursSpecification', 'dayOfWeek': ['Tuesday', 'Wednesday', 'Thursday'], 'opens': '11:0', 'closes': '22:0'}, {'@type': 'OpeningHoursSpecification', 'dayOfWeek': ['Tuesday', 'Wednesday', 'Thursday'], 'opens': '12:0', 'closes': '15:0'}, {'@type': 'OpeningHoursSpecification', 'dayOfWeek': 'Friday', 'opens': '11:0', 'closes': '23:0'}, {'@type': 'OpeningHoursSpecification', 'dayOfWeek': 'Friday', 'opens': '12:0', 'closes': '15:0'}, {'@type': 'OpeningHoursSpecification', 'dayOfWeek': 'Saturday', 'opens': '13:0', 'closes': '23:0'}]","{'@type': 'PostalAddress', 'addressLocality': 'Plainview', 'addressRegion': 'NY', 'postalCode': '11803', 'addressCountry': 'US', 'streetAddress': '641 Old Country Rd'}","{'@type': 'GeoCoordinates', 'latitude': 40.7715066, 'longitude': -73.49033969999999}",{}
Wendy's  (259 Hillside Ave),https://www.ubereats.com/nyc-suburbs/food-delivery/wendys-259-hillside-ave/2lV8nj7JTBeLBbIymKrkMQ,carle-place-new-york,"['American', 'Burgers', 'Fast Food', 'Breakfast and Brunch']",4.4,133,$,40.7545889,-73.6495508,+15162944888,11596,259 Hillside Ave,Williston Park,NY,"[{'@type': 'OpeningHoursSpecification', 'dayOfWeek': ['Monday', 'Tuesday', 'Wednesday', 'Thursday', 'Friday', 'Saturday', 'Sunday'], 'opens': '10:30', 'closes': '23:30'}, {'@type': 'OpeningHoursSpecification', 'dayOfWeek': ['Monday', 'Tuesday', 'Wednesday', 'Thursday', 'Friday', 'Saturday', 'Sunday'], 'opens': '6:30', 'closes': '10:0'}]","{'@type': 'PostalAddress', 'addressLocality': 'Williston Park', 'addressRegion': 'NY', 'postalCode': '11596', 'addressCountry': 'US', 'streetAddress': '259 Hillside Ave'}","{'@type': 'GeoCoordinates', 'latitude': 40.7545889, 'longitude': -73.6495508}","{'@type': 'AggregateRating', 'ratingValue': 4.4, 'reviewCount': '133'}"
Taco Bell (215 W Merrick Rd),https://www.ubereats.com/nyc-suburbs/food-delivery/taco-bell-215-w-merrick-rd/smsxr3D7TiuDcIcznWBbrA,carle-place-new-york,"['Burritos', 'Fast Food', 'Mexican']",,,$,40.6523629,-73.5892715,+15165449980,11520,215 W Merrick Rd,Freeport,NY,"[{'@type': 'OpeningHoursSpecification', 'dayOfWeek': ['Monday', 'Tuesday', 'Wednesday', 'Thursday', 'Friday', 'Saturday', 'Sunday'], 'opens': '14:0', 'closes': '17:0'}, {'@type': 'OpeningHoursSpecification', 'dayOfWeek': ['Monday', 'Tuesday', 'Wednesday', 'Thursday', 'Friday', 'Saturday', 'Sunday'], 'opens': '8:0', 'closes': '23:30'}, {'@type': 'OpeningHoursSpecification', 'dayOfWeek': ['Monday', 'Tuesday', 'Wednesday', 'Thursday', 'Friday', 'Saturday', 'Sunday'], 'opens': '8:0', 'closes': '10:30'}]","{'@type': 'PostalAddress', 'addressLocality': 'Freeport', 'addressRegion': 'NY', 'postalCode': '11520', 'addressCountry': 'US', 'streetAddress': '215 W Merrick Rd'}","{'@type': 'GeoCoordinates', 'latitude': 40.6523629, 'longitude': -73.5892715}",{}
Big Bang Sushi & Poke,https://www.ubereats.com/nyc-suburbs/food-delivery/big-bang-sushi-%26-poke/vK4blX6oSJ6ORiSAA0dC6Q,carle-place-new-york,"['Japanese', 'Asian', 'Sushi']",4.8,70,$,40.7053921,-73.6518618,+15167508889,11552,342 Hempstead Tpke,West Hempstead,NY,"[{'@type': 'OpeningHoursSpecification', 'dayOfWeek': ['Monday', 'Tuesday', 'Wednesday', 'Thursday'], 'opens': '11:40', 'closes': '20:30'}, {'@type': 'OpeningHoursSpecification', 'dayOfWeek': ['Monday', 'Tuesday', 'Wednesday', 'Thursday'], 'opens': '11:41', 'closes': '15:0'}, {'@type': 'OpeningHoursSpecification', 'dayOfWeek': 'Friday', 'opens': '11:40', 'closes': '21:0'}, {'@type': 'OpeningHoursSpecification', 'dayOfWeek': 'Friday', 'opens': '11:41', 'closes': '15:0'}, {'@type': 'OpeningHoursSpecification', 'dayOfWeek': 'Saturday', 'opens': '12:39', 'closes': '21:0'}, {'@type': 'OpeningHoursSpecification', 'dayOfWeek': 'Saturday', 'opens': '12:40', 'closes': '15:0'}]","{'@type': 'PostalAddress', 'addressLocality': 'West Hempstead', 'addressRegion': 'NY', 'postalCode': '11552', 'addressCountry': 'US', 'streetAddress': '342 Hempstead Tpke'}","{'@type': 'GeoCoordinates', 'latitude': 40.7053921, 'longitude': -73.6518618}","{'@type': 'AggregateRating', 'ratingValue': 4.8, 'reviewCount': '70'}"
Jalapeno Grill,https://www.ubereats.com/nyc-suburbs/food-delivery/jalapeno-grill/XBaafn_3QFegC5isRfCIxA,carle-place-new-york,"['Mexican', 'Latin American', 'Breakfast and Brunch']",4.0,13,$,40.709845,-73.627685,+15162928030,11550,114 N Franklin St,Hempstead,NY,"[{'@type': 'OpeningHoursSpecification', 'dayOfWeek': ['Monday', 'Tuesday', 'Wednesday', 'Thursday', 'Friday', 'Saturday', 'Sunday'], 'opens': '11:0', 'closes': '2:0'}]","{'@type': 'PostalAddress', 'addressLocality': 'Hempstead', 'addressRegion': 'NY', 'postalCode': '11550', 'addressCountry': 'US', 'streetAddress': '114 N Franklin St'}","{'@type': 'GeoCoordinates', 'latitude': 40.709845, 'longitude': -73.627685}","{'@type': 'AggregateRating', 'ratingValue': 4, 'reviewCount': '13'}"
New Hing Hing Kitchen,https://www.ubereats.com/nyc-suburbs/food-delivery/new-hing-hing-kitchen/RXsj355-ScysM5Zpm5fkdw,carle-place-new-york,"['Chinese', 'Seafood', 'Vegetarian']",,,$,40.7501471,-73.6394197,+15167475386,11501,90 Jericho Tpke,Mineola,NY,"[{'@type': 'OpeningHoursSpecification', 'dayOfWeek': 'Sunday', 'opens': '12:0', 'closes': '21:30'}, {'@type': 'OpeningHoursSpecification', 'dayOfWeek': ['Monday', 'Tuesday', 'Wednesday', 'Thursday'], 'opens': '11:0', 'closes': '21:30'}, {'@type': 'OpeningHoursSpecification', 'dayOfWeek': ['Monday', 'Tuesday', 'Wednesday', 'Thursday'], 'opens': '11:0', 'closes': '15:30'}, {'@type': 'OpeningHoursSpecification', 'dayOfWeek': ['Friday', 'Saturday'], 'opens': '11:0', 'closes': '22:30'}, {'@type': 'OpeningHoursSpecification', 'dayOfWeek': ['Friday', 'Saturday'], 'opens': '11:0', 'closes': '15:30'}]","{'@type': 'PostalAddress', 'addressLocality': 'Mineola', 'addressRegion': 'NY', 'postalCode': '11501', 'addressCountry': 'US', 'streetAddress': '90 Jericho Tpke'}","{'@type': 'GeoCoordinates', 'latitude': 40.7501471, 'longitude': -73.6394197}",{}
Dunkin' (538 S Broadway),https://www.ubereats.com/nyc-suburbs/food-delivery/dunkin-538-s-broadway/PQjOPOGgT9SbDj0FFqqDjA,carle-place-new-york,"['Breakfast and Brunch', 'Donuts']",,,$,40.7549227,-73.5095545,+15163009254,11801,538 S Broadway,Hicksville,NY,"[{'@type': 'OpeningHoursSpecification', 'dayOfWeek': 'Sunday', 'opens': '6:0', 'closes': '20:0'}, {'@type': 'OpeningHoursSpecification', 'dayOfWeek': ['Monday', 'Tuesday', 'Wednesday', 'Thursday', 'Friday', 'Saturday'], 'opens': '5:0', 'closes': '20:0'}]","{'@type': 'PostalAddress', 'addressLocality': 'Hicksville', 'addressRegion': 'NY', 'postalCode': '11801', 'addressCountry': 'US', 'streetAddress': '538 S Broadway'}","{'@type': 'GeoCoordinates', 'latitude': 40.7549227, 'longitude': -73.5095545}",{}
Margarita's Cafe - Williston,https://www.ubereats.com/nyc-suburbs/food-delivery/margaritas-cafe-williston/40Z_AZgjTPe0JjGqCCc6jQ,carle-place-new-york,"['Mexican', 'Latin American', 'New Mexican']",4.1,49,$,40.7577875,-73.6410424,+15164939045,11596,38 Hillside Avenue,Williston Park,NY,"[{'@type': 'OpeningHoursSpecification', 'dayOfWeek': 'Sunday', 'opens': '11:30', 'closes': '21:45'}, {'@type': 'OpeningHoursSpecification', 'dayOfWeek': ['Tuesday', 'Wednesday'], 'opens': '11:30', 'closes': '21:45'}, {'@type': 'OpeningHoursSpecification', 'dayOfWeek': ['Tuesday', 'Wednesday'], 'opens': '11:30', 'closes': '15:0'}, {'@type': 'OpeningHoursSpecification', 'dayOfWeek': 'Thursday', 'opens': '11:30', 'closes': '21:45'}, {'@type': 'OpeningHoursSpecification', 'dayOfWeek': 'Thursday', 'opens': '11:0', 'closes': '22:0'}, {'@type': 'OpeningHoursSpecification', 'dayOfWeek': 'Thursday', 'opens': '11:30', 'closes': '15:0'}, {'@type': 'OpeningHoursSpecification', 'dayOfWeek': 'Friday', 'opens': '11:30', 'closes': '21:45'}, {'@type': 'OpeningHoursSpecification', 'dayOfWeek': 'Friday', 'opens': '11:30', 'closes': '15:0'}, {'@type': 'OpeningHoursSpecification', 'dayOfWeek': 'Saturday', 'opens': '11:30', 'closes': '21:45'}]","{'@type': 'PostalAddress', 'addressLocality': 'Williston Park', 'addressRegion': 'NY', 'postalCode': '11596', 'addressCountry': 'US', 'streetAddress': '38 Hillside Avenue'}","{'@type': 'GeoCoordinates', 'latitude': 40.7577875, 'longitude': -73.6410424}","{'@type': 'AggregateRating', 'ratingValue': 4.1, 'reviewCount': '49'}"
Dunkin' (1 Front St),https://www.ubereats.com/nyc-suburbs/food-delivery/dunkin-1-front-st/EExFaN5gSHeOZOhPEIOm2w,carle-place-new-york,"['Breakfast and Brunch', 'Donuts']",,,$,40.7045965,-73.63700419999999,+15163235126,11550,1 Front St,Hempstead,NY,"[{'@type': 'OpeningHoursSpecification', 'dayOfWeek': ['Monday', 'Tuesday', 'Wednesday', 'Thursday', 'Friday', 'Saturday', 'Sunday'], 'opens': '6:0', 'closes': '14:0'}]","{'@type': 'PostalAddress', 'addressLocality': 'Hempstead', 'addressRegion': 'NY', 'postalCode': '11550', 'addressCountry': 'US', 'streetAddress': '1 Front St'}","{'@type': 'GeoCoordinates', 'latitude': 40.7045965, 'longitude': -73.63700419999999}",{}
Lumas Halal Food,https://www.ubereats.com/nyc-suburbs/food-delivery/lumas-halal-food/d_8O1lSrTZeVfLCOCHurGA,carle-place-new-york,"['Halal', 'Chicken', 'Middle Eastern']",,,$,40.7061952,-73.6440319,+15163000809,11552,23 Westminster Rd,West Hempstead,NY,"[{'@type': 'OpeningHoursSpecification', 'dayOfWeek': ['Monday', 'Tuesday'], 'opens': '11:30', 'closes': '22:0'}, {'@type': 'OpeningHoursSpecification', 'dayOfWeek': ['Thursday', 'Friday', 'Saturday'], 'opens': '11:30', 'closes': '22:0'}]","{'@type': 'PostalAddress', 'addressLocality': 'West Hempstead', 'addressRegion': 'NY', 'postalCode': '11552', 'addressCountry': 'US', 'streetAddress': '23 Westminster Rd'}","{'@type': 'GeoCoordinates', 'latitude': 40.7061952, 'longitude': -73.6440319}",{}
Wood Fire Grill - Hempstead,https://www.ubereats.com/nyc-suburbs/food-delivery/wood-fire-grill-hempstead/oJh1c28RTpOqgm5tzUr3Vg,carle-place-new-york,"['Jamaican', 'Seafood', 'Desserts']",,,$,40.707287,-73.623666,+15167439228,11550,24 Main St,Hempstead,New York,"[{'@type': 'OpeningHoursSpecification', 'dayOfWeek': ['Monday', 'Tuesday', 'Wednesday', 'Thursday', 'Friday', 'Saturday'], 'opens': '11:0', 'closes': '22:0'}]","{'@type': 'PostalAddress', 'addressLocality': 'Hempstead', 'addressRegion': 'New York', 'postalCode': '11550', 'addressCountry': 'US', 'streetAddress': '24 Main St'}","{'@type': 'GeoCoordinates', 'latitude': 40.707287, 'longitude': -73.623666}",{}
Lareira Restaurant,https://www.ubereats.com/nyc-suburbs/food-delivery/lareira-restaurant/6UM0otwvQ-y6RjMt2V-vUQ,carle-place-new-york,"['Latin American', 'Vegetarian', 'Mediterranean', 'Portuguese', 'Gluten Free', 'Gluten Free Friendly']",,,$,40.7522567,-73.6324891,+15162482004,11501-3141,66 E Jericho Turnpike,Mineola,NY,"[{'@type': 'OpeningHoursSpecification', 'dayOfWeek': ['Monday', 'Tuesday', 'Wednesday', 'Thursday', 'Friday', 'Saturday', 'Sunday'], 'opens': '12:0', 'closes': '20:0'}]","{'@type': 'PostalAddress', 'addressLocality': 'Mineola', 'addressRegion': 'NY', 'postalCode': '11501-3141', 'addressCountry': 'US', 'streetAddress': '66 E Jericho Turnpike'}","{'@type': 'GeoCoordinates', 'latitude': 40.7522567, 'longitude': -73.6324891}",{}
Icon Kitchen & Cocktail,https://www.ubereats.com/nyc-suburbs/food-delivery/icon-kitchen-%26-cocktail/HfCV9HlPTly-nqc1toVf4A,carle-place-new-york,"['Burgers', 'American', 'Sandwiches']",,,$,40.7584701,-73.5877586,+13475724531,11590,272 Post Ave,Westbury,NY,"[{'@type': 'OpeningHoursSpecification', 'dayOfWeek': ['Sunday', 'Monday'], 'opens': '0:0', 'closes': '1:0'}, {'@type': 'OpeningHoursSpecification', 'dayOfWeek': ['Sunday', 'Monday'], 'opens': '11:0', 'closes': '23:59'}, {'@type': 'OpeningHoursSpecification', 'dayOfWeek': 'Tuesday', 'opens': '11:0', 'closes': '23:0'}, {'@type': 'OpeningHoursSpecification', 'dayOfWeek': 'Tuesday', 'opens': '0:0', 'closes': '1:0'}, {'@type': 'OpeningHoursSpecification', 'dayOfWeek': ['Wednesday', 'Thursday'], 'opens': '11:0', 'closes': '23:0'}, {'@type': 'OpeningHoursSpecification', 'dayOfWeek': 'Friday', 'opens': '11:0', 'closes': '23:59'}, {'@type': 'OpeningHoursSpecification', 'dayOfWeek': 'Saturday', 'opens': '0:0', 'closes': '1:0'}, {'@type': 'OpeningHoursSpecification', 'dayOfWeek': 'Saturday', 'opens': '11:0', 'closes': '23:59'}]","{'@type': 'PostalAddress', 'addressLocality': 'Westbury', 'addressRegion': 'NY', 'postalCode': '11590', 'addressCountry': 'US', 'streetAddress': '272 Post Ave'}","{'@type': 'GeoCoordinates', 'latitude': 40.7584701, 'longitude': -73.5877586}",{}
Angelos Pizzeria and Ristorante,https://www.ubereats.com/nyc-suburbs/food-delivery/angelos-pizzeria-and-ristorante/_eQ2Ec78TBSeLEkIQbaF5w,carle-place-new-york,"['Italian', 'Pizza', 'Sandwich']",,,$,40.7477844,-73.6164146,+15167420550,11514,"Parkway Plaza, 215 Glen Cove Rd",Carle Place,New York,"[{'@type': 'OpeningHoursSpecification', 'dayOfWeek': 'Sunday', 'opens': '12:0', 'closes': '18:0'}, {'@type': 'OpeningHoursSpecification', 'dayOfWeek': ['Monday', 'Tuesday'], 'opens': '11:30', 'closes': '19:30'}, {'@type': 'OpeningHoursSpecification', 'dayOfWeek': ['Wednesday', 'Thursday', 'Friday', 'Saturday'], 'opens': '11:30', 'closes': '21:0'}]","{'@type': 'PostalAddress', 'addressLocality': 'Carle Place', 'addressRegion': 'New York', 'postalCode': '11514', 'addressCountry': 'US', 'streetAddress': 'Parkway Plaza, 215 Glen Cove Rd'}","{'@type': 'GeoCoordinates', 'latitude': 40.7477844, 'longitude': -73.6164146}",{}
The Modern Improvement Club,https://www.ubereats.com/nyc-suburbs/food-delivery/the-modern-improvement-club/maygqZAOSy6tKFqsYC7qvQ,carle-place-new-york,['Juice and Smoothies'],,,$$$,40.80421090000001,-73.5161585,+15165843444,11791,180 Michael Dr,Syosset,NY,"[{'@type': 'OpeningHoursSpecification', 'dayOfWeek': 'Sunday', 'opens': '8:30', 'closes': '11:0'}, {'@type': 'OpeningHoursSpecification', 'dayOfWeek': 'Monday', 'opens': '17:30', 'closes': '19:30'}, {'@type': 'OpeningHoursSpecification', 'dayOfWeek': 'Monday', 'opens': '9:0', 'closes': '11:30'}, {'@type': 'OpeningHoursSpecification', 'dayOfWeek': ['Tuesday', 'Wednesday', 'Thursday', 'Friday'], 'opens': '9:0', 'closes': '11:30'}, {'@type': 'OpeningHoursSpecification', 'dayOfWeek': 'Saturday', 'opens': '8:30', 'closes': '11:0'}]","{'@type': 'PostalAddress', 'addressLocality': 'Syosset', 'addressRegion': 'NY', 'postalCode': '11791', 'addressCountry': 'US', 'streetAddress': '180 Michael Dr'}","{'@type': 'GeoCoordinates', 'latitude': 40.80421090000001, 'longitude': -73.5161585}",{}
Kumo Sushi Japanese Restaurant,https://www.ubereats.com/nyc-suburbs/food-delivery/kumo-sushi-japanese-restaurant/SlFEEmwkQMWfrJ_i46CcrQ,carle-place-new-york,"['Japanese', 'Asian', 'Sushi']",,,$,40.7847876,-73.4746674,+15166818881,11803,18 Manetto Hill Mall,Plainview,NY,"[{'@type': 'OpeningHoursSpecification', 'dayOfWeek': 'Sunday', 'opens': '14:0', 'closes': '21:0'}, {'@type': 'OpeningHoursSpecification', 'dayOfWeek': ['Monday', 'Tuesday', 'Wednesday', 'Thursday'], 'opens': '11:30', 'closes': '14:45'}, {'@type': 'OpeningHoursSpecification', 'dayOfWeek': ['Monday', 'Tuesday', 'Wednesday', 'Thursday'], 'opens': '16:30', 'closes': '21:0'}, {'@type': 'OpeningHoursSpecification', 'dayOfWeek': 'Friday', 'opens': '11:30', 'closes': '14:45'}, {'@type': 'OpeningHoursSpecification', 'dayOfWeek': 'Friday', 'opens': '16:30', 'closes': '21:30'}, {'@type': 'OpeningHoursSpecification', 'dayOfWeek': 'Saturday', 'opens': '12:0', 'closes': '14:45'}, {'@type': 'OpeningHoursSpecification', 'dayOfWeek': 'Saturday', 'opens': '16:30', 'closes': '21:30'}]","{'@type': 'PostalAddress', 'addressLocality': 'Plainview', 'addressRegion': 'NY', 'postalCode': '11803', 'addressCountry': 'US', 'streetAddress': '18 Manetto Hill Mall'}","{'@type': 'GeoCoordinates', 'latitude': 40.7847876, 'longitude': -73.4746674}",{}
Chris' Deli and Caterers,https://www.ubereats.com/nyc-suburbs/food-delivery/chris-deli-and-caterers/ize7xoGVTa6imRwixJu4Aw,carle-place-new-york,['Deli'],,,$,40.738935,-73.640338,+15167466155,11501,232 Old Country Rd,Mineola,New York,"[{'@type': 'OpeningHoursSpecification', 'dayOfWeek': ['Monday', 'Tuesday', 'Wednesday', 'Thursday', 'Friday'], 'opens': '6:0', 'closes': '16:0'}, {'@type': 'OpeningHoursSpecification', 'dayOfWeek': ['Monday', 'Tuesday', 'Wednesday', 'Thursday', 'Friday'], 'opens': '6:0', 'closes': '16:0'}, {'@type': 'OpeningHoursSpecification', 'dayOfWeek': 'Saturday', 'opens': '7:0', 'closes': '13:0'}, {'@type': 'OpeningHoursSpecification', 'dayOfWeek': 'Saturday', 'opens': '7:0', 'closes': '13:0'}]","{'@type': 'PostalAddress', 'addressLocality': 'Mineola', 'addressRegion': 'New York', 'postalCode': '11501', 'addressCountry': 'US', 'streetAddress': '232 Old Country Rd'}","{'@type': 'GeoCoordinates', 'latitude': 40.738935, 'longitude': -73.640338}",{}
Tommy’s kitchen,https://www.ubereats.com/nyc-suburbs/food-delivery/tommys-kitchen/CMBvhvz9Q4CuNkGZfZ0lNQ,carle-place-new-york,['Chinese: Other'],,,,40.759541,-73.538174,+15168222777,11801,350 W Old Country Rd,Hicksville,NY,"[{'@type': 'OpeningHoursSpecification', 'dayOfWeek': 'Sunday', 'opens': '11:0', 'closes': '15:0'}, {'@type': 'OpeningHoursSpecification', 'dayOfWeek': 'Sunday', 'opens': '12:0', 'closes': '22:15'}, {'@type': 'OpeningHoursSpecification', 'dayOfWeek': ['Monday', 'Tuesday', 'Wednesday', 'Thursday'], 'opens': '11:0', 'closes': '22:0'}, {'@type': 'OpeningHoursSpecification', 'dayOfWeek': ['Monday', 'Tuesday', 'Wednesday', 'Thursday'], 'opens': '11:0', 'closes': '15:0'}, {'@type': 'OpeningHoursSpecification', 'dayOfWeek': ['Monday', 'Tuesday', 'Wednesday', 'Thursday'], 'opens': '11:0', 'closes': '22:15'}, {'@type': 'OpeningHoursSpecification', 'dayOfWeek': ['Friday', 'Saturday'], 'opens': '11:0', 'closes': '22:0'}, {'@type': 'OpeningHoursSpecification', 'dayOfWeek': ['Friday', 'Saturday'], 'opens': '11:0', 'closes': '22:45'}, {'@type': 'OpeningHoursSpecification', 'dayOfWeek': ['Friday', 'Saturday'], 'opens': '11:0', 'closes': '15:0'}, {'@type': 'OpeningHoursSpecification', 'dayOfWeek': ['Friday', 'Saturday'], 'opens': '11:0', 'closes': '22:45'}]","{'@type': 'PostalAddress', 'addressLocality': 'Hicksville', 'addressRegion': 'NY', 'postalCode': '11801', 'addressCountry': 'US', 'streetAddress': '350 W Old Country Rd'}","{'@type': 'GeoCoordinates', 'latitude': 40.759541, 'longitude': -73.538174}",{}
Carolyn's Cuisine Inc ,https://www.ubereats.com/nyc-suburbs/food-delivery/carolyns-cuisine-inc/7mgaKbhHTICvOdpMTnxnaw,carle-place-new-york,"['Southern', 'Salads', 'Kids Friendly', 'Desserts']",,,$$,40.7239682,-73.540964,+15163960660,11554,2564 Hempstead Turnpike,East Meadow,NY,"[{'@type': 'OpeningHoursSpecification', 'dayOfWeek': ['Monday', 'Tuesday', 'Wednesday', 'Thursday'], 'opens': '10:0', 'closes': '21:0'}, {'@type': 'OpeningHoursSpecification', 'dayOfWeek': ['Monday', 'Tuesday', 'Wednesday', 'Thursday'], 'opens': '11:0', 'closes': '15:0'}, {'@type': 'OpeningHoursSpecification', 'dayOfWeek': 'Friday', 'opens': '10:0', 'closes': '23:0'}, {'@type': 'OpeningHoursSpecification', 'dayOfWeek': 'Friday', 'opens': '11:0', 'closes': '15:0'}, {'@type': 'OpeningHoursSpecification', 'dayOfWeek': 'Saturday', 'opens': '10:0', 'closes': '23:0'}]","{'@type': 'PostalAddress', 'addressLocality': 'East Meadow', 'addressRegion': 'NY', 'postalCode': '11554', 'addressCountry': 'US', 'streetAddress': '2564 Hempstead Turnpike'}","{'@type': 'GeoCoordinates', 'latitude': 40.7239682, 'longitude': -73.540964}",{}
Subway (12 Ocean Ave),https://www.ubereats.com/nyc-suburbs/food-delivery/subway-12-ocean-ave/mFfncl2fTkabmVOXCgJWeQ,carle-place-new-york,"['Fast Food', 'Sandwich', 'American']",4.4,36,$,40.666834,-73.660939,+15165998425,11563,12 Ocean Ave,Lynbrook,NY,"[{'@type': 'OpeningHoursSpecification', 'dayOfWeek': 'Sunday', 'opens': '10:0', 'closes': '19:30'}, {'@type': 'OpeningHoursSpecification', 'dayOfWeek': ['Monday', 'Tuesday', 'Wednesday', 'Thursday', 'Friday'], 'opens': '10:0', 'closes': '21:30'}, {'@type': 'OpeningHoursSpecification', 'dayOfWeek': 'Saturday', 'opens': '10:0', 'closes': '19:30'}]","{'@type': 'PostalAddress', 'addressLocality': 'Lynbrook', 'addressRegion': 'NY', 'postalCode': '11563', 'addressCountry': 'US', 'streetAddress': '12 Ocean Ave'}","{'@type': 'GeoCoordinates', 'latitude': 40.666834, 'longitude': -73.660939}","{'@type': 'AggregateRating', 'ratingValue': 4.4, 'reviewCount': '36'}"
Friendly's (230 Jericho Tpke),https://www.ubereats.com/nyc-suburbs/food-delivery/friendlys-230-jericho-tpke/eqNuNpwDS62Q3lkzTh8nmA,carle-place-new-york,"['Desserts', 'Ice Cream and Frozen Yogurt', 'Burgers', 'American', 'Family Meals', 'Kids Friendly']",4.5,173,$,40.74807,-73.645274,+15162940393,11501,230 Jericho Turnpike,Mineola,New York,"[{'@type': 'OpeningHoursSpecification', 'dayOfWeek': ['Sunday', 'Monday', 'Tuesday', 'Wednesday', 'Thursday'], 'opens': '11:0', 'closes': '22:30'}, {'@type': 'OpeningHoursSpecification', 'dayOfWeek': ['Friday', 'Saturday'], 'opens': '11:0', 'closes': '23:29'}]","{'@type': 'PostalAddress', 'addressLocality': 'Mineola', 'addressRegion': 'New York', 'postalCode': '11501', 'addressCountry': 'US', 'streetAddress': '230 Jericho Turnpike'}","{'@type': 'GeoCoordinates', 'latitude': 40.74807, 'longitude': -73.645274}","{'@type': 'AggregateRating', 'ratingValue': 4.5, 'reviewCount': '173'}"
Craft 387,https://www.ubereats.com/nyc-suburbs/food-delivery/craft-387/iFzdj0KkSdmiIZVQ0EBcQw,carle-place-new-york,"['American', 'Sandwich', 'Burgers']",,,,40.7844829,-73.5032068,+18074987,11803,387 S Oyster Bay Rd,Plainview,NY,"[{'@type': 'OpeningHoursSpecification', 'dayOfWeek': 'Sunday', 'opens': '15:0', 'closes': '21:0'}, {'@type': 'OpeningHoursSpecification', 'dayOfWeek': ['Tuesday', 'Wednesday', 'Thursday', 'Friday', 'Saturday'], 'opens': '15:0', 'closes': '21:0'}]","{'@type': 'PostalAddress', 'addressLocality': 'Plainview', 'addressRegion': 'NY', 'postalCode': '11803', 'addressCountry': 'US', 'streetAddress': '387 S Oyster Bay Rd'}","{'@type': 'GeoCoordinates', 'latitude': 40.7844829, 'longitude': -73.5032068}",{}
“EAT” @ The Living Room,https://www.ubereats.com/nyc-suburbs/food-delivery/%E2%80%9Ceat%E2%80%9D-%40-the-living-room/VV0hXI23Rbq-aHwEKWTs8A,carle-place-new-york,"['Mexican', 'Salads', 'Burgers', 'Sandwich', 'Wings']",3.2,37,$$,40.7365883,-73.4950939,+19177745700,11714,432 N Wantagh Ave,Bethpage,NY,"[{'@type': 'OpeningHoursSpecification', 'dayOfWeek': ['Monday', 'Tuesday', 'Wednesday', 'Thursday', 'Friday', 'Saturday', 'Sunday'], 'opens': '17:0', 'closes': '1:0'}]","{'@type': 'PostalAddress', 'addressLocality': 'Bethpage', 'addressRegion': 'NY', 'postalCode': '11714', 'addressCountry': 'US', 'streetAddress': '432 N Wantagh Ave'}","{'@type': 'GeoCoordinates', 'latitude': 40.7365883, 'longitude': -73.4950939}","{'@type': 'AggregateRating', 'ratingValue': 3.2, 'reviewCount': '37'}"
Novita Wine Bar & Trattoria,https://www.ubereats.com/nyc-suburbs/food-delivery/novita-wine-bar-%26-trattoria/OisnVM-TRvKnT2YUJ5AlDw,carle-place-new-york,"['Italian', 'Pizza', 'Sandwich', 'Desserts', 'Family Meals']",4.7,77,$,40.727529,-73.63523,+15167397660,11530,860 Franklin Ave,Garden City,NY,"[{'@type': 'OpeningHoursSpecification', 'dayOfWeek': 'Sunday', 'opens': '12:0', 'closes': '19:30'}, {'@type': 'OpeningHoursSpecification', 'dayOfWeek': 'Sunday', 'opens': '12:0', 'closes': '15:0'}, {'@type': 'OpeningHoursSpecification', 'dayOfWeek': ['Monday', 'Tuesday'], 'opens': '12:0', 'closes': '20:30'}, {'@type': 'OpeningHoursSpecification', 'dayOfWeek': 'Wednesday', 'opens': '12:0', 'closes': '21:30'}, {'@type': 'OpeningHoursSpecification', 'dayOfWeek': 'Thursday', 'opens': '12:0', 'closes': '19:30'}, {'@type': 'OpeningHoursSpecification', 'dayOfWeek': 'Friday', 'opens': '12:0', 'closes': '21:30'}, {'@type': 'OpeningHoursSpecification', 'dayOfWeek': 'Saturday', 'opens': '12:0', 'closes': '21:30'}, {'@type': 'OpeningHoursSpecification', 'dayOfWeek': 'Saturday', 'opens': '12:0', 'closes': '15:0'}]","{'@type': 'PostalAddress', 'addressLocality': 'Garden City', 'addressRegion': 'NY', 'postalCode': '11530', 'addressCountry': 'US', 'streetAddress': '860 Franklin Ave'}","{'@type': 'GeoCoordinates', 'latitude': 40.727529, 'longitude': -73.63523}","{'@type': 'AggregateRating', 'ratingValue': 4.7, 'reviewCount': '77'}"
Mama Philo’s African Cuisine ,https://www.ubereats.com/nyc-suburbs/food-delivery/mama-philos-african-cuisine/GkAplgwmSVuAUfqnY3-TrA,carle-place-new-york,"['African', 'Salads', 'Breakfast and Brunch']",,,,40.702516164111216,-73.70544151994324,+13472621565,11003,23705 Linden Boulevard,North Valley Stream,NY,"[{'@type': 'OpeningHoursSpecification', 'dayOfWeek': 'Sunday', 'opens': '13:0', 'closes': '20:0'}, {'@type': 'OpeningHoursSpecification', 'dayOfWeek': ['Monday', 'Tuesday', 'Wednesday', 'Thursday'], 'opens': '8:0', 'closes': '21:0'}, {'@type': 'OpeningHoursSpecification', 'dayOfWeek': ['Friday', 'Saturday'], 'opens': '8:0', 'closes': '22:0'}]","{'@type': 'PostalAddress', 'addressLocality': 'North Valley Stream', 'addressRegion': 'NY', 'postalCode': '11003', 'addressCountry': 'US', 'streetAddress': '23705 Linden Boulevard'}","{'@type': 'GeoCoordinates', 'latitude': 40.702516164111216, 'longitude': -73.70544151994324}",{}
Dunkin' (545 Uniondale Ave),https://www.ubereats.com/nyc-suburbs/food-delivery/dunkin-545-uniondale-ave/QEniagX9R6C1L6K7z_bDVA,carle-place-new-york,"['Breakfast and Brunch', 'Donuts']",4.1,23,$,40.7016283,-73.5926988,+15162803160,11553,545,Uniondale,NY,"[{'@type': 'OpeningHoursSpecification', 'dayOfWeek': ['Monday', 'Tuesday', 'Wednesday', 'Thursday', 'Friday', 'Saturday', 'Sunday'], 'opens': '5:30', 'closes': '21:30'}]","{'@type': 'PostalAddress', 'addressLocality': 'Uniondale', 'addressRegion': 'NY', 'postalCode': '11553', 'addressCountry': 'US', 'streetAddress': '545'}","{'@type': 'GeoCoordinates', 'latitude': 40.7016283, 'longitude': -73.5926988}","{'@type': 'AggregateRating', 'ratingValue': 4.1, 'reviewCount': '23'}"
Golden Temple,https://www.ubereats.com/nyc-suburbs/food-delivery/golden-temple/vI7EesjrQzKerY7BRM7Gtg,carle-place-new-york,"['Chinese', 'Asian', 'Asian Fusion']",,,$,40.8110101,-73.500281,+15163646476,11791,417 Jericho Turnpike,Syosset,NY,"[{'@type': 'OpeningHoursSpecification', 'dayOfWeek': ['Monday', 'Tuesday', 'Wednesday', 'Thursday', 'Friday', 'Saturday', 'Sunday'], 'opens': '11:0', 'closes': '21:0'}, {'@type': 'OpeningHoursSpecification', 'dayOfWeek': ['Monday', 'Tuesday', 'Wednesday', 'Thursday', 'Friday', 'Saturday', 'Sunday'], 'opens': '11:0', 'closes': '16:0'}]","{'@type': 'PostalAddress', 'addressLocality': 'Syosset', 'addressRegion': 'NY', 'postalCode': '11791', 'addressCountry': 'US', 'streetAddress': '417 Jericho Turnpike'}","{'@type': 'GeoCoordinates', 'latitude': 40.8110101, 'longitude': -73.500281}",{}
Rich in Health 516,https://www.ubereats.com/nyc-suburbs/food-delivery/rich-in-health-516/6-as4_VbQVKj7uGx2fI-cA,carle-place-new-york,"['Juice and Smoothies', 'Healthy', 'Salads', 'Burgers', 'Vegetarian Friendly', 'Vegan Friendly']",4.6,26,$,40.699387,-73.614284,+15168593091,11550,294 Greenwich St,Hempstead,NY,"[{'@type': 'OpeningHoursSpecification', 'dayOfWeek': 'Sunday', 'opens': '12:0', 'closes': '18:0'}, {'@type': 'OpeningHoursSpecification', 'dayOfWeek': ['Monday', 'Tuesday', 'Wednesday', 'Thursday', 'Friday', 'Saturday'], 'opens': '9:0', 'closes': '20:0'}, {'@type': 'OpeningHoursSpecification', 'dayOfWeek': ['Monday', 'Tuesday', 'Wednesday', 'Thursday', 'Friday', 'Saturday'], 'opens': '9:0', 'closes': '16:0'}]","{'@type': 'PostalAddress', 'addressLocality': 'Hempstead', 'addressRegion': 'NY', 'postalCode': '11550', 'addressCountry': 'US', 'streetAddress': '294 Greenwich St'}","{'@type': 'GeoCoordinates', 'latitude': 40.699387, 'longitude': -73.614284}","{'@type': 'AggregateRating', 'ratingValue': 4.6, 'reviewCount': '26'}"
602 Spuntino - Westbury,https://www.ubereats.com/nyc-suburbs/food-delivery/602-spuntino-westbury/Mx8FjCVvTFenV9OwVQcYpw,carle-place-new-york,['Italian'],,,$$,40.742784,-73.605225,+15162285400,11530,1002 Old Country Rd,Garden City,New York,"[{'@type': 'OpeningHoursSpecification', 'dayOfWeek': ['Sunday', 'Monday', 'Tuesday', 'Wednesday', 'Thursday'], 'opens': '12:0', 'closes': '21:0'}, {'@type': 'OpeningHoursSpecification', 'dayOfWeek': ['Friday', 'Saturday'], 'opens': '12:0', 'closes': '22:0'}]","{'@type': 'PostalAddress', 'addressLocality': 'Garden City', 'addressRegion': 'New York', 'postalCode': '11530', 'addressCountry': 'US', 'streetAddress': '1002 Old Country Rd'}","{'@type': 'GeoCoordinates', 'latitude': 40.742784, 'longitude': -73.605225}",{}
Glow Thai and Japanese,https://www.ubereats.com/nyc-suburbs/food-delivery/glow-thai-and-japanese/g2irTgwBQoiNYh-9IyCOeg,carle-place-new-york,"['Thai', 'Japanese', 'Asian']",,,$$,40.72858809999999,-73.7029502,+15164374552,11001,214 Jericho Turnpike,Floral Park,New York,"[{'@type': 'OpeningHoursSpecification', 'dayOfWeek': 'Sunday', 'opens': '13:30', 'closes': '21:30'}, {'@type': 'OpeningHoursSpecification', 'dayOfWeek': 'Sunday', 'opens': '11:30', 'closes': '16:0'}, {'@type': 'OpeningHoursSpecification', 'dayOfWeek': 'Sunday', 'opens': '11:30', 'closes': '16:0'}, {'@type': 'OpeningHoursSpecification', 'dayOfWeek': 'Sunday', 'opens': '13:30', 'closes': '21:30'}, {'@type': 'OpeningHoursSpecification', 'dayOfWeek': ['Monday', 'Tuesday', 'Wednesday', 'Thursday'], 'opens': '11:30', 'closes': '21:30'}, {'@type': 'OpeningHoursSpecification', 'dayOfWeek': ['Monday', 'Tuesday', 'Wednesday', 'Thursday'], 'opens': '11:30', 'closes': '16:0'}, {'@type': 'OpeningHoursSpecification', 'dayOfWeek': ['Monday', 'Tuesday', 'Wednesday', 'Thursday'], 'opens': '11:30', 'closes': '16:0'}, {'@type': 'OpeningHoursSpecification', 'dayOfWeek': ['Monday', 'Tuesday', 'Wednesday', 'Thursday'], 'opens': '11:30', 'closes': '21:30'}, {'@type': 'OpeningHoursSpecification', 'dayOfWeek': 'Friday', 'opens': '11:30', 'closes': '22:30'}, {'@type': 'OpeningHoursSpecification', 'dayOfWeek': 'Friday', 'opens': '11:30', 'closes': '16:0'}, {'@type': 'OpeningHoursSpecification', 'dayOfWeek': 'Friday', 'opens': '11:30', 'closes': '16:0'}, {'@type': 'OpeningHoursSpecification', 'dayOfWeek': 'Friday', 'opens': '11:30', 'closes': '22:30'}, {'@type': 'OpeningHoursSpecification', 'dayOfWeek': 'Saturday', 'opens': '12:30', 'closes': '22:30'}, {'@type': 'OpeningHoursSpecification', 'dayOfWeek': 'Saturday', 'opens': '11:30', 'closes': '16:0'}, {'@type': 'OpeningHoursSpecification', 'dayOfWeek': 'Saturday', 'opens': '11:30', 'closes': '16:0'}, {'@type': 'OpeningHoursSpecification', 'dayOfWeek': 'Saturday', 'opens': '12:30', 'closes': '22:30'}]","{'@type': 'PostalAddress', 'addressLocality': 'Floral Park', 'addressRegion': 'New York', 'postalCode': '11001', 'addressCountry': 'US', 'streetAddress': '214 Jericho Turnpike'}","{'@type': 'GeoCoordinates', 'latitude': 40.72858809999999, 'longitude': -73.7029502}",{}
Mama Theresa's Pizzeria & Restaurant,https://www.ubereats.com/nyc-suburbs/food-delivery/mama-theresas-pizzeria-%26-restaurant/2LEaFhJsSRCHjiVYsueg9A,carle-place-new-york,"['Italian', 'Pasta', 'Comfort Food', 'Family Meals']",4.4,500,$,40.743584,-73.66006449999999,+15167473111,,,,,"[{'@type': 'OpeningHoursSpecification', 'dayOfWeek': ['Monday', 'Tuesday', 'Wednesday', 'Thursday', 'Friday', 'Saturday', 'Sunday'], 'opens': '11:0', 'closes': '15:0'}, {'@type': 'OpeningHoursSpecification', 'dayOfWeek': ['Monday', 'Tuesday', 'Wednesday', 'Thursday', 'Friday', 'Saturday', 'Sunday'], 'opens': '15:0', 'closes': '21:45'}]",,"{'@type': 'GeoCoordinates', 'latitude': 40.743584, 'longitude': -73.66006449999999}","{'@type': 'AggregateRating', 'ratingValue': 4.4, 'reviewCount': '500'}"
The Little Beet (Long Island),https://www.ubereats.com/nyc-suburbs/food-delivery/the-little-beet-long-island/r3aZMySdQ0-Ds3nlz6AsdA,carle-place-new-york,"['American', 'Family Meals', 'Salads', 'Vegan Friendly', 'Vegetarian Friendly', 'Gluten Free Friendly', 'Healthy']",,,$,40.7377313,-73.61312319999999,+15163876300,11530,630 Old Country Rd,Garden City,NY,"[{'@type': 'OpeningHoursSpecification', 'dayOfWeek': 'Sunday', 'opens': '12:0', 'closes': '18:0'}, {'@type': 'OpeningHoursSpecification', 'dayOfWeek': ['Monday', 'Tuesday', 'Wednesday', 'Thursday', 'Friday', 'Saturday'], 'opens': '11:0', 'closes': '19:0'}]","{'@type': 'PostalAddress', 'addressLocality': 'Garden City', 'addressRegion': 'NY', 'postalCode': '11530', 'addressCountry': 'US', 'streetAddress': '630 Old Country Rd'}","{'@type': 'GeoCoordinates', 'latitude': 40.7377313, 'longitude': -73.61312319999999}",{}
Lantern Diner,https://www.ubereats.com/nyc-suburbs/food-delivery/lantern-diner/ggikAjRuQ8WUnUBBxUsX7Q,carle-place-new-york,"['Diner', 'American', 'Coffee and Tea', 'Desserts', 'Family Meals']",4.6,207,$,40.706489,-73.660409,+15162921900,11552,564 Hempstead Turnpike,West Hempstead,NY,"[{'@type': 'OpeningHoursSpecification', 'dayOfWeek': 'Sunday', 'opens': '8:0', 'closes': '23:59'}, {'@type': 'OpeningHoursSpecification', 'dayOfWeek': ['Monday', 'Tuesday', 'Wednesday', 'Thursday', 'Friday'], 'opens': '8:0', 'closes': '23:59'}, {'@type': 'OpeningHoursSpecification', 'dayOfWeek': ['Monday', 'Tuesday', 'Wednesday', 'Thursday', 'Friday'], 'opens': '10:30', 'closes': '16:0'}, {'@type': 'OpeningHoursSpecification', 'dayOfWeek': 'Saturday', 'opens': '8:0', 'closes': '23:59'}]","{'@type': 'PostalAddress', 'addressLocality': 'West Hempstead', 'addressRegion': 'NY', 'postalCode': '11552', 'addressCountry': 'US', 'streetAddress': '564 Hempstead Turnpike'}","{'@type': 'GeoCoordinates', 'latitude': 40.706489, 'longitude': -73.660409}","{'@type': 'AggregateRating', 'ratingValue': 4.6, 'reviewCount': '207'}"
,https://www.ubereats.com/nyc-suburbs/food-delivery/the-empanada-spot-oakland-gardens/l-IG0sTERWGzv5d5i7CMPA,carle-place-new-york,,,,,,,,,,,,,,,
Spaghettini Pizza Trattoria,https://www.ubereats.com/nyc-suburbs/food-delivery/spaghettini-pizza-trattoria/Apx536PLQ2akzpea1HxvwQ,carle-place-new-york,"['Pizza', 'American', 'Italian']",,,$,40.7417692,-73.6403576,+15167508044,11501,106,Mineola,NY,"[{'@type': 'OpeningHoursSpecification', 'dayOfWeek': ['Monday', 'Tuesday', 'Wednesday', 'Thursday', 'Friday', 'Saturday'], 'opens': '11:0', 'closes': '21:0'}]","{'@type': 'PostalAddress', 'addressLocality': 'Mineola', 'addressRegion': 'NY', 'postalCode': '11501', 'addressCountry': 'US', 'streetAddress': '106'}","{'@type': 'GeoCoordinates', 'latitude': 40.7417692, 'longitude': -73.6403576}",{}
Fortune east,https://www.ubereats.com/nyc-suburbs/food-delivery/fortune-east/y3tOXSAwR3Kg6JGEvTha8w,carle-place-new-york,"['Chinese', 'Asian', 'Asian Fusion']",,,$,40.7518128,-73.6724873,+15167398639,11040,2123 Hillside Avenue,New Hyde Park,NY,"[{'@type': 'OpeningHoursSpecification', 'dayOfWeek': 'Sunday', 'opens': '12:0', 'closes': '22:0'}, {'@type': 'OpeningHoursSpecification', 'dayOfWeek': ['Monday', 'Tuesday', 'Wednesday', 'Thursday'], 'opens': '11:0', 'closes': '22:0'}, {'@type': 'OpeningHoursSpecification', 'dayOfWeek': ['Friday', 'Saturday'], 'opens': '11:0', 'closes': '23:0'}]","{'@type': 'PostalAddress', 'addressLocality': 'New Hyde Park', 'addressRegion': 'NY', 'postalCode': '11040', 'addressCountry': 'US', 'streetAddress': '2123 Hillside Avenue'}","{'@type': 'GeoCoordinates', 'latitude': 40.7518128, 'longitude': -73.6724873}",{}
Joy Hing,https://www.ubereats.com/nyc-suburbs/food-delivery/joy-hing/NDpQJ5j0SmigI3-_DBqI5g,carle-place-new-york,"['Chinese', 'Thai', 'Vegetarian']",,,$,40.74370679999999,-73.65965700000001,+15168771380,11040,2449 Jericho Tpke Ste A,New Hyde Park,NY,"[{'@type': 'OpeningHoursSpecification', 'dayOfWeek': ['Monday', 'Tuesday', 'Wednesday', 'Thursday'], 'opens': '11:0', 'closes': '20:30'}, {'@type': 'OpeningHoursSpecification', 'dayOfWeek': ['Monday', 'Tuesday', 'Wednesday', 'Thursday'], 'opens': '10:30', 'closes': '15:0'}, {'@type': 'OpeningHoursSpecification', 'dayOfWeek': ['Friday', 'Saturday'], 'opens': '11:0', 'closes': '21:0'}, {'@type': 'OpeningHoursSpecification', 'dayOfWeek': ['Friday', 'Saturday'], 'opens': '10:30', 'closes': '15:0'}]","{'@type': 'PostalAddress', 'addressLocality': 'New Hyde Park', 'addressRegion': 'NY', 'postalCode': '11040', 'addressCountry': 'US', 'streetAddress': '2449 Jericho Tpke Ste A'}","{'@type': 'GeoCoordinates', 'latitude': 40.74370679999999, 'longitude': -73.65965700000001}",{}
Homemade Burrito - Fulton Ave ,https://www.ubereats.com/nyc-suburbs/food-delivery/homemade-burrito-fulton-ave/DB-mOiVXRjeLq1fuV8284w,carle-place-new-york,"['Mexican', 'New Mexican', 'Vegetarian Friendly', 'Latin American', 'Latin Fusion', 'Steak', 'Chicken', 'Kids Friendly']",,,$,40.707999,-73.6265291,+15164836151,11550,243 Fulton Ave,Hempstead,New York,"[{'@type': 'OpeningHoursSpecification', 'dayOfWeek': 'Sunday', 'opens': '11:0', 'closes': '21:30'}, {'@type': 'OpeningHoursSpecification', 'dayOfWeek': 'Sunday', 'opens': '11:0', 'closes': '21:45'}, {'@type': 'OpeningHoursSpecification', 'dayOfWeek': ['Monday', 'Tuesday', 'Wednesday', 'Thursday'], 'opens': '11:0', 'closes': '21:30'}, {'@type': 'OpeningHoursSpecification', 'dayOfWeek': ['Friday', 'Saturday'], 'opens': '11:0', 'closes': '22:30'}]","{'@type': 'PostalAddress', 'addressLocality': 'Hempstead', 'addressRegion': 'New York', 'postalCode': '11550', 'addressCountry': 'US', 'streetAddress': '243 Fulton Ave'}","{'@type': 'GeoCoordinates', 'latitude': 40.707999, 'longitude': -73.6265291}",{}
,https://www.ubereats.com/nyc-suburbs/food-delivery/cafe-kiskeya/19psMuhbTx6Lb-sZqpUheQ,carle-place-new-york,,,,,,,,,,,,,,,
Pezzi Pizza Inc,https://www.ubereats.com/nyc-suburbs/food-delivery/pezzi-pizza-inc/Aqm7pbo7Qh-iO3rLKvfd-A,carle-place-new-york,"['Pizza', 'Desserts', 'Pasta']",,,,40.8378566,-73.6332236,+15166717222,11579,500 Glen Cove Ave,Sea Cliff,NY,"[{'@type': 'OpeningHoursSpecification', 'dayOfWeek': ['Sunday', 'Monday', 'Tuesday', 'Wednesday', 'Thursday'], 'opens': '11:0', 'closes': '20:0'}, {'@type': 'OpeningHoursSpecification', 'dayOfWeek': ['Friday', 'Saturday'], 'opens': '11:0', 'closes': '21:0'}]","{'@type': 'PostalAddress', 'addressLocality': 'Sea Cliff', 'addressRegion': 'NY', 'postalCode': '11579', 'addressCountry': 'US', 'streetAddress': '500 Glen Cove Ave'}","{'@type': 'GeoCoordinates', 'latitude': 40.8378566, 'longitude': -73.6332236}",{}
Rare650,https://www.ubereats.com/nyc-suburbs/food-delivery/rare650/6WvwhnorRkSDzUEF2841YQ,carle-place-new-york,"['Steak', 'Sushi', 'Seafood', 'Burgers']",4.5,51,$,40.8107031,-73.49503419999999,+15164968000,11791,650 Jericho Tpke,Syosset,NY,"[{'@type': 'OpeningHoursSpecification', 'dayOfWeek': 'Sunday', 'opens': '16:0', 'closes': '21:0'}, {'@type': 'OpeningHoursSpecification', 'dayOfWeek': ['Tuesday', 'Wednesday', 'Thursday'], 'opens': '17:0', 'closes': '21:0'}, {'@type': 'OpeningHoursSpecification', 'dayOfWeek': ['Friday', 'Saturday'], 'opens': '17:0', 'closes': '22:0'}]","{'@type': 'PostalAddress', 'addressLocality': 'Syosset', 'addressRegion': 'NY', 'postalCode': '11791', 'addressCountry': 'US', 'streetAddress': '650 Jericho Tpke'}","{'@type': 'GeoCoordinates', 'latitude': 40.8107031, 'longitude': -73.49503419999999}","{'@type': 'AggregateRating', 'ratingValue': 4.5, 'reviewCount': '51'}"
Dunkin' (253 Post Avenue),https://www.ubereats.com/nyc-suburbs/food-delivery/dunkin-253-post-avenue/1I24eSbjTHWbXX0SRhyMWQ,carle-place-new-york,"['Breakfast and Brunch', 'Donuts']",3.8,18,$,40.7581131,-73.58814439999999,+15169970173,11590,253 Post Avenue,Westbury,NY,"[{'@type': 'OpeningHoursSpecification', 'dayOfWeek': ['Monday', 'Tuesday', 'Wednesday', 'Thursday', 'Friday', 'Saturday', 'Sunday'], 'opens': '6:0', 'closes': '18:0'}]","{'@type': 'PostalAddress', 'addressLocality': 'Westbury', 'addressRegion': 'NY', 'postalCode': '11590', 'addressCountry': 'US', 'streetAddress': '253 Post Avenue'}","{'@type': 'GeoCoordinates', 'latitude': 40.7581131, 'longitude': -73.58814439999999}","{'@type': 'AggregateRating', 'ratingValue': 3.8, 'reviewCount': '18'}"
Main Street Pizza,https://www.ubereats.com/nyc-suburbs/food-delivery/main-street-pizza/Iu_Woem0TnaJSX6nXIcoYA,carle-place-new-york,"['Italian', 'Pizza', 'Salads', 'Pasta']",,,$,40.7422566,-73.63869679999999,+15168777850,11501,106 Main St,Mineola,NY,"[{'@type': 'OpeningHoursSpecification', 'dayOfWeek': ['Monday', 'Tuesday', 'Wednesday', 'Thursday', 'Friday'], 'opens': '10:30', 'closes': '20:0'}]","{'@type': 'PostalAddress', 'addressLocality': 'Mineola', 'addressRegion': 'NY', 'postalCode': '11501', 'addressCountry': 'US', 'streetAddress': '106 Main St'}","{'@type': 'GeoCoordinates', 'latitude': 40.7422566, 'longitude': -73.63869679999999}",{}
P Mother's Family,https://www.ubereats.com/nyc-suburbs/food-delivery/p-mothers-family/g6D1St6JSSKHNjThrCOsJA,carle-place-new-york,"['Pizza', 'American', 'Italian']",4.5,10,$,40.701928,-73.6000591,+15162794205,11553,455 Jerusalem Ave,Uniondale,NY,"[{'@type': 'OpeningHoursSpecification', 'dayOfWeek': ['Monday', 'Tuesday', 'Wednesday', 'Thursday', 'Friday', 'Saturday', 'Sunday'], 'opens': '10:30', 'closes': '23:0'}]","{'@type': 'PostalAddress', 'addressLocality': 'Uniondale', 'addressRegion': 'NY', 'postalCode': '11553', 'addressCountry': 'US', 'streetAddress': '455 Jerusalem Ave'}","{'@type': 'GeoCoordinates', 'latitude': 40.701928, 'longitude': -73.6000591}","{'@type': 'AggregateRating', 'ratingValue': 4.5, 'reviewCount': '10'}"
B*tch Don't Grill My Cheese,https://www.ubereats.com/nyc-suburbs/food-delivery/b*tch-dont-grill-my-cheese/QuJvhW2dRBeL2X0MIcRuvQ,carle-place-new-york,"['Burgers', 'American', 'Sandwiches']",3.0,27,$,40.7222904,-73.688547,+15163267400,11001,27 Covert Avenue,Floral Park,NY,"[{'@type': 'OpeningHoursSpecification', 'dayOfWeek': 'Sunday', 'opens': '8:30', 'closes': '12:0'}, {'@type': 'OpeningHoursSpecification', 'dayOfWeek': 'Monday', 'opens': '8:30', 'closes': '15:35'}, {'@type': 'OpeningHoursSpecification', 'dayOfWeek': ['Tuesday', 'Wednesday', 'Thursday', 'Friday'], 'opens': '8:30', 'closes': '17:30'}, {'@type': 'OpeningHoursSpecification', 'dayOfWeek': 'Saturday', 'opens': '8:30', 'closes': '11:0'}, {'@type': 'OpeningHoursSpecification', 'dayOfWeek': 'Saturday', 'opens': '14:0', 'closes': '16:30'}]","{'@type': 'PostalAddress', 'addressLocality': 'Floral Park', 'addressRegion': 'NY', 'postalCode': '11001', 'addressCountry': 'US', 'streetAddress': '27 Covert Avenue'}","{'@type': 'GeoCoordinates', 'latitude': 40.7222904, 'longitude': -73.688547}","{'@type': 'AggregateRating', 'ratingValue': 3, 'reviewCount': '27'}"
Buffalo Wild Wings (358 Broadway Mall),https://www.ubereats.com/nyc-suburbs/food-delivery/buffalo-wild-wings-358-broadway-mall/MpgjygvMQDiajNGoe14GmQ,carle-place-new-york,"['wings', 'Sandwich', 'Burgers']",4.4,95,$$,40.7722523,-73.5320407,+15169379453,11801,358 Broadway Mall,Hicksville,NY,"[{'@type': 'OpeningHoursSpecification', 'dayOfWeek': ['Monday', 'Tuesday', 'Wednesday', 'Thursday', 'Friday', 'Saturday', 'Sunday'], 'opens': '11:0', 'closes': '21:30'}]","{'@type': 'PostalAddress', 'addressLocality': 'Hicksville', 'addressRegion': 'NY', 'postalCode': '11801', 'addressCountry': 'US', 'streetAddress': '358 Broadway Mall'}","{'@type': 'GeoCoordinates', 'latitude': 40.7722523, 'longitude': -73.5320407}","{'@type': 'AggregateRating', 'ratingValue': 4.4, 'reviewCount': '95'}"
Yummy Gyro (Williston Park),https://www.ubereats.com/nyc-suburbs/food-delivery/yummy-gyro-williston-park/-TVY8PLlTDCKzdZMpR-11g,carle-place-new-york,"['Mediterranean', 'Latin Fusion', 'Greek']",4.5,35,$,40.7603814,-73.64603249999999,+15167397600,11596,579 Willis Ave,Williston Park,NY,"[{'@type': 'OpeningHoursSpecification', 'dayOfWeek': 'Sunday', 'opens': '12:0', 'closes': '21:0'}, {'@type': 'OpeningHoursSpecification', 'dayOfWeek': 'Sunday', 'opens': '11:0', 'closes': '14:30'}, {'@type': 'OpeningHoursSpecification', 'dayOfWeek': ['Monday', 'Tuesday', 'Wednesday', 'Thursday'], 'opens': '11:0', 'closes': '21:0'}, {'@type': 'OpeningHoursSpecification', 'dayOfWeek': ['Monday', 'Tuesday', 'Wednesday', 'Thursday'], 'opens': '11:0', 'closes': '14:30'}, {'@type': 'OpeningHoursSpecification', 'dayOfWeek': ['Friday', 'Saturday'], 'opens': '11:0', 'closes': '22:0'}, {'@type': 'OpeningHoursSpecification', 'dayOfWeek': ['Friday', 'Saturday'], 'opens': '11:0', 'closes': '14:30'}]","{'@type': 'PostalAddress', 'addressLocality': 'Williston Park', 'addressRegion': 'NY', 'postalCode': '11596', 'addressCountry': 'US', 'streetAddress': '579 Willis Ave'}","{'@type': 'GeoCoordinates', 'latitude': 40.7603814, 'longitude': -73.64603249999999}","{'@type': 'AggregateRating', 'ratingValue': 4.5, 'reviewCount': '35'}"
Mama Theresa's Pizzeria & Restaurant,https://www.ubereats.com/nyc-suburbs/food-delivery/mama-theresas-pizzeria-%26-restaurant/dl2vfGwZQ1mFBkoRMIenSg,carle-place-new-york,"['Pizza', 'Salads', 'Pasta', 'Chicken', 'Desserts', 'Family Meals']",4.6,188,$,40.7562265,-73.5562173,+15163343334,11590,1071 Old Country Rd,Westbury,NY,"[{'@type': 'OpeningHoursSpecification', 'dayOfWeek': ['Sunday', 'Monday', 'Tuesday', 'Wednesday', 'Thursday'], 'opens': '10:31', 'closes': '15:0'}, {'@type': 'OpeningHoursSpecification', 'dayOfWeek': ['Sunday', 'Monday', 'Tuesday', 'Wednesday', 'Thursday'], 'opens': '15:0', 'closes': '20:45'}, {'@type': 'OpeningHoursSpecification', 'dayOfWeek': ['Friday', 'Saturday'], 'opens': '10:31', 'closes': '15:0'}, {'@type': 'OpeningHoursSpecification', 'dayOfWeek': ['Friday', 'Saturday'], 'opens': '15:0', 'closes': '21:45'}]","{'@type': 'PostalAddress', 'addressLocality': 'Westbury', 'addressRegion': 'NY', 'postalCode': '11590', 'addressCountry': 'US', 'streetAddress': '1071 Old Country Rd'}","{'@type': 'GeoCoordinates', 'latitude': 40.7562265, 'longitude': -73.5562173}","{'@type': 'AggregateRating', 'ratingValue': 4.6, 'reviewCount': '188'}"
Haagen Dazs (358B Broadway Kiosk #23),https://www.ubereats.com/nyc-suburbs/food-delivery/haagen-dazs-358b-broadway-kiosk-%2323/Z0F76Ym0QaKEWILqng9rog,carle-place-new-york,"['Desserts', 'Ice Cream and Frozen Yogurt', 'Juice Bars']",,,$$,40.77294,-73.53172719999999,+15168226200,11801,358B Broadway Kiosk #23,Hicksville,NY,"[{'@type': 'OpeningHoursSpecification', 'dayOfWeek': ['Monday', 'Tuesday', 'Wednesday', 'Thursday', 'Friday', 'Saturday', 'Sunday'], 'opens': '11:0', 'closes': '19:0'}]","{'@type': 'PostalAddress', 'addressLocality': 'Hicksville', 'addressRegion': 'NY', 'postalCode': '11801', 'addressCountry': 'US', 'streetAddress': '358B Broadway Kiosk #23'}","{'@type': 'GeoCoordinates', 'latitude': 40.77294, 'longitude': -73.53172719999999}",{}
204 Applebee's - New Hyde Park,https://www.ubereats.com/nyc-suburbs/food-delivery/204-applebees-new-hyde-park/LoC9QC6gRD-UBhQ332LDZA,carle-place-new-york,"['Burgers', 'Salads', 'Seafood', 'Family Meals']",4.6,256,$$,40.735496,-73.67514,+15163268730,11040,1985 Jericho Turnpike,New Hyde Park,New York,"[{'@type': 'OpeningHoursSpecification', 'dayOfWeek': ['Sunday', 'Monday', 'Tuesday', 'Wednesday', 'Thursday'], 'opens': '11:0', 'closes': '22:30'}, {'@type': 'OpeningHoursSpecification', 'dayOfWeek': ['Friday', 'Saturday'], 'opens': '11:0', 'closes': '23:29'}]","{'@type': 'PostalAddress', 'addressLocality': 'New Hyde Park', 'addressRegion': 'New York', 'postalCode': '11040', 'addressCountry': 'US', 'streetAddress': '1985 Jericho Turnpike'}","{'@type': 'GeoCoordinates', 'latitude': 40.735496, 'longitude': -73.67514}","{'@type': 'AggregateRating', 'ratingValue': 4.6, 'reviewCount': '256'}"
Old Westbury Diner,https://www.ubereats.com/nyc-suburbs/food-delivery/old-westbury-diner/wB8oBtAET0iuiOtg2zWhgw,carle-place-new-york,"['Diner', 'Breakfast and Brunch', 'Sandwich', 'Allergy Friendly']",4.4,121,$$,40.7569733,-73.6436796,+15162469201,11596,112 Hillside Avenue,Williston Park,NY,"[{'@type': 'OpeningHoursSpecification', 'dayOfWeek': ['Monday', 'Tuesday', 'Wednesday', 'Thursday', 'Friday', 'Saturday', 'Sunday'], 'opens': '7:30', 'closes': '21:30'}]","{'@type': 'PostalAddress', 'addressLocality': 'Williston Park', 'addressRegion': 'NY', 'postalCode': '11596', 'addressCountry': 'US', 'streetAddress': '112 Hillside Avenue'}","{'@type': 'GeoCoordinates', 'latitude': 40.7569733, 'longitude': -73.6436796}","{'@type': 'AggregateRating', 'ratingValue': 4.4, 'reviewCount': '121'}"
McDonald's® - Garden City (637 Stewart),https://www.ubereats.com/nyc-suburbs/food-delivery/mcdonalds-garden-city-637-stewart/zHb7nv9xTniupX9AC5hyOA,carle-place-new-york,"['American', 'Fast Food', 'Burgers']",4.7,63,$,40.732463,-73.610346,+15167456303,11530,637 Stewart Ave,Garden City,NY,"[{'@type': 'OpeningHoursSpecification', 'dayOfWeek': ['Monday', 'Tuesday', 'Wednesday', 'Thursday', 'Friday', 'Saturday', 'Sunday'], 'opens': '6:0', 'closes': '10:59'}, {'@type': 'OpeningHoursSpecification', 'dayOfWeek': ['Monday', 'Tuesday', 'Wednesday', 'Thursday', 'Friday', 'Saturday', 'Sunday'], 'opens': '11:0', 'closes': '16:59'}, {'@type': 'OpeningHoursSpecification', 'dayOfWeek': ['Monday', 'Tuesday', 'Wednesday', 'Thursday', 'Friday', 'Saturday', 'Sunday'], 'opens': '17:0', 'closes': '23:30'}]","{'@type': 'PostalAddress', 'addressLocality': 'Garden City', 'addressRegion': 'NY', 'postalCode': '11530', 'addressCountry': 'US', 'streetAddress': '637 Stewart Ave'}","{'@type': 'GeoCoordinates', 'latitude': 40.732463, 'longitude': -73.610346}","{'@type': 'AggregateRating', 'ratingValue': 4.7, 'reviewCount': '63'}"
Burger King (2351 Jericho Tpke),https://www.ubereats.com/nyc-suburbs/food-delivery/burger-king-2351-jericho-tpke/bp0qTdJ-SEq95yEynSMzkg,carle-place-new-york,"['American', 'burger', 'Fast Food']",4.7,52,$,40.7422891,-73.6612802,+15167466395,11040,2351 Jericho Tpke,Garden City Park,NY,"[{'@type': 'OpeningHoursSpecification', 'dayOfWeek': 'Sunday', 'opens': '8:30', 'closes': '10:29'}, {'@type': 'OpeningHoursSpecification', 'dayOfWeek': 'Sunday', 'opens': '10:30', 'closes': '22:30'}, {'@type': 'OpeningHoursSpecification', 'dayOfWeek': 'Monday', 'opens': '8:30', 'closes': '10:29'}, {'@type': 'OpeningHoursSpecification', 'dayOfWeek': 'Monday', 'opens': '10:30', 'closes': '20:30'}, {'@type': 'OpeningHoursSpecification', 'dayOfWeek': ['Tuesday', 'Wednesday', 'Thursday', 'Friday', 'Saturday'], 'opens': '8:30', 'closes': '10:29'}, {'@type': 'OpeningHoursSpecification', 'dayOfWeek': ['Tuesday', 'Wednesday', 'Thursday', 'Friday', 'Saturday'], 'opens': '10:30', 'closes': '22:30'}]","{'@type': 'PostalAddress', 'addressLocality': 'Garden City Park', 'addressRegion': 'NY', 'postalCode': '11040', 'addressCountry': 'US', 'streetAddress': '2351 Jericho Tpke'}","{'@type': 'GeoCoordinates', 'latitude': 40.7422891, 'longitude': -73.6612802}","{'@type': 'AggregateRating', 'ratingValue': 4.7, 'reviewCount': '52'}"
Subway (52 West John St),https://www.ubereats.com/nyc-suburbs/food-delivery/subway-52-west-john-st/BYv7MbwcSQGARwRnsr2rog,carle-place-new-york,"['Fast Food', 'Sandwich', 'American']",4.7,44,$,40.7692094,-73.52859889999999,+15169381880,11801,52 West John St,Hicksville,NY,"[{'@type': 'OpeningHoursSpecification', 'dayOfWeek': 'Sunday', 'opens': '9:0', 'closes': '19:30'}, {'@type': 'OpeningHoursSpecification', 'dayOfWeek': ['Monday', 'Tuesday', 'Wednesday', 'Thursday', 'Friday'], 'opens': '9:0', 'closes': '21:0'}, {'@type': 'OpeningHoursSpecification', 'dayOfWeek': 'Saturday', 'opens': '9:0', 'closes': '19:30'}]","{'@type': 'PostalAddress', 'addressLocality': 'Hicksville', 'addressRegion': 'NY', 'postalCode': '11801', 'addressCountry': 'US', 'streetAddress': '52 West John St'}","{'@type': 'GeoCoordinates', 'latitude': 40.7692094, 'longitude': -73.52859889999999}","{'@type': 'AggregateRating', 'ratingValue': 4.7, 'reviewCount': '44'}"
Sabor A Colombia,https://www.ubereats.com/nyc-suburbs/food-delivery/sabor-a-colombia/S2-RYZlmSoO4Y6cJS_wCLw,carle-place-new-york,"['Bar Food', 'Steak', 'Colombian']",4.9,132,$$,40.725773,-73.527819,+15165131520,11756,26 Division Ave,Levittown,NY,"[{'@type': 'OpeningHoursSpecification', 'dayOfWeek': 'Sunday', 'opens': '10:0', 'closes': '14:0'}, {'@type': 'OpeningHoursSpecification', 'dayOfWeek': 'Sunday', 'opens': '10:0', 'closes': '22:0'}, {'@type': 'OpeningHoursSpecification', 'dayOfWeek': 'Sunday', 'opens': '10:0', 'closes': '22:0'}, {'@type': 'OpeningHoursSpecification', 'dayOfWeek': 'Monday', 'opens': '11:0', 'closes': '14:0'}, {'@type': 'OpeningHoursSpecification', 'dayOfWeek': 'Monday', 'opens': '11:0', 'closes': '15:0'}, {'@type': 'OpeningHoursSpecification', 'dayOfWeek': 'Monday', 'opens': '11:0', 'closes': '21:30'}, {'@type': 'OpeningHoursSpecification', 'dayOfWeek': 'Monday', 'opens': '11:0', 'closes': '22:0'}, {'@type': 'OpeningHoursSpecification', 'dayOfWeek': 'Tuesday', 'opens': '11:0', 'closes': '14:0'}, {'@type': 'OpeningHoursSpecification', 'dayOfWeek': 'Tuesday', 'opens': '11:0', 'closes': '15:0'}, {'@type': 'OpeningHoursSpecification', 'dayOfWeek': 'Tuesday', 'opens': '11:0', 'closes': '21:30'}, {'@type': 'OpeningHoursSpecification', 'dayOfWeek': 'Tuesday', 'opens': '11:0', 'closes': '22:0'}, {'@type': 'OpeningHoursSpecification', 'dayOfWeek': 'Wednesday', 'opens': '11:0', 'closes': '14:0'}, {'@type': 'OpeningHoursSpecification', 'dayOfWeek': 'Wednesday', 'opens': '11:0', 'closes': '15:0'}, {'@type': 'OpeningHoursSpecification', 'dayOfWeek': 'Wednesday', 'opens': '11:0', 'closes': '21:30'}, {'@type': 'OpeningHoursSpecification', 'dayOfWeek': 'Wednesday', 'opens': '11:0', 'closes': '22:0'}, {'@type': 'OpeningHoursSpecification', 'dayOfWeek': 'Thursday', 'opens': '11:0', 'closes': '14:0'}, {'@type': 'OpeningHoursSpecification', 'dayOfWeek': 'Thursday', 'opens': '11:0', 'closes': '15:0'}, {'@type': 'OpeningHoursSpecification', 'dayOfWeek': 'Thursday', 'opens': '11:0', 'closes': '21:30'}, {'@type': 'OpeningHoursSpecification', 'dayOfWeek': 'Thursday', 'opens': '11:0', 'closes': '22:0'}, {'@type': 'OpeningHoursSpecification', 'dayOfWeek': 'Friday', 'opens': '11:0', 'closes': '14:0'}, {'@type': 'OpeningHoursSpecification', 'dayOfWeek': 'Friday', 'opens': '11:0', 'closes': '15:0'}, {'@type': 'OpeningHoursSpecification', 'dayOfWeek': 'Friday', 'opens': '11:0', 'closes': '22:0'}, {'@type': 'OpeningHoursSpecification', 'dayOfWeek': 'Friday', 'opens': '10:0', 'closes': '22:0'}, {'@type': 'OpeningHoursSpecification', 'dayOfWeek': 'Saturday', 'opens': '10:0', 'closes': '14:0'}, {'@type': 'OpeningHoursSpecification', 'dayOfWeek': 'Saturday', 'opens': '10:0', 'closes': '22:0'}, {'@type': 'OpeningHoursSpecification', 'dayOfWeek': 'Saturday', 'opens': '10:0', 'closes': '22:0'}]","{'@type': 'PostalAddress', 'addressLocality': 'Levittown', 'addressRegion': 'NY', 'postalCode': '11756', 'addressCountry': 'US', 'streetAddress': '26 Division Ave'}","{'@type': 'GeoCoordinates', 'latitude': 40.725773, 'longitude': -73.527819}","{'@type': 'AggregateRating', 'ratingValue': 4.9, 'reviewCount': '132'}"
Jasmine House,https://www.ubereats.com/nyc-suburbs/food-delivery/jasmine-house/4UW0crSmQ9iJ1s9Vbzuu0g,carle-place-new-york,"['Thai', 'Asian', 'Noodles']",4.7,29,$,40.6882153,-73.66868649999999,+15164897755,11010,708 Dogwood Ave,Franklin Square,NY,"[{'@type': 'OpeningHoursSpecification', 'dayOfWeek': 'Sunday', 'opens': '12:0', 'closes': '21:0'}, {'@type': 'OpeningHoursSpecification', 'dayOfWeek': ['Monday', 'Tuesday', 'Wednesday', 'Thursday'], 'opens': '11:0', 'closes': '21:0'}, {'@type': 'OpeningHoursSpecification', 'dayOfWeek': 'Friday', 'opens': '11:30', 'closes': '21:30'}, {'@type': 'OpeningHoursSpecification', 'dayOfWeek': 'Saturday', 'opens': '11:0', 'closes': '9:30'}]","{'@type': 'PostalAddress', 'addressLocality': 'Franklin Square', 'addressRegion': 'NY', 'postalCode': '11010', 'addressCountry': 'US', 'streetAddress': '708 Dogwood Ave'}","{'@type': 'GeoCoordinates', 'latitude': 40.6882153, 'longitude': -73.66868649999999}","{'@type': 'AggregateRating', 'ratingValue': 4.7, 'reviewCount': '29'}"
Delicious Halal Food,https://www.ubereats.com/nyc-suburbs/food-delivery/delicious-halal-food/HE97zDuHTq-18BiU-F4a2A,carle-place-new-york,"['Halal', 'Healthy', 'Vegan Friendly']",,,,40.70752,-73.6907,+19174186617,11580,1169 Dutch Broadway,Franklin Square,NY,"[{'@type': 'OpeningHoursSpecification', 'dayOfWeek': ['Monday', 'Tuesday', 'Wednesday', 'Thursday', 'Friday', 'Saturday', 'Sunday'], 'opens': '11:30', 'closes': '21:30'}]","{'@type': 'PostalAddress', 'addressLocality': 'Franklin Square', 'addressRegion': 'NY', 'postalCode': '11580', 'addressCountry': 'US', 'streetAddress': '1169 Dutch Broadway'}","{'@type': 'GeoCoordinates', 'latitude': 40.70752, 'longitude': -73.6907}",{}
KFC - Lynbrook,https://www.ubereats.com/nyc-suburbs/food-delivery/kfc-lynbrook/24I0zPUqTv-OB63WvqZLnQ,carle-place-new-york,"['American', 'Wings', 'Fast Food']",4.4,205,$$,40.703978,-73.638522,+15165640025,11550,20,Hempstead,NY,"[{'@type': 'OpeningHoursSpecification', 'dayOfWeek': ['Sunday', 'Monday', 'Tuesday', 'Wednesday', 'Thursday'], 'opens': '10:30', 'closes': '23:30'}, {'@type': 'OpeningHoursSpecification', 'dayOfWeek': ['Friday', 'Saturday'], 'opens': '10:30', 'closes': '0:30'}]","{'@type': 'PostalAddress', 'addressLocality': 'Hempstead', 'addressRegion': 'NY', 'postalCode': '11550', 'addressCountry': 'US', 'streetAddress': '20'}","{'@type': 'GeoCoordinates', 'latitude': 40.703978, 'longitude': -73.638522}","{'@type': 'AggregateRating', 'ratingValue': 4.4, 'reviewCount': '205'}"
Popeyes (780 Fulton Ave),https://www.ubereats.com/nyc-suburbs/food-delivery/popeyes-780-fulton-ave/iKb9tkeJSoqFxYamknKwMA,carle-place-new-york,"['American', 'Fast Food', 'Southern', 'Wings']",4.2,500,$,40.713468,-73.60500400000001,+15164860416,,,,,"[{'@type': 'OpeningHoursSpecification', 'dayOfWeek': ['Monday', 'Tuesday', 'Wednesday', 'Thursday', 'Friday', 'Saturday', 'Sunday'], 'opens': '10:30', 'closes': '23:30'}]",,"{'@type': 'GeoCoordinates', 'latitude': 40.713468, 'longitude': -73.60500400000001}","{'@type': 'AggregateRating', 'ratingValue': 4.2, 'reviewCount': '500'}"
Casa Dos Frangos,https://www.ubereats.com/nyc-suburbs/food-delivery/casa-dos-frangos/mGAKpai6Qzagv3qrd_eXZQ,carle-place-new-york,"['BBQ', 'Portuguese', 'Gluten Free', 'Gluten Free Friendly', 'Chicken', 'Steak']",4.7,10,$,40.757026,-73.645602,+15163821730,11596,477-1/2 Willis Avenue,Williston Park,NY,"[{'@type': 'OpeningHoursSpecification', 'dayOfWeek': 'Sunday', 'opens': '11:30', 'closes': '20:0'}, {'@type': 'OpeningHoursSpecification', 'dayOfWeek': ['Friday', 'Saturday'], 'opens': '11:30', 'closes': '20:0'}]","{'@type': 'PostalAddress', 'addressLocality': 'Williston Park', 'addressRegion': 'NY', 'postalCode': '11596', 'addressCountry': 'US', 'streetAddress': '477-1/2 Willis Avenue'}","{'@type': 'GeoCoordinates', 'latitude': 40.757026, 'longitude': -73.645602}","{'@type': 'AggregateRating', 'ratingValue': 4.7, 'reviewCount': '10'}"
Sushi Ya,https://www.ubereats.com/nyc-suburbs/food-delivery/sushi-ya/ZaIyxk_cSu6kcuv19dQdeg,carle-place-new-york,"['Sushi', 'Asian', 'Japanese']",,,$,40.7289646,-73.6350633,+15168738818,11530,949 Franklin Ave,Garden City,NY,"[{'@type': 'OpeningHoursSpecification', 'dayOfWeek': 'Sunday', 'opens': '15:0', 'closes': '20:30'}, {'@type': 'OpeningHoursSpecification', 'dayOfWeek': 'Monday', 'opens': '12:0', 'closes': '20:0'}, {'@type': 'OpeningHoursSpecification', 'dayOfWeek': 'Monday', 'opens': '12:0', 'closes': '15:0'}, {'@type': 'OpeningHoursSpecification', 'dayOfWeek': ['Wednesday', 'Thursday'], 'opens': '12:0', 'closes': '20:0'}, {'@type': 'OpeningHoursSpecification', 'dayOfWeek': ['Wednesday', 'Thursday'], 'opens': '12:0', 'closes': '15:0'}, {'@type': 'OpeningHoursSpecification', 'dayOfWeek': 'Friday', 'opens': '12:0', 'closes': '21:30'}, {'@type': 'OpeningHoursSpecification', 'dayOfWeek': 'Friday', 'opens': '12:0', 'closes': '15:0'}, {'@type': 'OpeningHoursSpecification', 'dayOfWeek': 'Saturday', 'opens': '13:0', 'closes': '21:30'}, {'@type': 'OpeningHoursSpecification', 'dayOfWeek': 'Saturday', 'opens': '13:0', 'closes': '15:0'}]","{'@type': 'PostalAddress', 'addressLocality': 'Garden City', 'addressRegion': 'NY', 'postalCode': '11530', 'addressCountry': 'US', 'streetAddress': '949 Franklin Ave'}","{'@type': 'GeoCoordinates', 'latitude': 40.7289646, 'longitude': -73.6350633}",{}
Metropolitan Bistro,https://www.ubereats.com/nyc-suburbs/food-delivery/metropolitan-bistro/ih8rc3zVSMO-mvGJe2_pIg,carle-place-new-york,"['American', 'Steak', 'Burgers', 'Pizza']",,,$$,40.8493128,-73.6446528,+15168014500,11579,39 Roslyn Ave,Sea Cliff,NY,"[{'@type': 'OpeningHoursSpecification', 'dayOfWeek': 'Sunday', 'opens': '17:0', 'closes': '20:0'}, {'@type': 'OpeningHoursSpecification', 'dayOfWeek': ['Monday', 'Tuesday', 'Wednesday', 'Thursday', 'Friday', 'Saturday'], 'opens': '17:0', 'closes': '21:0'}]","{'@type': 'PostalAddress', 'addressLocality': 'Sea Cliff', 'addressRegion': 'NY', 'postalCode': '11579', 'addressCountry': 'US', 'streetAddress': '39 Roslyn Ave'}","{'@type': 'GeoCoordinates', 'latitude': 40.8493128, 'longitude': -73.6446528}",{}
Xin Xing Chinese Restaurant,https://www.ubereats.com/nyc-suburbs/food-delivery/xin-xing-chinese-restaurant/hk3GJgdGTfOs2eJJ-2cHBA,carle-place-new-york,['Chinese'],4.5,24,$,40.71670779999999,-73.6611861,+15164838888,,,,,"[{'@type': 'OpeningHoursSpecification', 'dayOfWeek': 'Sunday', 'opens': '12:0', 'closes': '20:0'}, {'@type': 'OpeningHoursSpecification', 'dayOfWeek': 'Sunday', 'opens': '12:0', 'closes': '21:30'}, {'@type': 'OpeningHoursSpecification', 'dayOfWeek': 'Sunday', 'opens': '12:0', 'closes': '21:30'}, {'@type': 'OpeningHoursSpecification', 'dayOfWeek': ['Tuesday', 'Wednesday', 'Thursday'], 'opens': '12:0', 'closes': '20:0'}, {'@type': 'OpeningHoursSpecification', 'dayOfWeek': ['Tuesday', 'Wednesday', 'Thursday'], 'opens': '11:0', 'closes': '21:30'}, {'@type': 'OpeningHoursSpecification', 'dayOfWeek': ['Friday', 'Saturday'], 'opens': '11:0', 'closes': '22:0'}, {'@type': 'OpeningHoursSpecification', 'dayOfWeek': ['Friday', 'Saturday'], 'opens': '12:0', 'closes': '20:0'}, {'@type': 'OpeningHoursSpecification', 'dayOfWeek': ['Friday', 'Saturday'], 'opens': '11:0', 'closes': '22:0'}]",,"{'@type': 'GeoCoordinates', 'latitude': 40.71670779999999, 'longitude': -73.6611861}","{'@type': 'AggregateRating', 'ratingValue': 4.5, 'reviewCount': '24'}"
Buttercooky Bakery,https://www.ubereats.com/nyc-suburbs/food-delivery/buttercooky-bakery/9Wn_isiARuCv-k2HgCkgKQ,carle-place-new-york,"['Bakery', 'Desserts', 'Breakfast and Brunch']",4.8,158,$,40.794701,-73.698433,+15166271600,11030,140 Plandome Rd,Manhasset,New York,"[{'@type': 'OpeningHoursSpecification', 'dayOfWeek': 'Sunday', 'opens': '7:0', 'closes': '17:0'}, {'@type': 'OpeningHoursSpecification', 'dayOfWeek': 'Sunday', 'opens': '8:0', 'closes': '17:0'}, {'@type': 'OpeningHoursSpecification', 'dayOfWeek': 'Sunday', 'opens': '8:0', 'closes': '17:0'}, {'@type': 'OpeningHoursSpecification', 'dayOfWeek': ['Monday', 'Tuesday', 'Wednesday', 'Thursday', 'Friday', 'Saturday'], 'opens': '7:0', 'closes': '19:0'}, {'@type': 'OpeningHoursSpecification', 'dayOfWeek': ['Monday', 'Tuesday', 'Wednesday', 'Thursday', 'Friday', 'Saturday'], 'opens': '8:0', 'closes': '17:0'}, {'@type': 'OpeningHoursSpecification', 'dayOfWeek': ['Monday', 'Tuesday', 'Wednesday', 'Thursday', 'Friday', 'Saturday'], 'opens': '8:0', 'closes': '17:0'}]","{'@type': 'PostalAddress', 'addressLocality': 'Manhasset', 'addressRegion': 'New York', 'postalCode': '11030', 'addressCountry': 'US', 'streetAddress': '140 Plandome Rd'}","{'@type': 'GeoCoordinates', 'latitude': 40.794701, 'longitude': -73.698433}","{'@type': 'AggregateRating', 'ratingValue': 4.8, 'reviewCount': '158'}"
,https://www.ubereats.com/nyc-suburbs/food-delivery/subway-new-hyde-park/Ianeb-uQQ2SqDBy-0E-xgQ,carle-place-new-york,,,,,,,,,,,,,,,
Carle Place Diner,https://www.ubereats.com/nyc-suburbs/food-delivery/carle-place-diner/l2k01RV3TaWmwmhPr-6vcw,carle-place-new-york,"['Burgers', 'American', 'Sandwiches']",4.2,20,$,40.7433702,-73.61650399999999,+15167410336,11514,151 Old Country Rd,Carle Place,NY,"[{'@type': 'OpeningHoursSpecification', 'dayOfWeek': ['Monday', 'Tuesday', 'Wednesday', 'Thursday', 'Friday', 'Saturday', 'Sunday'], 'opens': '8:0', 'closes': '22:30'}]","{'@type': 'PostalAddress', 'addressLocality': 'Carle Place', 'addressRegion': 'NY', 'postalCode': '11514', 'addressCountry': 'US', 'streetAddress': '151 Old Country Rd'}","{'@type': 'GeoCoordinates', 'latitude': 40.7433702, 'longitude': -73.61650399999999}","{'@type': 'AggregateRating', 'ratingValue': 4.2, 'reviewCount': '20'}"
Ryder’s Joe,https://www.ubereats.com/nyc-suburbs/food-delivery/ryders-joe/sKcRbm1sT0KemL-WqLR0YA,carle-place-new-york,"['Sandwiches', 'American', 'Healthy']",,,$,40.7306582,-73.68266129999999,+15162331777,11040,1201 2nd Ave,New Hyde Park,NY,"[{'@type': 'OpeningHoursSpecification', 'dayOfWeek': ['Monday', 'Tuesday', 'Wednesday', 'Thursday', 'Friday', 'Saturday'], 'opens': '5:30', 'closes': '16:0'}]","{'@type': 'PostalAddress', 'addressLocality': 'New Hyde Park', 'addressRegion': 'NY', 'postalCode': '11040', 'addressCountry': 'US', 'streetAddress': '1201 2nd Ave'}","{'@type': 'GeoCoordinates', 'latitude': 40.7306582, 'longitude': -73.68266129999999}",{}
Recovery Room Bar and Grill,https://www.ubereats.com/nyc-suburbs/food-delivery/recovery-room-bar-and-grill/D4TdixYfR2y5LOXppKGypA,carle-place-new-york,['American'],,,$$,40.740713,-73.640597,+15162802407,11501,214 Station Plaza N,Mineola,NY,"[{'@type': 'OpeningHoursSpecification', 'dayOfWeek': ['Sunday', 'Monday', 'Tuesday', 'Wednesday'], 'opens': '11:30', 'closes': '21:30'}, {'@type': 'OpeningHoursSpecification', 'dayOfWeek': ['Thursday', 'Friday', 'Saturday'], 'opens': '11:30', 'closes': '1:0'}]","{'@type': 'PostalAddress', 'addressLocality': 'Mineola', 'addressRegion': 'NY', 'postalCode': '11501', 'addressCountry': 'US', 'streetAddress': '214 Station Plaza N'}","{'@type': 'GeoCoordinates', 'latitude': 40.740713, 'longitude': -73.640597}",{}
Core Life Eatery,https://www.ubereats.com/nyc-suburbs/food-delivery/core-life-eatery/j8pR7jD9QBiOHQFTgIqvRA,carle-place-new-york,"['Kids Friendly', 'Chicken', 'Mediterranean']",,,$,40.728276,-73.63550029999999,+15164236310,11530,910 Franklin Avenue,Garden City,NY,"[{'@type': 'OpeningHoursSpecification', 'dayOfWeek': 'Sunday', 'opens': '11:0', 'closes': '15:0'}, {'@type': 'OpeningHoursSpecification', 'dayOfWeek': ['Monday', 'Tuesday', 'Wednesday', 'Thursday', 'Friday', 'Saturday'], 'opens': '11:0', 'closes': '20:0'}]","{'@type': 'PostalAddress', 'addressLocality': 'Garden City', 'addressRegion': 'NY', 'postalCode': '11530', 'addressCountry': 'US', 'streetAddress': '910 Franklin Avenue'}","{'@type': 'GeoCoordinates', 'latitude': 40.728276, 'longitude': -73.63550029999999}",{}
Sammys Steak and Smokehouse,https://www.ubereats.com/nyc-suburbs/food-delivery/sammys-steak-and-smokehouse/gziM_RcwQJ-iY8UNnDY5Pg,carle-place-new-york,"['Burgers', 'American', 'Sandwiches', 'Allergy Friendly']",,,$,40.7076985,-73.6761661,+15164923557,11010,976 Hempstead Turnpike,Franklin Square,NY,"[{'@type': 'OpeningHoursSpecification', 'dayOfWeek': 'Sunday', 'opens': '12:0', 'closes': '19:30'}, {'@type': 'OpeningHoursSpecification', 'dayOfWeek': 'Tuesday', 'opens': '16:0', 'closes': '20:30'}, {'@type': 'OpeningHoursSpecification', 'dayOfWeek': ['Wednesday', 'Thursday'], 'opens': '12:0', 'closes': '20:0'}, {'@type': 'OpeningHoursSpecification', 'dayOfWeek': ['Friday', 'Saturday'], 'opens': '12:0', 'closes': '21:30'}]","{'@type': 'PostalAddress', 'addressLocality': 'Franklin Square', 'addressRegion': 'NY', 'postalCode': '11010', 'addressCountry': 'US', 'streetAddress': '976 Hempstead Turnpike'}","{'@type': 'GeoCoordinates', 'latitude': 40.7076985, 'longitude': -73.6761661}",{}
Just Like Mama's ,https://www.ubereats.com/nyc-suburbs/food-delivery/just-like-mamas/tr0avka9Q_qxrXkoiuGoCA,carle-place-new-york,"['Soul Food', 'American', 'Burgers']",,,$,40.671526,-73.58829279999999,+15165444407,11520,447 N Main St,Freeport,NY,"[{'@type': 'OpeningHoursSpecification', 'dayOfWeek': 'Sunday', 'opens': '12:0', 'closes': '18:45'}, {'@type': 'OpeningHoursSpecification', 'dayOfWeek': ['Tuesday', 'Wednesday'], 'opens': '12:0', 'closes': '19:45'}, {'@type': 'OpeningHoursSpecification', 'dayOfWeek': ['Thursday', 'Friday', 'Saturday'], 'opens': '12:0', 'closes': '21:45'}]","{'@type': 'PostalAddress', 'addressLocality': 'Freeport', 'addressRegion': 'NY', 'postalCode': '11520', 'addressCountry': 'US', 'streetAddress': '447 N Main St'}","{'@type': 'GeoCoordinates', 'latitude': 40.671526, 'longitude': -73.58829279999999}",{}
,https://www.ubereats.com/nyc-suburbs/food-delivery/dunkin-25420-hillside-ave/O7Xo108vRNiKxbml5fQ3lA,carle-place-new-york,,,,,,,,,,,,,,,
McDonald's® - Westbury (Old Country Rd),https://www.ubereats.com/nyc-suburbs/food-delivery/mcdonalds-westbury-old-country-rd/Nc85ENPPSfu65oDBXm88Mg,carle-place-new-york,"['American', 'Fast Food', 'Burgers']",4.5,356,$,40.747665,-73.59102,+15163345232,11590,35 Old Country Rd,Westbury,NY,"[{'@type': 'OpeningHoursSpecification', 'dayOfWeek': ['Monday', 'Tuesday', 'Wednesday', 'Thursday', 'Friday', 'Saturday', 'Sunday'], 'opens': '6:0', 'closes': '10:59'}, {'@type': 'OpeningHoursSpecification', 'dayOfWeek': ['Monday', 'Tuesday', 'Wednesday', 'Thursday', 'Friday', 'Saturday', 'Sunday'], 'opens': '11:0', 'closes': '16:59'}, {'@type': 'OpeningHoursSpecification', 'dayOfWeek': ['Monday', 'Tuesday', 'Wednesday', 'Thursday', 'Friday', 'Saturday', 'Sunday'], 'opens': '17:0', 'closes': '1:15'}]","{'@type': 'PostalAddress', 'addressLocality': 'Westbury', 'addressRegion': 'NY', 'postalCode': '11590', 'addressCountry': 'US', 'streetAddress': '35 Old Country Rd'}","{'@type': 'GeoCoordinates', 'latitude': 40.747665, 'longitude': -73.59102}","{'@type': 'AggregateRating', 'ratingValue': 4.5, 'reviewCount': '356'}"
Dunkin' (388 W. John St.),https://www.ubereats.com/nyc-suburbs/food-delivery/dunkin-388-w-john-st/wOwd_XA3TByEKAyxp1K7kw,carle-place-new-york,"['Breakfast and Brunch', 'Donuts']",,,$,40.766695,-73.5413069,+15169326542,11801,388 W. John St.,Hicksville,NY,"[{'@type': 'OpeningHoursSpecification', 'dayOfWeek': ['Monday', 'Tuesday', 'Wednesday', 'Thursday', 'Friday', 'Saturday', 'Sunday'], 'opens': '5:30', 'closes': '17:30'}]","{'@type': 'PostalAddress', 'addressLocality': 'Hicksville', 'addressRegion': 'NY', 'postalCode': '11801', 'addressCountry': 'US', 'streetAddress': '388 W. John St.'}","{'@type': 'GeoCoordinates', 'latitude': 40.766695, 'longitude': -73.5413069}",{}
,https://www.ubereats.com/nyc-suburbs/food-delivery/hot-peppers/dVJC6RiaSharicn20ePxyg,carle-place-new-york,,,,,,,,,,,,,,,
,https://www.ubereats.com/nyc-suburbs/food-delivery/douglaston-deli/T2EnBkv9TZ-Ue6McT-lQIg,carle-place-new-york,,,,,,,,,,,,,,,
SOPRANO'S DELI AND BAGEL,https://www.ubereats.com/nyc-suburbs/food-delivery/sopranos-deli-and-bagel/KamwE3DOQRCtuYDOm9HJSQ,carle-place-new-york,"['Sandwiches', 'American', 'Healthy']",4.7,39,$,40.6865629,-73.5612647,+19293543043,11566,700,Merrick,NY,"[{'@type': 'OpeningHoursSpecification', 'dayOfWeek': 'Sunday', 'opens': '5:0', 'closes': '16:0'}, {'@type': 'OpeningHoursSpecification', 'dayOfWeek': 'Sunday', 'opens': '5:0', 'closes': '14:0'}, {'@type': 'OpeningHoursSpecification', 'dayOfWeek': ['Monday', 'Tuesday', 'Wednesday', 'Thursday', 'Friday', 'Saturday'], 'opens': '5:0', 'closes': '16:0'}, {'@type': 'OpeningHoursSpecification', 'dayOfWeek': ['Monday', 'Tuesday', 'Wednesday', 'Thursday', 'Friday', 'Saturday'], 'opens': '5:0', 'closes': '15:0'}]","{'@type': 'PostalAddress', 'addressLocality': 'Merrick', 'addressRegion': 'NY', 'postalCode': '11566', 'addressCountry': 'US', 'streetAddress': '700'}","{'@type': 'GeoCoordinates', 'latitude': 40.6865629, 'longitude': -73.5612647}","{'@type': 'AggregateRating', 'ratingValue': 4.7, 'reviewCount': '39'}"
The Chef's Corner,https://www.ubereats.com/nyc-suburbs/food-delivery/the-chefs-corner/xZ4KJiGQSLGM-Cxr4ahf8Q,carle-place-new-york,"['Burgers', 'American', 'Sandwiches', 'Breakfast and Brunch', 'Family Meals', 'Mexican']",4.9,21,$,40.7413271,-73.640594,+15167421856,11501,95,Mineola,NY,"[{'@type': 'OpeningHoursSpecification', 'dayOfWeek': 'Sunday', 'opens': '8:0', 'closes': '15:0'}, {'@type': 'OpeningHoursSpecification', 'dayOfWeek': 'Monday', 'opens': '7:0', 'closes': '15:0'}, {'@type': 'OpeningHoursSpecification', 'dayOfWeek': ['Tuesday', 'Wednesday', 'Thursday', 'Friday'], 'opens': '7:0', 'closes': '16:30'}, {'@type': 'OpeningHoursSpecification', 'dayOfWeek': 'Saturday', 'opens': '8:0', 'closes': '15:0'}]","{'@type': 'PostalAddress', 'addressLocality': 'Mineola', 'addressRegion': 'NY', 'postalCode': '11501', 'addressCountry': 'US', 'streetAddress': '95'}","{'@type': 'GeoCoordinates', 'latitude': 40.7413271, 'longitude': -73.640594}","{'@type': 'AggregateRating', 'ratingValue': 4.9, 'reviewCount': '21'}"
Chocolate Works - Garden City,https://www.ubereats.com/nyc-suburbs/food-delivery/chocolate-works-garden-city/4hWmiSf1SLaiCpeL0gfmyQ,carle-place-new-york,"['Desserts', 'Bakery', 'American']",,,$$,40.744218,-73.603904,+15168339198,11530,916 Old Country Rd,Garden City,NY,"[{'@type': 'OpeningHoursSpecification', 'dayOfWeek': ['Sunday', 'Monday', 'Tuesday', 'Wednesday', 'Thursday'], 'opens': '10:0', 'closes': '18:45'}, {'@type': 'OpeningHoursSpecification', 'dayOfWeek': ['Friday', 'Saturday'], 'opens': '10:0', 'closes': '20:30'}]","{'@type': 'PostalAddress', 'addressLocality': 'Garden City', 'addressRegion': 'NY', 'postalCode': '11530', 'addressCountry': 'US', 'streetAddress': '916 Old Country Rd'}","{'@type': 'GeoCoordinates', 'latitude': 40.744218, 'longitude': -73.603904}",{}
Dunkin' (3497 Hempstead Tpke),https://www.ubereats.com/nyc-suburbs/food-delivery/dunkin-3497-hempstead-tpke/jddcb6BHRmSehz8hRCNfjQ,carle-place-new-york,"['Breakfast and Brunch', 'Donuts']",,,$,40.7260326,-73.5065171,+15165200071,11756,3497 Hempstead Tpke,Levittown,NY,"[{'@type': 'OpeningHoursSpecification', 'dayOfWeek': ['Monday', 'Tuesday', 'Wednesday', 'Thursday', 'Friday', 'Saturday', 'Sunday'], 'opens': '6:0', 'closes': '19:0'}]","{'@type': 'PostalAddress', 'addressLocality': 'Levittown', 'addressRegion': 'NY', 'postalCode': '11756', 'addressCountry': 'US', 'streetAddress': '3497 Hempstead Tpke'}","{'@type': 'GeoCoordinates', 'latitude': 40.7260326, 'longitude': -73.5065171}",{}
Dunkin' (300 Roslyn Rd),https://www.ubereats.com/nyc-suburbs/food-delivery/dunkin-300-roslyn-rd/yhwDlEFWTLizMwOsZnqzrA,carle-place-new-york,"['Breakfast and Brunch', 'Donuts']",4.0,14,$,40.7840835,-73.63846680000002,+15162771621,11577,300 Roslyn Rd,Roslyn Heights,NY,"[{'@type': 'OpeningHoursSpecification', 'dayOfWeek': ['Monday', 'Tuesday', 'Wednesday', 'Thursday', 'Friday', 'Saturday', 'Sunday'], 'opens': '5:30', 'closes': '19:0'}]","{'@type': 'PostalAddress', 'addressLocality': 'Roslyn Heights', 'addressRegion': 'NY', 'postalCode': '11577', 'addressCountry': 'US', 'streetAddress': '300 Roslyn Rd'}","{'@type': 'GeoCoordinates', 'latitude': 40.7840835, 'longitude': -73.63846680000002}","{'@type': 'AggregateRating', 'ratingValue': 4, 'reviewCount': '14'}"
CurriKitch,https://www.ubereats.com/nyc-suburbs/food-delivery/currikitch/qyc5U6a-QMWm8H0d6O0qmw,carle-place-new-york,['Indian'],4.5,111,$,40.7825478,-73.5036879,+15164905501,11801,390 Woodbury Rd,Hicksville,NY,"[{'@type': 'OpeningHoursSpecification', 'dayOfWeek': ['Monday', 'Tuesday', 'Wednesday', 'Thursday', 'Friday', 'Saturday', 'Sunday'], 'opens': '12:0', 'closes': '23:0'}, {'@type': 'OpeningHoursSpecification', 'dayOfWeek': ['Monday', 'Tuesday', 'Wednesday', 'Thursday', 'Friday', 'Saturday', 'Sunday'], 'opens': '12:0', 'closes': '17:0'}]","{'@type': 'PostalAddress', 'addressLocality': 'Hicksville', 'addressRegion': 'NY', 'postalCode': '11801', 'addressCountry': 'US', 'streetAddress': '390 Woodbury Rd'}","{'@type': 'GeoCoordinates', 'latitude': 40.7825478, 'longitude': -73.5036879}","{'@type': 'AggregateRating', 'ratingValue': 4.5, 'reviewCount': '111'}"
Shah's Halal Food - New Hyde Park,https://www.ubereats.com/nyc-suburbs/food-delivery/shahs-halal-food-new-hyde-park/oT_q5UgETByP_ySq_BuDMQ,carle-place-new-york,"['Halal', 'Middle Eastern', 'Sandwich', 'Family Meals']",4.6,336,$,40.75273974965463,-73.65993269128091,+15162794422,,,,,"[{'@type': 'OpeningHoursSpecification', 'dayOfWeek': ['Monday', 'Tuesday', 'Wednesday', 'Thursday', 'Friday', 'Saturday', 'Sunday'], 'opens': '10:15', 'closes': '23:30'}]",,"{'@type': 'GeoCoordinates', 'latitude': 40.75273974965463, 'longitude': -73.65993269128091}","{'@type': 'AggregateRating', 'ratingValue': 4.6, 'reviewCount': '336'}"
Subway (168 Fulton St),https://www.ubereats.com/nyc-suburbs/food-delivery/subway-168-fulton-st/IJ_GejW_QbGqyiubhcs3Ew,carle-place-new-york,"['Fast Food', 'Sandwich', 'American']",4.5,10,$,40.7071461,-73.6290325,+15165654758,11550,168 Fulton St,Hempstead,NY,"[{'@type': 'OpeningHoursSpecification', 'dayOfWeek': ['Monday', 'Tuesday', 'Wednesday', 'Thursday', 'Friday', 'Saturday', 'Sunday'], 'opens': '11:0', 'closes': '17:30'}]","{'@type': 'PostalAddress', 'addressLocality': 'Hempstead', 'addressRegion': 'NY', 'postalCode': '11550', 'addressCountry': 'US', 'streetAddress': '168 Fulton St'}","{'@type': 'GeoCoordinates', 'latitude': 40.7071461, 'longitude': -73.6290325}","{'@type': 'AggregateRating', 'ratingValue': 4.5, 'reviewCount': '10'}"
Wendy's  (1730 Hempstead Turnpike),https://www.ubereats.com/nyc-suburbs/food-delivery/wendys-1730-hempstead-turnpike/IShJK9QsRoKuPbxmOh2nHQ,carle-place-new-york,"['American', 'Burgers', 'Fast Food', 'Breakfast and Brunch']",4.2,134,$,40.72315329999999,-73.57190469999999,+15167944416,11554,1730 Hempstead Turnpike,E.Meadow,NY,"[{'@type': 'OpeningHoursSpecification', 'dayOfWeek': ['Monday', 'Tuesday', 'Wednesday', 'Thursday', 'Friday', 'Saturday', 'Sunday'], 'opens': '10:30', 'closes': '2:30'}, {'@type': 'OpeningHoursSpecification', 'dayOfWeek': ['Monday', 'Tuesday', 'Wednesday', 'Thursday', 'Friday', 'Saturday', 'Sunday'], 'opens': '6:30', 'closes': '10:0'}]","{'@type': 'PostalAddress', 'addressLocality': 'E.Meadow', 'addressRegion': 'NY', 'postalCode': '11554', 'addressCountry': 'US', 'streetAddress': '1730 Hempstead Turnpike'}","{'@type': 'GeoCoordinates', 'latitude': 40.72315329999999, 'longitude': -73.57190469999999}","{'@type': 'AggregateRating', 'ratingValue': 4.2, 'reviewCount': '134'}"
Chipotle Mexican Grill (1166 Hempstead Tpke),https://www.ubereats.com/nyc-suburbs/food-delivery/chipotle-mexican-grill-1166-hempstead-tpke/0GPh1cTWTDOl0155A0BPAQ,carle-place-new-york,"['Healthy', 'Mexican']",4.4,466,$,40.7179863,-73.59214159999999,+15164831026,11553,1166 Hempstead Tpke,Uniondale,NY,"[{'@type': 'OpeningHoursSpecification', 'dayOfWeek': ['Monday', 'Tuesday', 'Wednesday', 'Thursday', 'Friday', 'Saturday', 'Sunday'], 'opens': '10:45', 'closes': '21:40'}]","{'@type': 'PostalAddress', 'addressLocality': 'Uniondale', 'addressRegion': 'NY', 'postalCode': '11553', 'addressCountry': 'US', 'streetAddress': '1166 Hempstead Tpke'}","{'@type': 'GeoCoordinates', 'latitude': 40.7179863, 'longitude': -73.59214159999999}","{'@type': 'AggregateRating', 'ratingValue': 4.4, 'reviewCount': '466'}"
,https://www.ubereats.com/nyc-suburbs/food-delivery/cabo-mexican-grill-and-sports-bar/U9Q7CTeqTImyBBd0Go_vUg,carle-place-new-york,,,,,,,,,,,,,,,
Nicks Tuscan Grill,https://www.ubereats.com/nyc-suburbs/food-delivery/nicks-tuscan-grill/ierUOeVbT0mlbnj5BYLwBA,carle-place-new-york,"['Italian', 'Salads', 'Healthy']",,,,40.74303,-73.64115,+16318338286,11501,149,Mineola,NY,"[{'@type': 'OpeningHoursSpecification', 'dayOfWeek': ['Monday', 'Tuesday', 'Wednesday', 'Thursday', 'Friday', 'Saturday', 'Sunday'], 'opens': '12:0', 'closes': '21:0'}]","{'@type': 'PostalAddress', 'addressLocality': 'Mineola', 'addressRegion': 'NY', 'postalCode': '11501', 'addressCountry': 'US', 'streetAddress': '149'}","{'@type': 'GeoCoordinates', 'latitude': 40.74303, 'longitude': -73.64115}",{}
Boston Market (603 Hempstead Turnpike),https://www.ubereats.com/nyc-suburbs/food-delivery/boston-market-603-hempstead-turnpike/rQC4n-53T8mQtouvjBmp5A,carle-place-new-york,"['American', 'Fast Food', 'Comfort Food', 'Fried Chicken', 'Family Meals']",4.6,106,$,40.706163,-73.6620368,+15165390500,11552,603 Hempstead Turnpike,West Hempstead,NY,"[{'@type': 'OpeningHoursSpecification', 'dayOfWeek': ['Monday', 'Tuesday', 'Wednesday', 'Thursday', 'Friday', 'Saturday', 'Sunday'], 'opens': '11:0', 'closes': '20:45'}]","{'@type': 'PostalAddress', 'addressLocality': 'West Hempstead', 'addressRegion': 'NY', 'postalCode': '11552', 'addressCountry': 'US', 'streetAddress': '603 Hempstead Turnpike'}","{'@type': 'GeoCoordinates', 'latitude': 40.706163, 'longitude': -73.6620368}","{'@type': 'AggregateRating', 'ratingValue': 4.6, 'reviewCount': '106'}"
Carnitas DelI,https://www.ubereats.com/nyc-suburbs/food-delivery/carnitas-deli/nH4NhN9LRAyP0Y7AsXRJcA,carle-place-new-york,"['Spanish', 'Seafood', 'Mediterranean']",,,$,40.7094599,-73.5916407,+15164952749,11553,1034 Front St,Uniondale,NY,"[{'@type': 'OpeningHoursSpecification', 'dayOfWeek': ['Monday', 'Tuesday', 'Wednesday', 'Thursday', 'Friday', 'Saturday', 'Sunday'], 'opens': '6:0', 'closes': '22:0'}]","{'@type': 'PostalAddress', 'addressLocality': 'Uniondale', 'addressRegion': 'NY', 'postalCode': '11553', 'addressCountry': 'US', 'streetAddress': '1034 Front St'}","{'@type': 'GeoCoordinates', 'latitude': 40.7094599, 'longitude': -73.5916407}",{}
Dunkin' (251 Glen Cove Rd),https://www.ubereats.com/nyc-suburbs/food-delivery/dunkin-251-glen-cove-rd/klMZ2zkkTjikjr1WsLT9lQ,carle-place-new-york,"['Breakfast and Brunch', 'Donuts']",,,$,40.75050629999999,-73.617723,+15165009894,11514,251 Glen Cove Rd,Carle Place,NY,"[{'@type': 'OpeningHoursSpecification', 'dayOfWeek': ['Monday', 'Tuesday', 'Wednesday', 'Thursday', 'Friday', 'Saturday', 'Sunday'], 'opens': '6:0', 'closes': '21:0'}]","{'@type': 'PostalAddress', 'addressLocality': 'Carle Place', 'addressRegion': 'NY', 'postalCode': '11514', 'addressCountry': 'US', 'streetAddress': '251 Glen Cove Rd'}","{'@type': 'GeoCoordinates', 'latitude': 40.75050629999999, 'longitude': -73.617723}",{}
La Piazza,https://www.ubereats.com/nyc-suburbs/food-delivery/la-piazza/FMTlk8HFTuyVkTflMPbs8w,carle-place-new-york,"['Italian', 'Pizza', 'Pasta', 'Comfort Food']",4.6,465,$$,40.7760852,-73.46523119999999,+15169380800,,,,,"[{'@type': 'OpeningHoursSpecification', 'dayOfWeek': ['Sunday', 'Monday', 'Tuesday', 'Wednesday', 'Thursday'], 'opens': '11:0', 'closes': '16:0'}, {'@type': 'OpeningHoursSpecification', 'dayOfWeek': ['Sunday', 'Monday', 'Tuesday', 'Wednesday', 'Thursday'], 'opens': '11:0', 'closes': '16:0'}, {'@type': 'OpeningHoursSpecification', 'dayOfWeek': ['Sunday', 'Monday', 'Tuesday', 'Wednesday', 'Thursday'], 'opens': '11:0', 'closes': '16:0'}, {'@type': 'OpeningHoursSpecification', 'dayOfWeek': ['Sunday', 'Monday', 'Tuesday', 'Wednesday', 'Thursday'], 'opens': '11:0', 'closes': '21:0'}, {'@type': 'OpeningHoursSpecification', 'dayOfWeek': ['Friday', 'Saturday'], 'opens': '11:0', 'closes': '16:0'}, {'@type': 'OpeningHoursSpecification', 'dayOfWeek': ['Friday', 'Saturday'], 'opens': '11:0', 'closes': '16:0'}, {'@type': 'OpeningHoursSpecification', 'dayOfWeek': ['Friday', 'Saturday'], 'opens': '11:0', 'closes': '16:0'}, {'@type': 'OpeningHoursSpecification', 'dayOfWeek': ['Friday', 'Saturday'], 'opens': '11:0', 'closes': '22:0'}]",,"{'@type': 'GeoCoordinates', 'latitude': 40.7760852, 'longitude': -73.46523119999999}","{'@type': 'AggregateRating', 'ratingValue': 4.6, 'reviewCount': '465'}"
Radigan's Pub & Casual Dining,https://www.ubereats.com/nyc-suburbs/food-delivery/radigans-pub-%26-casual-dining/v9I5RV6rQ7yExXbxTnBRuQ,carle-place-new-york,"['Burgers', 'American', 'Sandwiches']",,,$,40.6848672,-73.62165569999999,+15164869127,11550,1094 Long Beach Rd,South Hempstead,NY,"[{'@type': 'OpeningHoursSpecification', 'dayOfWeek': ['Sunday', 'Monday'], 'opens': '12:0', 'closes': '22:0'}, {'@type': 'OpeningHoursSpecification', 'dayOfWeek': ['Tuesday', 'Wednesday'], 'opens': '11:0', 'closes': '0:0'}, {'@type': 'OpeningHoursSpecification', 'dayOfWeek': ['Thursday', 'Friday'], 'opens': '11:0', 'closes': '1:0'}, {'@type': 'OpeningHoursSpecification', 'dayOfWeek': 'Saturday', 'opens': '12:0', 'closes': '1:0'}]","{'@type': 'PostalAddress', 'addressLocality': 'South Hempstead', 'addressRegion': 'NY', 'postalCode': '11550', 'addressCountry': 'US', 'streetAddress': '1094 Long Beach Rd'}","{'@type': 'GeoCoordinates', 'latitude': 40.6848672, 'longitude': -73.62165569999999}",{}
Basil and Prime,https://www.ubereats.com/nyc-suburbs/food-delivery/basil-and-prime/WlS4LhyiSVyYLuIr8HpNCg,carle-place-new-york,['American'],,,$$,40.769935,-73.648169,+15164939966,11507,960 Willis Ave,Albertson,New York,"[{'@type': 'OpeningHoursSpecification', 'dayOfWeek': 'Sunday', 'opens': '11:0', 'closes': '15:45'}, {'@type': 'OpeningHoursSpecification', 'dayOfWeek': ['Monday', 'Tuesday', 'Wednesday', 'Thursday', 'Friday'], 'opens': '11:0', 'closes': '18:45'}, {'@type': 'OpeningHoursSpecification', 'dayOfWeek': 'Saturday', 'opens': '11:0', 'closes': '17:45'}]","{'@type': 'PostalAddress', 'addressLocality': 'Albertson', 'addressRegion': 'New York', 'postalCode': '11507', 'addressCountry': 'US', 'streetAddress': '960 Willis Ave'}","{'@type': 'GeoCoordinates', 'latitude': 40.769935, 'longitude': -73.648169}",{}
Gusto Latino Bar and Restaurant,https://www.ubereats.com/nyc-suburbs/food-delivery/gusto-latino-bar-and-restaurant/zYf_iF63SJGnCZ2kXkg2lQ,carle-place-new-york,['Latin American'],4.0,23,$,40.70972682694762,-73.61949739541699,+15163071818,,,,,"[{'@type': 'OpeningHoursSpecification', 'dayOfWeek': 'Sunday', 'opens': '13:0', 'closes': '2:45'}, {'@type': 'OpeningHoursSpecification', 'dayOfWeek': 'Sunday', 'opens': '12:0', 'closes': '2:0'}, {'@type': 'OpeningHoursSpecification', 'dayOfWeek': 'Monday', 'opens': '13:0', 'closes': '2:45'}, {'@type': 'OpeningHoursSpecification', 'dayOfWeek': ['Wednesday', 'Thursday', 'Friday', 'Saturday'], 'opens': '13:0', 'closes': '2:45'}]",,"{'@type': 'GeoCoordinates', 'latitude': 40.70972682694762, 'longitude': -73.61949739541699}","{'@type': 'AggregateRating', 'ratingValue': 4, 'reviewCount': '23'}"
Bagel Master,https://www.ubereats.com/nyc-suburbs/food-delivery/bagel-master/l1NLUCoQTDiByzZikJwgvA,carle-place-new-york,"['Breakfast and Brunch', 'American', 'Sandwiches', 'Salads', 'Coffee and Tea']",,,$,40.826564,-73.50122449999999,+15169219773,11791,43 Cold Spring Rd,Syosset,NY,"[{'@type': 'OpeningHoursSpecification', 'dayOfWeek': 'Sunday', 'opens': '6:0', 'closes': '15:0'}, {'@type': 'OpeningHoursSpecification', 'dayOfWeek': 'Sunday', 'opens': '6:0', 'closes': '15:0'}, {'@type': 'OpeningHoursSpecification', 'dayOfWeek': 'Sunday', 'opens': '6:0', 'closes': '15:0'}, {'@type': 'OpeningHoursSpecification', 'dayOfWeek': 'Monday', 'opens': '5:0', 'closes': '18:0'}, {'@type': 'OpeningHoursSpecification', 'dayOfWeek': 'Monday', 'opens': '5:0', 'closes': '18:0'}, {'@type': 'OpeningHoursSpecification', 'dayOfWeek': 'Tuesday', 'opens': '5:0', 'closes': '18:0'}, {'@type': 'OpeningHoursSpecification', 'dayOfWeek': 'Tuesday', 'opens': '5:0', 'closes': '18:0'}, {'@type': 'OpeningHoursSpecification', 'dayOfWeek': 'Tuesday', 'opens': '5:0', 'closes': '18:0'}, {'@type': 'OpeningHoursSpecification', 'dayOfWeek': 'Wednesday', 'opens': '5:0', 'closes': '18:0'}, {'@type': 'OpeningHoursSpecification', 'dayOfWeek': 'Wednesday', 'opens': '5:0', 'closes': '18:0'}, {'@type': 'OpeningHoursSpecification', 'dayOfWeek': 'Thursday', 'opens': '5:0', 'closes': '18:0'}, {'@type': 'OpeningHoursSpecification', 'dayOfWeek': 'Thursday', 'opens': '5:0', 'closes': '18:0'}, {'@type': 'OpeningHoursSpecification', 'dayOfWeek': 'Thursday', 'opens': '5:0', 'closes': '18:0'}, {'@type': 'OpeningHoursSpecification', 'dayOfWeek': 'Friday', 'opens': '5:0', 'closes': '18:0'}, {'@type': 'OpeningHoursSpecification', 'dayOfWeek': 'Friday', 'opens': '5:0', 'closes': '18:0'}, {'@type': 'OpeningHoursSpecification', 'dayOfWeek': 'Friday', 'opens': '5:0', 'closes': '18:0'}, {'@type': 'OpeningHoursSpecification', 'dayOfWeek': 'Saturday', 'opens': '6:0', 'closes': '18:0'}, {'@type': 'OpeningHoursSpecification', 'dayOfWeek': 'Saturday', 'opens': '6:0', 'closes': '18:0'}, {'@type': 'OpeningHoursSpecification', 'dayOfWeek': 'Saturday', 'opens': '6:0', 'closes': '18:0'}]","{'@type': 'PostalAddress', 'addressLocality': 'Syosset', 'addressRegion': 'NY', 'postalCode': '11791', 'addressCountry': 'US', 'streetAddress': '43 Cold Spring Rd'}","{'@type': 'GeoCoordinates', 'latitude': 40.826564, 'longitude': -73.50122449999999}",{}
ARIANA KABAB & GYRO ,https://www.ubereats.com/nyc-suburbs/food-delivery/ariana-kabab-%26-gyro/LL5NHAX4QQmYBwL2CvmY9w,carle-place-new-york,"['Halal', 'Sandwich', 'Middle Eastern']",,,$,40.725114,-73.560064,+15168849884,11554,2065 Hempstead Turnpike,East Meadow,NY,"[{'@type': 'OpeningHoursSpecification', 'dayOfWeek': 'Sunday', 'opens': '0:0', 'closes': '1:0'}, {'@type': 'OpeningHoursSpecification', 'dayOfWeek': 'Sunday', 'opens': '13:0', 'closes': '23:30'}, {'@type': 'OpeningHoursSpecification', 'dayOfWeek': ['Monday', 'Tuesday', 'Wednesday', 'Thursday'], 'opens': '13:0', 'closes': '23:30'}, {'@type': 'OpeningHoursSpecification', 'dayOfWeek': 'Friday', 'opens': '13:0', 'closes': '0:0'}, {'@type': 'OpeningHoursSpecification', 'dayOfWeek': 'Saturday', 'opens': '0:0', 'closes': '1:0'}, {'@type': 'OpeningHoursSpecification', 'dayOfWeek': 'Saturday', 'opens': '13:0', 'closes': '0:0'}]","{'@type': 'PostalAddress', 'addressLocality': 'East Meadow', 'addressRegion': 'NY', 'postalCode': '11554', 'addressCountry': 'US', 'streetAddress': '2065 Hempstead Turnpike'}","{'@type': 'GeoCoordinates', 'latitude': 40.725114, 'longitude': -73.560064}",{}
Cheng Du,https://www.ubereats.com/nyc-suburbs/food-delivery/cheng-du/WAOnDoILRcic89Yobx5u-Q,carle-place-new-york,"['Chinese', 'Asian', 'Comfort Food']",4.5,126,$,40.707131,-73.675248,+15163581603,11010,947 Hempstead Turnpike,Franklin Square,NY,"[{'@type': 'OpeningHoursSpecification', 'dayOfWeek': 'Sunday', 'opens': '11:30', 'closes': '19:30'}, {'@type': 'OpeningHoursSpecification', 'dayOfWeek': ['Monday', 'Tuesday', 'Wednesday', 'Thursday'], 'opens': '11:30', 'closes': '19:45'}, {'@type': 'OpeningHoursSpecification', 'dayOfWeek': ['Friday', 'Saturday'], 'opens': '11:30', 'closes': '20:45'}]","{'@type': 'PostalAddress', 'addressLocality': 'Franklin Square', 'addressRegion': 'NY', 'postalCode': '11010', 'addressCountry': 'US', 'streetAddress': '947 Hempstead Turnpike'}","{'@type': 'GeoCoordinates', 'latitude': 40.707131, 'longitude': -73.675248}","{'@type': 'AggregateRating', 'ratingValue': 4.5, 'reviewCount': '126'}"
Brower Avenue Deli,https://www.ubereats.com/nyc-suburbs/food-delivery/brower-avenue-deli/1-ChBA22TnKRT9saQH3Vag,carle-place-new-york,"['Sandwiches', 'American', 'Healthy']",,,$,40.6650092,-73.6321082,+15165442050,11570,195 Brower Ave,Rockville Centre,NY,"[{'@type': 'OpeningHoursSpecification', 'dayOfWeek': ['Monday', 'Tuesday', 'Wednesday', 'Thursday', 'Friday', 'Saturday', 'Sunday'], 'opens': '8:30', 'closes': '15:30'}]","{'@type': 'PostalAddress', 'addressLocality': 'Rockville Centre', 'addressRegion': 'NY', 'postalCode': '11570', 'addressCountry': 'US', 'streetAddress': '195 Brower Ave'}","{'@type': 'GeoCoordinates', 'latitude': 40.6650092, 'longitude': -73.6321082}",{}
Starbucks (Wantagh),https://www.ubereats.com/nyc-suburbs/food-delivery/starbucks-wantagh/tEOTp9VlSYuy6FXyYMw0Tg,carle-place-new-york,"['Bakery', 'Breakfast and Brunch', 'Cafe', 'Coffee & Tea']",4.6,215,$,40.694861,-73.50706,+15167811538,11793,1143 WANTAGH AVENUE WILLOW WOOD SHOPPES,Wantagh,NY,"[{'@type': 'OpeningHoursSpecification', 'dayOfWeek': 'Sunday', 'opens': '5:30', 'closes': '22:0'}, {'@type': 'OpeningHoursSpecification', 'dayOfWeek': ['Monday', 'Tuesday', 'Wednesday', 'Thursday', 'Friday'], 'opens': '4:30', 'closes': '22:0'}, {'@type': 'OpeningHoursSpecification', 'dayOfWeek': 'Saturday', 'opens': '5:30', 'closes': '22:0'}]","{'@type': 'PostalAddress', 'addressLocality': 'Wantagh', 'addressRegion': 'NY', 'postalCode': '11793', 'addressCountry': 'US', 'streetAddress': '1143 WANTAGH AVENUE WILLOW WOOD SHOPPES'}","{'@type': 'GeoCoordinates', 'latitude': 40.694861, 'longitude': -73.50706}","{'@type': 'AggregateRating', 'ratingValue': 4.6, 'reviewCount': '215'}"
Red Mango (721 Franklin Ave),https://www.ubereats.com/nyc-suburbs/food-delivery/red-mango-721-franklin-ave/GWYjYklPR_e7945CK2FhIg,carle-place-new-york,['Juice and Smoothies'],4.6,122,$$,40.688531,-73.68535899999999,+15167926246,11010,721 Franklin Ave,Franklin Square,NY,"[{'@type': 'OpeningHoursSpecification', 'dayOfWeek': ['Monday', 'Tuesday', 'Wednesday', 'Thursday', 'Friday', 'Saturday', 'Sunday'], 'opens': '10:30', 'closes': '21:30'}]","{'@type': 'PostalAddress', 'addressLocality': 'Franklin Square', 'addressRegion': 'NY', 'postalCode': '11010', 'addressCountry': 'US', 'streetAddress': '721 Franklin Ave'}","{'@type': 'GeoCoordinates', 'latitude': 40.688531, 'longitude': -73.68535899999999}","{'@type': 'AggregateRating', 'ratingValue': 4.6, 'reviewCount': '122'}"
STAR INDIAN CUISINE ,https://www.ubereats.com/nyc-suburbs/food-delivery/star-indian-cuisine/CJRnXtNfSouEUFp4dRP4Tw,carle-place-new-york,"['Indian', 'Chicken', 'Vegetarian Friendly']",,,$$,40.7607657,-73.5306538,+16319333952,11801,275 W Old Country Rd,Hicksville,NY,"[{'@type': 'OpeningHoursSpecification', 'dayOfWeek': ['Monday', 'Tuesday', 'Wednesday', 'Thursday', 'Friday', 'Saturday', 'Sunday'], 'opens': '11:0', 'closes': '23:0'}]","{'@type': 'PostalAddress', 'addressLocality': 'Hicksville', 'addressRegion': 'NY', 'postalCode': '11801', 'addressCountry': 'US', 'streetAddress': '275 W Old Country Rd'}","{'@type': 'GeoCoordinates', 'latitude': 40.7607657, 'longitude': -73.5306538}",{}
Pizza Cucina,https://www.ubereats.com/nyc-suburbs/food-delivery/pizza-cucina/kNe958ZmQceWLhwJsIH63Q,carle-place-new-york,"['Pizza', 'Pasta', 'Salads']",4.5,30,$,40.751116,-73.575077,+15165009434,11590,625 Old Country Rd,Westbury,New York,"[{'@type': 'OpeningHoursSpecification', 'dayOfWeek': ['Monday', 'Tuesday', 'Wednesday', 'Thursday', 'Friday', 'Saturday', 'Sunday'], 'opens': '11:0', 'closes': '22:0'}]","{'@type': 'PostalAddress', 'addressLocality': 'Westbury', 'addressRegion': 'New York', 'postalCode': '11590', 'addressCountry': 'US', 'streetAddress': '625 Old Country Rd'}","{'@type': 'GeoCoordinates', 'latitude': 40.751116, 'longitude': -73.575077}","{'@type': 'AggregateRating', 'ratingValue': 4.5, 'reviewCount': '30'}"
Buffalo's Cafe (Garden City),https://www.ubereats.com/nyc-suburbs/food-delivery/buffalos-cafe-garden-city/U7fBUNsYTm2yKbY7IyeV8Q,carle-place-new-york,"['Wings', 'Chicken', 'American']",,,$,40.7313807,-73.6102197,+15165429464,11530,630 Stewart Avenue,Garden City,NY,"[{'@type': 'OpeningHoursSpecification', 'dayOfWeek': ['Monday', 'Tuesday', 'Wednesday', 'Thursday', 'Friday', 'Saturday', 'Sunday'], 'opens': '10:0', 'closes': '22:0'}]","{'@type': 'PostalAddress', 'addressLocality': 'Garden City', 'addressRegion': 'NY', 'postalCode': '11530', 'addressCountry': 'US', 'streetAddress': '630 Stewart Avenue'}","{'@type': 'GeoCoordinates', 'latitude': 40.7313807, 'longitude': -73.6102197}",{}
Kitchen Kabaret Fine Foods,https://www.ubereats.com/nyc-suburbs/food-delivery/kitchen-kabaret-fine-foods/rkA31IxSSuy3AzNg3AncWA,carle-place-new-york,"['Salad / Sandwiches', 'Pizza', 'Burgers', 'Allergy Friendly']",4.8,67,,40.78534935294701,-73.62310799813564,+15164843320,,,,,"[{'@type': 'OpeningHoursSpecification', 'dayOfWeek': 'Sunday', 'opens': '7:0', 'closes': '18:0'}, {'@type': 'OpeningHoursSpecification', 'dayOfWeek': 'Sunday', 'opens': '8:0', 'closes': '18:0'}, {'@type': 'OpeningHoursSpecification', 'dayOfWeek': 'Sunday', 'opens': '10:0', 'closes': '18:15'}, {'@type': 'OpeningHoursSpecification', 'dayOfWeek': 'Sunday', 'opens': '7:0', 'closes': '14:0'}, {'@type': 'OpeningHoursSpecification', 'dayOfWeek': ['Monday', 'Tuesday', 'Wednesday', 'Thursday', 'Friday'], 'opens': '7:0', 'closes': '18:0'}, {'@type': 'OpeningHoursSpecification', 'dayOfWeek': ['Monday', 'Tuesday', 'Wednesday', 'Thursday', 'Friday'], 'opens': '10:0', 'closes': '18:15'}, {'@type': 'OpeningHoursSpecification', 'dayOfWeek': ['Monday', 'Tuesday', 'Wednesday', 'Thursday', 'Friday'], 'opens': '7:0', 'closes': '14:0'}, {'@type': 'OpeningHoursSpecification', 'dayOfWeek': 'Saturday', 'opens': '7:0', 'closes': '18:0'}, {'@type': 'OpeningHoursSpecification', 'dayOfWeek': 'Saturday', 'opens': '8:0', 'closes': '18:0'}, {'@type': 'OpeningHoursSpecification', 'dayOfWeek': 'Saturday', 'opens': '10:0', 'closes': '18:15'}, {'@type': 'OpeningHoursSpecification', 'dayOfWeek': 'Saturday', 'opens': '7:0', 'closes': '14:0'}]",,"{'@type': 'GeoCoordinates', 'latitude': 40.78534935294701, 'longitude': -73.62310799813564}","{'@type': 'AggregateRating', 'ratingValue': 4.8, 'reviewCount': '67'}"
P&E Market,https://www.ubereats.com/nyc-suburbs/food-delivery/p%26e-market/DzFzBxarTWKP1d7AX-FzOg,carle-place-new-york,"['Comfort Food', 'American', 'Burgers', 'Everyday Essentials', 'Grocery', 'Convenience', 'Snacks', 'Home & Personal Care']",4.8,30,$,40.7623395,-73.56834479999999,+15167901634,11590,853 Prospect Ave,Westbury,NY,"[{'@type': 'OpeningHoursSpecification', 'dayOfWeek': ['Monday', 'Tuesday', 'Wednesday', 'Thursday', 'Friday', 'Saturday', 'Sunday'], 'opens': '7:0', 'closes': '18:0'}]","{'@type': 'PostalAddress', 'addressLocality': 'Westbury', 'addressRegion': 'NY', 'postalCode': '11590', 'addressCountry': 'US', 'streetAddress': '853 Prospect Ave'}","{'@type': 'GeoCoordinates', 'latitude': 40.7623395, 'longitude': -73.56834479999999}","{'@type': 'AggregateRating', 'ratingValue': 4.8, 'reviewCount': '30'}"
,https://www.ubereats.com/nyc-suburbs/food-delivery/sohna-punjab-glen-oaks/SI6TpC8UThyVSQKoxqHd9Q,carle-place-new-york,,,,,,,,,,,,,,,
Pizza Supreme,https://www.ubereats.com/nyc-suburbs/food-delivery/pizza-supreme/7QjNylmTRTKseTzMBamVLw,carle-place-new-york,"['Pizza', 'American', 'Italian']",,,$,40.7317228,-73.6087932,+15162284300,11530,678 Stewart Ave,Garden City,NY,"[{'@type': 'OpeningHoursSpecification', 'dayOfWeek': 'Sunday', 'opens': '11:0', 'closes': '19:0'}, {'@type': 'OpeningHoursSpecification', 'dayOfWeek': 'Sunday', 'opens': '12:0', 'closes': '19:0'}, {'@type': 'OpeningHoursSpecification', 'dayOfWeek': ['Monday', 'Tuesday', 'Wednesday', 'Thursday', 'Friday', 'Saturday'], 'opens': '11:0', 'closes': '19:0'}]","{'@type': 'PostalAddress', 'addressLocality': 'Garden City', 'addressRegion': 'NY', 'postalCode': '11530', 'addressCountry': 'US', 'streetAddress': '678 Stewart Ave'}","{'@type': 'GeoCoordinates', 'latitude': 40.7317228, 'longitude': -73.6087932}",{}
Outback Steakhouse (1067 Old Country Road),https://www.ubereats.com/nyc-suburbs/food-delivery/outback-steakhouse-1067-old-country-road/BeGL2O35Q8qON71YbZbOeA,carle-place-new-york,"['Burgers', 'American', 'Sandwiches', 'Steak', 'Seafood', 'Salads', 'BBQ']",4.4,290,$,40.75616809999999,-73.55650469999999,+15163340518,11590,1067 Old Country Road,Westbury,NY,"[{'@type': 'OpeningHoursSpecification', 'dayOfWeek': 'Sunday', 'opens': '11:0', 'closes': '21:30'}, {'@type': 'OpeningHoursSpecification', 'dayOfWeek': ['Monday', 'Tuesday', 'Wednesday', 'Thursday'], 'opens': '11:0', 'closes': '22:0'}, {'@type': 'OpeningHoursSpecification', 'dayOfWeek': ['Friday', 'Saturday'], 'opens': '11:0', 'closes': '23:0'}]","{'@type': 'PostalAddress', 'addressLocality': 'Westbury', 'addressRegion': 'NY', 'postalCode': '11590', 'addressCountry': 'US', 'streetAddress': '1067 Old Country Road'}","{'@type': 'GeoCoordinates', 'latitude': 40.75616809999999, 'longitude': -73.55650469999999}","{'@type': 'AggregateRating', 'ratingValue': 4.4, 'reviewCount': '290'}"
Ralph's Italian Ices & Ice Cream,https://www.ubereats.com/nyc-suburbs/food-delivery/ralphs-italian-ices-%26-ice-cream/A5_iIOwtRaaVrgAGq0SGLw,carle-place-new-york,"['Burgers', 'American', 'Sandwiches']",4.9,13,$,40.718392,-73.5909966,+19178074240,11553,1192 Hempstead Turnpike,Uniondale,NY,"[{'@type': 'OpeningHoursSpecification', 'dayOfWeek': ['Sunday', 'Monday', 'Tuesday', 'Wednesday', 'Thursday'], 'opens': '12:0', 'closes': '21:0'}, {'@type': 'OpeningHoursSpecification', 'dayOfWeek': ['Friday', 'Saturday'], 'opens': '12:0', 'closes': '22:0'}]","{'@type': 'PostalAddress', 'addressLocality': 'Uniondale', 'addressRegion': 'NY', 'postalCode': '11553', 'addressCountry': 'US', 'streetAddress': '1192 Hempstead Turnpike'}","{'@type': 'GeoCoordinates', 'latitude': 40.718392, 'longitude': -73.5909966}","{'@type': 'AggregateRating', 'ratingValue': 4.9, 'reviewCount': '13'}"
McDonald's® - Syosset (Jericho),https://www.ubereats.com/nyc-suburbs/food-delivery/mcdonalds-syosset-jericho/RcS5JtLDSFK-cmyOL0o_lg,carle-place-new-york,"['American', 'Fast Food', 'Burgers']",4.7,153,$,40.811537,-73.49545,+15169216120,11791,571 Jericho Turnpike,Syosset,NY,"[{'@type': 'OpeningHoursSpecification', 'dayOfWeek': 'Sunday', 'opens': '5:0', 'closes': '11:29'}, {'@type': 'OpeningHoursSpecification', 'dayOfWeek': 'Sunday', 'opens': '11:30', 'closes': '16:59'}, {'@type': 'OpeningHoursSpecification', 'dayOfWeek': 'Sunday', 'opens': '17:0', 'closes': '4:59'}, {'@type': 'OpeningHoursSpecification', 'dayOfWeek': ['Monday', 'Tuesday', 'Wednesday', 'Thursday', 'Friday'], 'opens': '5:0', 'closes': '10:29'}, {'@type': 'OpeningHoursSpecification', 'dayOfWeek': ['Monday', 'Tuesday', 'Wednesday', 'Thursday', 'Friday'], 'opens': '10:30', 'closes': '16:59'}, {'@type': 'OpeningHoursSpecification', 'dayOfWeek': ['Monday', 'Tuesday', 'Wednesday', 'Thursday', 'Friday'], 'opens': '17:0', 'closes': '4:59'}, {'@type': 'OpeningHoursSpecification', 'dayOfWeek': 'Saturday', 'opens': '5:0', 'closes': '10:59'}, {'@type': 'OpeningHoursSpecification', 'dayOfWeek': 'Saturday', 'opens': '11:0', 'closes': '16:59'}, {'@type': 'OpeningHoursSpecification', 'dayOfWeek': 'Saturday', 'opens': '17:0', 'closes': '4:59'}]","{'@type': 'PostalAddress', 'addressLocality': 'Syosset', 'addressRegion': 'NY', 'postalCode': '11791', 'addressCountry': 'US', 'streetAddress': '571 Jericho Turnpike'}","{'@type': 'GeoCoordinates', 'latitude': 40.811537, 'longitude': -73.49545}","{'@type': 'AggregateRating', 'ratingValue': 4.7, 'reviewCount': '153'}"
Dunkin' (420 Newbridge Rd),https://www.ubereats.com/nyc-suburbs/food-delivery/dunkin-420-newbridge-rd/MzJCYO67SdmTXQypOhER8Q,carle-place-new-york,"['Breakfast and Brunch', 'Donuts']",3.9,11,$,40.7480323,-73.5342436,+15169350088,11801,420 Newbridge Rd,Hicksville,NY,"[{'@type': 'OpeningHoursSpecification', 'dayOfWeek': ['Monday', 'Tuesday', 'Wednesday', 'Thursday', 'Friday', 'Saturday', 'Sunday'], 'opens': '5:30', 'closes': '21:30'}]","{'@type': 'PostalAddress', 'addressLocality': 'Hicksville', 'addressRegion': 'NY', 'postalCode': '11801', 'addressCountry': 'US', 'streetAddress': '420 Newbridge Rd'}","{'@type': 'GeoCoordinates', 'latitude': 40.7480323, 'longitude': -73.5342436}","{'@type': 'AggregateRating', 'ratingValue': 3.9, 'reviewCount': '11'}"
Nice N Natural - Mineola,https://www.ubereats.com/nyc-suburbs/food-delivery/nice-n-natural-mineola/SA0pHjcZSn-9_tesycldtg,carle-place-new-york,"['Healthy', 'Juice and Smoothies', 'Sandwich']",,,$$,40.739495,-73.639718,+15168770177,11501,47,Mineola,NY,"[{'@type': 'OpeningHoursSpecification', 'dayOfWeek': ['Monday', 'Tuesday', 'Wednesday', 'Thursday', 'Friday'], 'opens': '9:15', 'closes': '14:25'}]","{'@type': 'PostalAddress', 'addressLocality': 'Mineola', 'addressRegion': 'NY', 'postalCode': '11501', 'addressCountry': 'US', 'streetAddress': '47'}","{'@type': 'GeoCoordinates', 'latitude': 40.739495, 'longitude': -73.639718}",{}
,https://www.ubereats.com/nyc-suburbs/food-delivery/stellas-coffee-shop/_zmno1BvSOScZj5CeRO2lw,carle-place-new-york,,,,,,,,,,,,,,,
Spanky's Food Factory,https://www.ubereats.com/nyc-suburbs/food-delivery/spankys-food-factory/2qa2-PLBTBemIzLTqfsdhg,carle-place-new-york,"['American', 'Comfort Food', 'Wings', 'Sandwich']",4.7,306,$,40.7433966,-73.65718509999999,+15162808440,11040-4724,2458 Jericho Turnpike,Garden City Park,NY,"[{'@type': 'OpeningHoursSpecification', 'dayOfWeek': ['Monday', 'Tuesday', 'Wednesday', 'Thursday', 'Friday', 'Saturday', 'Sunday'], 'opens': '11:0', 'closes': '21:30'}]","{'@type': 'PostalAddress', 'addressLocality': 'Garden City Park', 'addressRegion': 'NY', 'postalCode': '11040-4724', 'addressCountry': 'US', 'streetAddress': '2458 Jericho Turnpike'}","{'@type': 'GeoCoordinates', 'latitude': 40.7433966, 'longitude': -73.65718509999999}","{'@type': 'AggregateRating', 'ratingValue': 4.7, 'reviewCount': '306'}"
Kung Fu Tea (434 Hillside Avenue),https://www.ubereats.com/nyc-suburbs/food-delivery/kung-fu-tea-434-hillside-avenue/TkcHi5K9TNezQYOkJGoJIQ,carle-place-new-york,"['Bubble Tea', 'Coffee and Tea', 'Juice']",4.8,241,$,40.754102,-73.6574,+15167800555,11596,434 Hillside Avenue 434 Hillside Ave,Williston Park,NY,"[{'@type': 'OpeningHoursSpecification', 'dayOfWeek': ['Monday', 'Tuesday', 'Wednesday', 'Thursday', 'Friday', 'Saturday', 'Sunday'], 'opens': '12:0', 'closes': '19:0'}]","{'@type': 'PostalAddress', 'addressLocality': 'Williston Park', 'addressRegion': 'NY', 'postalCode': '11596', 'addressCountry': 'US', 'streetAddress': '434 Hillside Avenue 434 Hillside Ave'}","{'@type': 'GeoCoordinates', 'latitude': 40.754102, 'longitude': -73.6574}","{'@type': 'AggregateRating', 'ratingValue': 4.8, 'reviewCount': '241'}"
New China Restaurant Bethpage,https://www.ubereats.com/nyc-suburbs/food-delivery/new-china-restaurant-bethpage/2E65suuFSoOx0UzIFlvrJA,carle-place-new-york,['Chinese'],4.5,233,$$,40.7243281,-73.4897196,+15167351666,11756,3950 Hempstead Turnpike,Levittown,NY,"[{'@type': 'OpeningHoursSpecification', 'dayOfWeek': 'Sunday', 'opens': '12:0', 'closes': '22:15'}, {'@type': 'OpeningHoursSpecification', 'dayOfWeek': ['Monday', 'Tuesday', 'Wednesday', 'Thursday', 'Friday', 'Saturday'], 'opens': '11:0', 'closes': '22:15'}, {'@type': 'OpeningHoursSpecification', 'dayOfWeek': ['Monday', 'Tuesday', 'Wednesday', 'Thursday', 'Friday', 'Saturday'], 'opens': '11:0', 'closes': '15:30'}]","{'@type': 'PostalAddress', 'addressLocality': 'Levittown', 'addressRegion': 'NY', 'postalCode': '11756', 'addressCountry': 'US', 'streetAddress': '3950 Hempstead Turnpike'}","{'@type': 'GeoCoordinates', 'latitude': 40.7243281, 'longitude': -73.4897196}","{'@type': 'AggregateRating', 'ratingValue': 4.5, 'reviewCount': '233'}"
Taco Bell (1260 Wantagh Avenue),https://www.ubereats.com/nyc-suburbs/food-delivery/taco-bell-1260-wantagh-avenue/zh-9kBGFRDyHBnrwuz2Y_A,carle-place-new-york,"['Burritos', 'Fast Food', 'Mexican']",4.3,445,$,40.6917682,-73.508496,+15167855410,11793,1260,Wantagh,NY,"[{'@type': 'OpeningHoursSpecification', 'dayOfWeek': ['Sunday', 'Monday', 'Tuesday', 'Wednesday', 'Thursday', 'Friday'], 'opens': '14:0', 'closes': '17:0'}, {'@type': 'OpeningHoursSpecification', 'dayOfWeek': ['Sunday', 'Monday', 'Tuesday', 'Wednesday', 'Thursday', 'Friday'], 'opens': '9:0', 'closes': '1:30'}, {'@type': 'OpeningHoursSpecification', 'dayOfWeek': ['Sunday', 'Monday', 'Tuesday', 'Wednesday', 'Thursday', 'Friday'], 'opens': '8:0', 'closes': '10:30'}, {'@type': 'OpeningHoursSpecification', 'dayOfWeek': 'Saturday', 'opens': '14:0', 'closes': '17:0'}, {'@type': 'OpeningHoursSpecification', 'dayOfWeek': 'Saturday', 'opens': '8:0', 'closes': '10:30'}, {'@type': 'OpeningHoursSpecification', 'dayOfWeek': 'Saturday', 'opens': '9:0', 'closes': '0:30'}]","{'@type': 'PostalAddress', 'addressLocality': 'Wantagh', 'addressRegion': 'NY', 'postalCode': '11793', 'addressCountry': 'US', 'streetAddress': '1260'}","{'@type': 'GeoCoordinates', 'latitude': 40.6917682, 'longitude': -73.508496}","{'@type': 'AggregateRating', 'ratingValue': 4.3, 'reviewCount': '445'}"
JN Deli & convenience,https://www.ubereats.com/nyc-suburbs/food-delivery/jn-deli-%26-convenience/qVOfa6CITzSgrObgqpVaJA,carle-place-new-york,"['Gourmet', 'Sandwich', 'Modern European']",,,$,40.725911,-73.482948,+19174202471,11714,4125 Hempstead Turnpike,Bethpage,NY,"[{'@type': 'OpeningHoursSpecification', 'dayOfWeek': 'Sunday', 'opens': '7:0', 'closes': '17:0'}, {'@type': 'OpeningHoursSpecification', 'dayOfWeek': 'Sunday', 'opens': '6:0', 'closes': '11:0'}, {'@type': 'OpeningHoursSpecification', 'dayOfWeek': 'Sunday', 'opens': '7:0', 'closes': '17:0'}, {'@type': 'OpeningHoursSpecification', 'dayOfWeek': ['Monday', 'Tuesday', 'Wednesday', 'Thursday', 'Friday'], 'opens': '5:30', 'closes': '19:30'}, {'@type': 'OpeningHoursSpecification', 'dayOfWeek': ['Monday', 'Tuesday', 'Wednesday', 'Thursday', 'Friday'], 'opens': '6:0', 'closes': '11:0'}, {'@type': 'OpeningHoursSpecification', 'dayOfWeek': ['Monday', 'Tuesday', 'Wednesday', 'Thursday', 'Friday'], 'opens': '5:30', 'closes': '19:30'}, {'@type': 'OpeningHoursSpecification', 'dayOfWeek': 'Saturday', 'opens': '7:0', 'closes': '17:0'}, {'@type': 'OpeningHoursSpecification', 'dayOfWeek': 'Saturday', 'opens': '6:0', 'closes': '11:0'}, {'@type': 'OpeningHoursSpecification', 'dayOfWeek': 'Saturday', 'opens': '7:0', 'closes': '17:0'}]","{'@type': 'PostalAddress', 'addressLocality': 'Bethpage', 'addressRegion': 'NY', 'postalCode': '11714', 'addressCountry': 'US', 'streetAddress': '4125 Hempstead Turnpike'}","{'@type': 'GeoCoordinates', 'latitude': 40.725911, 'longitude': -73.482948}",{}
Rothmann's Steakhouse,https://www.ubereats.com/nyc-suburbs/food-delivery/rothmanns-steakhouse/ZWsnngdHTFeROqTfnuc6kA,carle-place-new-york,"['Steak', 'American', 'Fast Food']",,,$,40.8425794,-73.53373739999999,+15169222500,11732,6319 Northern Blvd,East Norwich,NY,"[{'@type': 'OpeningHoursSpecification', 'dayOfWeek': ['Monday', 'Tuesday', 'Wednesday', 'Thursday', 'Friday', 'Saturday', 'Sunday'], 'opens': '17:0', 'closes': '19:30'}]","{'@type': 'PostalAddress', 'addressLocality': 'East Norwich', 'addressRegion': 'NY', 'postalCode': '11732', 'addressCountry': 'US', 'streetAddress': '6319 Northern Blvd'}","{'@type': 'GeoCoordinates', 'latitude': 40.8425794, 'longitude': -73.53373739999999}",{}
Chick-fil-A  (630 Old Country Road),https://www.ubereats.com/nyc-suburbs/food-delivery/chick-fil-a-630-old-country-road/8nUyweDKTTyx_bOum_abIA,carle-place-new-york,"['American', 'Fried Chicken']",4.2,44,$,40.7381975,-73.61435759999999,+15167433636,11530,630 Old Country Road,Garden City,NY,"[{'@type': 'OpeningHoursSpecification', 'dayOfWeek': ['Monday', 'Tuesday', 'Wednesday', 'Thursday', 'Friday', 'Saturday'], 'opens': '11:0', 'closes': '18:30'}]","{'@type': 'PostalAddress', 'addressLocality': 'Garden City', 'addressRegion': 'NY', 'postalCode': '11530', 'addressCountry': 'US', 'streetAddress': '630 Old Country Road'}","{'@type': 'GeoCoordinates', 'latitude': 40.7381975, 'longitude': -73.61435759999999}","{'@type': 'AggregateRating', 'ratingValue': 4.2, 'reviewCount': '44'}"
T&O Thai And Japanese,https://www.ubereats.com/nyc-suburbs/food-delivery/t%26o-thai-and-japanese/DAZbzDT5Qje1zQyB03POIA,carle-place-new-york,"['Asian Fusion', 'Japanese', 'Thai']",,,$$,40.809467,-73.511459,+15166820688,11791,140 Jericho Turnpike,Syosset,NY,"[{'@type': 'OpeningHoursSpecification', 'dayOfWeek': 'Sunday', 'opens': '12:0', 'closes': '21:30'}, {'@type': 'OpeningHoursSpecification', 'dayOfWeek': 'Sunday', 'opens': '16:30', 'closes': '21:30'}, {'@type': 'OpeningHoursSpecification', 'dayOfWeek': 'Sunday', 'opens': '11:0', 'closes': '14:45'}, {'@type': 'OpeningHoursSpecification', 'dayOfWeek': ['Monday', 'Tuesday', 'Wednesday', 'Thursday'], 'opens': '11:0', 'closes': '14:45'}, {'@type': 'OpeningHoursSpecification', 'dayOfWeek': ['Monday', 'Tuesday', 'Wednesday', 'Thursday'], 'opens': '16:30', 'closes': '21:30'}, {'@type': 'OpeningHoursSpecification', 'dayOfWeek': ['Monday', 'Tuesday', 'Wednesday', 'Thursday'], 'opens': '11:0', 'closes': '14:45'}, {'@type': 'OpeningHoursSpecification', 'dayOfWeek': 'Friday', 'opens': '11:0', 'closes': '14:45'}, {'@type': 'OpeningHoursSpecification', 'dayOfWeek': 'Friday', 'opens': '16:30', 'closes': '22:0'}, {'@type': 'OpeningHoursSpecification', 'dayOfWeek': 'Friday', 'opens': '11:0', 'closes': '14:45'}, {'@type': 'OpeningHoursSpecification', 'dayOfWeek': 'Saturday', 'opens': '12:0', 'closes': '14:45'}, {'@type': 'OpeningHoursSpecification', 'dayOfWeek': 'Saturday', 'opens': '16:30', 'closes': '22:0'}, {'@type': 'OpeningHoursSpecification', 'dayOfWeek': 'Saturday', 'opens': '11:0', 'closes': '14:45'}]","{'@type': 'PostalAddress', 'addressLocality': 'Syosset', 'addressRegion': 'NY', 'postalCode': '11791', 'addressCountry': 'US', 'streetAddress': '140 Jericho Turnpike'}","{'@type': 'GeoCoordinates', 'latitude': 40.809467, 'longitude': -73.511459}",{}
Miso Ramen & Hibachi,https://www.ubereats.com/nyc-suburbs/food-delivery/miso-ramen-%26-hibachi/7YIsO6uCSRi-OtfghcgTCg,carle-place-new-york,"['Ramen', 'Japanese', 'Comfort Food']",,,$,40.7389543,-73.640286,+15167421768,11501,228 Old Country Rd,Mineola,NY,"[{'@type': 'OpeningHoursSpecification', 'dayOfWeek': 'Sunday', 'opens': '13:0', 'closes': '20:30'}, {'@type': 'OpeningHoursSpecification', 'dayOfWeek': ['Tuesday', 'Wednesday', 'Thursday', 'Friday'], 'opens': '11:30', 'closes': '21:0'}, {'@type': 'OpeningHoursSpecification', 'dayOfWeek': ['Tuesday', 'Wednesday', 'Thursday', 'Friday'], 'opens': '11:30', 'closes': '15:0'}, {'@type': 'OpeningHoursSpecification', 'dayOfWeek': ['Tuesday', 'Wednesday', 'Thursday', 'Friday'], 'opens': '11:30', 'closes': '15:0'}, {'@type': 'OpeningHoursSpecification', 'dayOfWeek': 'Saturday', 'opens': '11:30', 'closes': '21:0'}]","{'@type': 'PostalAddress', 'addressLocality': 'Mineola', 'addressRegion': 'NY', 'postalCode': '11501', 'addressCountry': 'US', 'streetAddress': '228 Old Country Rd'}","{'@type': 'GeoCoordinates', 'latitude': 40.7389543, 'longitude': -73.640286}",{}
Five Guys NY-1448 223 Old Country Rd,https://www.ubereats.com/nyc-suburbs/food-delivery/five-guys-ny-1448-223-old-country-rd/vIvH_Ih5TZW7HohPEUcdBw,carle-place-new-york,"['Burgers', 'Comfort Food', 'Traditional American']",4.8,38,$,40.74429,-73.613555,+15164939330,11514,223 Old Country Rd.,Carle Place,NY,"[{'@type': 'OpeningHoursSpecification', 'dayOfWeek': ['Monday', 'Tuesday', 'Wednesday', 'Thursday', 'Friday', 'Saturday', 'Sunday'], 'opens': '11:0', 'closes': '20:0'}]","{'@type': 'PostalAddress', 'addressLocality': 'Carle Place', 'addressRegion': 'NY', 'postalCode': '11514', 'addressCountry': 'US', 'streetAddress': '223 Old Country Rd.'}","{'@type': 'GeoCoordinates', 'latitude': 40.74429, 'longitude': -73.613555}","{'@type': 'AggregateRating', 'ratingValue': 4.8, 'reviewCount': '38'}"
Good food & shake,https://www.ubereats.com/nyc-suburbs/food-delivery/good-food-%26-shake/m5Uq_jhDQQGIZKuoVa5vpA,carle-place-new-york,"['Halal', 'Chicken', 'Middle Eastern']",,,$,40.6744034,-73.5880435,+15166034144,11575,90 Nassau Rd,Roosevelt,NY,"[{'@type': 'OpeningHoursSpecification', 'dayOfWeek': 'Sunday', 'opens': '0:0', 'closes': '4:0'}, {'@type': 'OpeningHoursSpecification', 'dayOfWeek': 'Sunday', 'opens': '8:0', 'closes': '23:59'}, {'@type': 'OpeningHoursSpecification', 'dayOfWeek': 'Monday', 'opens': '0:0', 'closes': '2:0'}, {'@type': 'OpeningHoursSpecification', 'dayOfWeek': 'Monday', 'opens': '6:0', 'closes': '15:0'}, {'@type': 'OpeningHoursSpecification', 'dayOfWeek': ['Tuesday', 'Wednesday', 'Thursday', 'Friday'], 'opens': '6:0', 'closes': '15:0'}, {'@type': 'OpeningHoursSpecification', 'dayOfWeek': 'Saturday', 'opens': '6:0', 'closes': '23:59'}]","{'@type': 'PostalAddress', 'addressLocality': 'Roosevelt', 'addressRegion': 'NY', 'postalCode': '11575', 'addressCountry': 'US', 'streetAddress': '90 Nassau Rd'}","{'@type': 'GeoCoordinates', 'latitude': 40.6744034, 'longitude': -73.5880435}",{}
Singas Pizza,https://www.ubereats.com/nyc-suburbs/food-delivery/singas-pizza/CxNVxp6zTFmJWiMBBKor3A,carle-place-new-york,"['Pizza', 'American', 'Italian']",4.6,25,$,40.757682,-73.5122813,+15169339033,11801,464 S Broadway,Hicksville,NY,"[{'@type': 'OpeningHoursSpecification', 'dayOfWeek': ['Monday', 'Tuesday', 'Wednesday', 'Thursday', 'Friday', 'Saturday', 'Sunday'], 'opens': '11:0', 'closes': '21:30'}]","{'@type': 'PostalAddress', 'addressLocality': 'Hicksville', 'addressRegion': 'NY', 'postalCode': '11801', 'addressCountry': 'US', 'streetAddress': '464 S Broadway'}","{'@type': 'GeoCoordinates', 'latitude': 40.757682, 'longitude': -73.5122813}","{'@type': 'AggregateRating', 'ratingValue': 4.6, 'reviewCount': '25'}"
Subway (5504 Brush Hollow Road),https://www.ubereats.com/nyc-suburbs/food-delivery/subway-5504-brush-hollow-road/iy6XsXoRRM6u9ktM21Gqtw,carle-place-new-york,"['Fast Food', 'Sandwich', 'American']",4.6,12,$,40.777011,-73.5588002,+15163337595,11590,5504 Brush Hollow Rd,Westbury,NY,"[{'@type': 'OpeningHoursSpecification', 'dayOfWeek': 'Sunday', 'opens': '10:30', 'closes': '19:0'}, {'@type': 'OpeningHoursSpecification', 'dayOfWeek': ['Monday', 'Tuesday', 'Wednesday', 'Thursday', 'Friday'], 'opens': '10:0', 'closes': '20:0'}, {'@type': 'OpeningHoursSpecification', 'dayOfWeek': 'Saturday', 'opens': '10:30', 'closes': '20:0'}]","{'@type': 'PostalAddress', 'addressLocality': 'Westbury', 'addressRegion': 'NY', 'postalCode': '11590', 'addressCountry': 'US', 'streetAddress': '5504 Brush Hollow Rd'}","{'@type': 'GeoCoordinates', 'latitude': 40.777011, 'longitude': -73.5588002}","{'@type': 'AggregateRating', 'ratingValue': 4.6, 'reviewCount': '12'}"
Jersey Mike's (2345 Jericho Turnpike),https://www.ubereats.com/nyc-suburbs/food-delivery/jersey-mikes-2345-jericho-turnpike/jbVekLvlQTahuu9rwbueMg,carle-place-new-york,"['Sandwich', 'American', 'Italian']",4.7,181,$,40.741862,-73.66226499999999,+15166191400,11040,2345 Jericho Turnpike,Garden City Park,NY,"[{'@type': 'OpeningHoursSpecification', 'dayOfWeek': ['Monday', 'Tuesday', 'Wednesday', 'Thursday', 'Friday', 'Saturday', 'Sunday'], 'opens': '10:0', 'closes': '20:30'}]","{'@type': 'PostalAddress', 'addressLocality': 'Garden City Park', 'addressRegion': 'NY', 'postalCode': '11040', 'addressCountry': 'US', 'streetAddress': '2345 Jericho Turnpike'}","{'@type': 'GeoCoordinates', 'latitude': 40.741862, 'longitude': -73.66226499999999}","{'@type': 'AggregateRating', 'ratingValue': 4.7, 'reviewCount': '181'}"
209 Applebee's - Farmingdale,https://www.ubereats.com/nyc-suburbs/food-delivery/209-applebees-farmingdale/0Q8X4pkLT9OEvxN7shiL5Q,carle-place-new-york,"['American', 'Burgers', 'Salads', 'Family Meals']",4.4,149,$$,40.7368,-73.4201,+16318455201,11735,200 Airport Plaza Blvd,Farmingdale,New York,"[{'@type': 'OpeningHoursSpecification', 'dayOfWeek': ['Sunday', 'Monday', 'Tuesday', 'Wednesday', 'Thursday'], 'opens': '11:0', 'closes': '23:29'}, {'@type': 'OpeningHoursSpecification', 'dayOfWeek': ['Friday', 'Saturday'], 'opens': '11:0', 'closes': '23:30'}]","{'@type': 'PostalAddress', 'addressLocality': 'Farmingdale', 'addressRegion': 'New York', 'postalCode': '11735', 'addressCountry': 'US', 'streetAddress': '200 Airport Plaza Blvd'}","{'@type': 'GeoCoordinates', 'latitude': 40.7368, 'longitude': -73.4201}","{'@type': 'AggregateRating', 'ratingValue': 4.4, 'reviewCount': '149'}"
Dunkin' (285-291 Glen Street),https://www.ubereats.com/nyc-suburbs/food-delivery/dunkin-285-291-glen-street/kxBWUl90Q0uQu4gPhaRhiQ,carle-place-new-york,"['Breakfast and Brunch', 'Donuts']",4.4,69,$,40.859387,-73.62039899999999,+15166746756,11542,285-291 Glen Street,Glen Cove,NY,"[{'@type': 'OpeningHoursSpecification', 'dayOfWeek': ['Monday', 'Tuesday', 'Wednesday', 'Thursday', 'Friday', 'Saturday', 'Sunday'], 'opens': '5:0', 'closes': '21:0'}]","{'@type': 'PostalAddress', 'addressLocality': 'Glen Cove', 'addressRegion': 'NY', 'postalCode': '11542', 'addressCountry': 'US', 'streetAddress': '285-291 Glen Street'}","{'@type': 'GeoCoordinates', 'latitude': 40.859387, 'longitude': -73.62039899999999}","{'@type': 'AggregateRating', 'ratingValue': 4.4, 'reviewCount': '69'}"
McDonald's® - Uniondale (1050 Front),https://www.ubereats.com/nyc-suburbs/food-delivery/mcdonalds-uniondale-1050-front/UcKgKCyoQyi_dc2zBv-H0g,carle-place-new-york,"['American', 'Fast Food', 'Burgers']",4.6,500,$,40.70934,-73.591151,+15165387390,11553,1050 FRONT ST,UNIONDALE,NY,"[{'@type': 'OpeningHoursSpecification', 'dayOfWeek': 'Sunday', 'opens': '4:0', 'closes': '10:59'}, {'@type': 'OpeningHoursSpecification', 'dayOfWeek': 'Sunday', 'opens': '11:0', 'closes': '16:59'}, {'@type': 'OpeningHoursSpecification', 'dayOfWeek': 'Sunday', 'opens': '17:0', 'closes': '2:14'}, {'@type': 'OpeningHoursSpecification', 'dayOfWeek': 'Monday', 'opens': '6:0', 'closes': '10:59'}, {'@type': 'OpeningHoursSpecification', 'dayOfWeek': 'Monday', 'opens': '11:0', 'closes': '16:59'}, {'@type': 'OpeningHoursSpecification', 'dayOfWeek': 'Monday', 'opens': '17:0', 'closes': '3:59'}, {'@type': 'OpeningHoursSpecification', 'dayOfWeek': ['Tuesday', 'Wednesday', 'Thursday', 'Friday', 'Saturday'], 'opens': '4:0', 'closes': '10:59'}, {'@type': 'OpeningHoursSpecification', 'dayOfWeek': ['Tuesday', 'Wednesday', 'Thursday', 'Friday', 'Saturday'], 'opens': '11:0', 'closes': '16:59'}, {'@type': 'OpeningHoursSpecification', 'dayOfWeek': ['Tuesday', 'Wednesday', 'Thursday', 'Friday', 'Saturday'], 'opens': '17:0', 'closes': '3:59'}]","{'@type': 'PostalAddress', 'addressLocality': 'UNIONDALE', 'addressRegion': 'NY', 'postalCode': '11553', 'addressCountry': 'US', 'streetAddress': '1050 FRONT ST'}","{'@type': 'GeoCoordinates', 'latitude': 40.70934, 'longitude': -73.591151}","{'@type': 'AggregateRating', 'ratingValue': 4.6, 'reviewCount': '500'}"
BBQ Nite - East Meadows,https://www.ubereats.com/nyc-suburbs/food-delivery/bbq-nite-east-meadows/g6i4jJLKRXKJs9Ithfcajg,carle-place-new-york,"['BBQ', 'Middle Eastern', 'Mediterranean']",4.4,24,$,40.725195,-73.559796,+15162805777,11554,2079 Hempstead Turnpike,East Meadow,New York,"[{'@type': 'OpeningHoursSpecification', 'dayOfWeek': ['Monday', 'Tuesday', 'Wednesday', 'Thursday', 'Friday', 'Saturday', 'Sunday'], 'opens': '11:0', 'closes': '21:30'}]","{'@type': 'PostalAddress', 'addressLocality': 'East Meadow', 'addressRegion': 'New York', 'postalCode': '11554', 'addressCountry': 'US', 'streetAddress': '2079 Hempstead Turnpike'}","{'@type': 'GeoCoordinates', 'latitude': 40.725195, 'longitude': -73.559796}","{'@type': 'AggregateRating', 'ratingValue': 4.4, 'reviewCount': '24'}"
Latin Fusion Deli,https://www.ubereats.com/nyc-suburbs/food-delivery/latin-fusion-deli/DQ96ijq5RSaI8wSC7D8iQg,carle-place-new-york,"['Spanish', 'Juice and Smoothies', 'Comfort Food']",,,$$$,40.70798419999999,-73.7137072,+15162332270,,,,,"[{'@type': 'OpeningHoursSpecification', 'dayOfWeek': ['Monday', 'Tuesday', 'Wednesday', 'Thursday', 'Friday', 'Saturday', 'Sunday'], 'opens': '10:0', 'closes': '20:0'}, {'@type': 'OpeningHoursSpecification', 'dayOfWeek': ['Monday', 'Tuesday', 'Wednesday', 'Thursday', 'Friday', 'Saturday', 'Sunday'], 'opens': '10:0', 'closes': '20:0'}]",,"{'@type': 'GeoCoordinates', 'latitude': 40.70798419999999, 'longitude': -73.7137072}",{}
Frangos peri peri ,https://www.ubereats.com/nyc-suburbs/food-delivery/frangos-peri-peri/uGNwHq9DTmeyW07OU3at9Q,carle-place-new-york,"['Modern Australian', 'Steak', 'Chicken', 'Salads']",,,$$,40.7783233,-73.52821540000001,+15163903988,,,,,"[{'@type': 'OpeningHoursSpecification', 'dayOfWeek': ['Monday', 'Tuesday', 'Wednesday', 'Thursday', 'Friday', 'Saturday', 'Sunday'], 'opens': '14:0', 'closes': '21:0'}]",,"{'@type': 'GeoCoordinates', 'latitude': 40.7783233, 'longitude': -73.52821540000001}",{}
Subway (400-A Fulton Ave),https://www.ubereats.com/nyc-suburbs/food-delivery/subway-400-a-fulton-ave/gYzl4kr_Qe6LyLwFawc_sg,carle-place-new-york,"['Fast Food', 'Sandwich', 'American']",4.5,26,$,40.709102,-73.618518,+15165381700,11550,400-A Fulton Ave.,Hempstead,NY,"[{'@type': 'OpeningHoursSpecification', 'dayOfWeek': 'Sunday', 'opens': '11:0', 'closes': '20:30'}, {'@type': 'OpeningHoursSpecification', 'dayOfWeek': ['Monday', 'Tuesday', 'Wednesday', 'Thursday', 'Friday', 'Saturday'], 'opens': '10:0', 'closes': '21:30'}]","{'@type': 'PostalAddress', 'addressLocality': 'Hempstead', 'addressRegion': 'NY', 'postalCode': '11550', 'addressCountry': 'US', 'streetAddress': '400-A Fulton Ave.'}","{'@type': 'GeoCoordinates', 'latitude': 40.709102, 'longitude': -73.618518}","{'@type': 'AggregateRating', 'ratingValue': 4.5, 'reviewCount': '26'}"
Chick-fil-A  (1530 Old Country Rd),https://www.ubereats.com/nyc-suburbs/food-delivery/chick-fil-a-1530-old-country-rd/YJ9r9MX6SZWVNdT_rZt2Lw,carle-place-new-york,"['American', 'Fried Chicken', 'Family Meals']",4.7,198,$,40.7468682,-73.59152569999999,+15162222530,11590,1530 Old Country Rd,Westbury,NY,"[{'@type': 'OpeningHoursSpecification', 'dayOfWeek': ['Monday', 'Tuesday', 'Wednesday', 'Thursday'], 'opens': '11:0', 'closes': '20:30'}, {'@type': 'OpeningHoursSpecification', 'dayOfWeek': ['Friday', 'Saturday'], 'opens': '11:0', 'closes': '21:30'}]","{'@type': 'PostalAddress', 'addressLocality': 'Westbury', 'addressRegion': 'NY', 'postalCode': '11590', 'addressCountry': 'US', 'streetAddress': '1530 Old Country Rd'}","{'@type': 'GeoCoordinates', 'latitude': 40.7468682, 'longitude': -73.59152569999999}","{'@type': 'AggregateRating', 'ratingValue': 4.7, 'reviewCount': '198'}"
270 Deli NY,https://www.ubereats.com/nyc-suburbs/food-delivery/270-deli-ny/N_Ws84ghQXCR0ZMjGuFSVg,carle-place-new-york,"['Deli', 'Sandwich', 'Burgers', 'Salads', 'Family Meals']",4.8,70,$,40.7022581,-73.607801,+15165654996,11550,270 Jerusalem Ave,Hempstead,NY,"[{'@type': 'OpeningHoursSpecification', 'dayOfWeek': 'Sunday', 'opens': '5:0', 'closes': '22:0'}, {'@type': 'OpeningHoursSpecification', 'dayOfWeek': 'Sunday', 'opens': '6:30', 'closes': '15:0'}, {'@type': 'OpeningHoursSpecification', 'dayOfWeek': 'Sunday', 'opens': '5:30', 'closes': '22:0'}, {'@type': 'OpeningHoursSpecification', 'dayOfWeek': 'Sunday', 'opens': '6:0', 'closes': '22:0'}, {'@type': 'OpeningHoursSpecification', 'dayOfWeek': 'Monday', 'opens': '5:0', 'closes': '22:0'}, {'@type': 'OpeningHoursSpecification', 'dayOfWeek': 'Monday', 'opens': '5:30', 'closes': '17:0'}, {'@type': 'OpeningHoursSpecification', 'dayOfWeek': 'Monday', 'opens': '5:30', 'closes': '22:0'}, {'@type': 'OpeningHoursSpecification', 'dayOfWeek': 'Monday', 'opens': '5:20', 'closes': '22:0'}, {'@type': 'OpeningHoursSpecification', 'dayOfWeek': ['Tuesday', 'Wednesday', 'Thursday', 'Friday'], 'opens': '5:0', 'closes': '22:0'}, {'@type': 'OpeningHoursSpecification', 'dayOfWeek': ['Tuesday', 'Wednesday', 'Thursday', 'Friday'], 'opens': '5:30', 'closes': '15:0'}, {'@type': 'OpeningHoursSpecification', 'dayOfWeek': ['Tuesday', 'Wednesday', 'Thursday', 'Friday'], 'opens': '5:30', 'closes': '22:0'}, {'@type': 'OpeningHoursSpecification', 'dayOfWeek': ['Tuesday', 'Wednesday', 'Thursday', 'Friday'], 'opens': '5:20', 'closes': '22:0'}, {'@type': 'OpeningHoursSpecification', 'dayOfWeek': 'Saturday', 'opens': '5:0', 'closes': '22:0'}, {'@type': 'OpeningHoursSpecification', 'dayOfWeek': 'Saturday', 'opens': '5:30', 'closes': '15:0'}, {'@type': 'OpeningHoursSpecification', 'dayOfWeek': 'Saturday', 'opens': '5:30', 'closes': '22:0'}, {'@type': 'OpeningHoursSpecification', 'dayOfWeek': 'Saturday', 'opens': '6:0', 'closes': '22:0'}]","{'@type': 'PostalAddress', 'addressLocality': 'Hempstead', 'addressRegion': 'NY', 'postalCode': '11550', 'addressCountry': 'US', 'streetAddress': '270 Jerusalem Ave'}","{'@type': 'GeoCoordinates', 'latitude': 40.7022581, 'longitude': -73.607801}","{'@type': 'AggregateRating', 'ratingValue': 4.8, 'reviewCount': '70'}"
"Starbucks (Westbury, Old Country Rd)",https://www.ubereats.com/nyc-suburbs/food-delivery/starbucks-westbury-old-country-rd/tqR-_3iKRpSYt2MRBAY-VA,carle-place-new-york,"['Bakery', 'Breakfast and Brunch', 'Cafe', 'Coffee & Tea']",4.7,279,$,40.7563772,-73.5527182,+15163388711,11590,1149 OLD COUNTRY RD,Westbury,NY,"[{'@type': 'OpeningHoursSpecification', 'dayOfWeek': ['Monday', 'Tuesday', 'Wednesday', 'Thursday', 'Friday', 'Saturday', 'Sunday'], 'opens': '6:0', 'closes': '21:0'}]","{'@type': 'PostalAddress', 'addressLocality': 'Westbury', 'addressRegion': 'NY', 'postalCode': '11590', 'addressCountry': 'US', 'streetAddress': '1149 OLD COUNTRY RD'}","{'@type': 'GeoCoordinates', 'latitude': 40.7563772, 'longitude': -73.5527182}","{'@type': 'AggregateRating', 'ratingValue': 4.7, 'reviewCount': '279'}"
El Guapo Tacos & Tequila,https://www.ubereats.com/nyc-suburbs/food-delivery/el-guapo-tacos-%26-tequila/PjUCqcPxT_W42ypl7H4_Uw,carle-place-new-york,"['Mexican', 'Salads', 'Desserts']",4.6,12,,40.7405056,-73.6315098,+15163079905,11501,52 Old Country Rd,Mineola,NY,"[{'@type': 'OpeningHoursSpecification', 'dayOfWeek': 'Sunday', 'opens': '15:0', 'closes': '19:0'}, {'@type': 'OpeningHoursSpecification', 'dayOfWeek': ['Tuesday', 'Wednesday', 'Thursday', 'Friday'], 'opens': '12:0', 'closes': '19:30'}, {'@type': 'OpeningHoursSpecification', 'dayOfWeek': 'Saturday', 'opens': '15:0', 'closes': '19:30'}]","{'@type': 'PostalAddress', 'addressLocality': 'Mineola', 'addressRegion': 'NY', 'postalCode': '11501', 'addressCountry': 'US', 'streetAddress': '52 Old Country Rd'}","{'@type': 'GeoCoordinates', 'latitude': 40.7405056, 'longitude': -73.6315098}","{'@type': 'AggregateRating', 'ratingValue': 4.6, 'reviewCount': '12'}"
,https://www.ubereats.com/nyc-suburbs/food-delivery/sunshine-kebab-and-grill/s6pG7KJIQE2AIUwCCyDXjQ,carle-place-new-york,,,,,,,,,,,,,,,
Jessy's Pastries - Empanadas and Sweets (Westbury),https://www.ubereats.com/nyc-suburbs/food-delivery/jessys-pastries-empanadas-and-sweets-westbury/pKdVr88BSiW-5qb45efA5A,carle-place-new-york,"['American', 'Sandwiches', 'Comfort Food']",4.8,35,$,40.7467074,-73.596379,+15162804220,11590,469 Old Country Rd,Westbury,NY,"[{'@type': 'OpeningHoursSpecification', 'dayOfWeek': 'Sunday', 'opens': '11:0', 'closes': '18:0'}, {'@type': 'OpeningHoursSpecification', 'dayOfWeek': ['Tuesday', 'Wednesday', 'Thursday'], 'opens': '11:0', 'closes': '18:0'}, {'@type': 'OpeningHoursSpecification', 'dayOfWeek': ['Friday', 'Saturday'], 'opens': '11:0', 'closes': '18:30'}]","{'@type': 'PostalAddress', 'addressLocality': 'Westbury', 'addressRegion': 'NY', 'postalCode': '11590', 'addressCountry': 'US', 'streetAddress': '469 Old Country Rd'}","{'@type': 'GeoCoordinates', 'latitude': 40.7467074, 'longitude': -73.596379}","{'@type': 'AggregateRating', 'ratingValue': 4.8, 'reviewCount': '35'}"
Royal Reyes Deli & Grill,https://www.ubereats.com/nyc-suburbs/food-delivery/royal-reyes-deli-%26-grill/Pbh1d_ebTLOzQeWeUKWKQA,carle-place-new-york,"['Spanish', 'Chicken', 'Sandwich']",,,$,40.7515505,-73.5698112,+15162078656,11590,755 Old Country Rd,Westbury,NY,"[{'@type': 'OpeningHoursSpecification', 'dayOfWeek': ['Monday', 'Tuesday', 'Wednesday', 'Thursday', 'Friday', 'Saturday', 'Sunday'], 'opens': '5:0', 'closes': '23:0'}]","{'@type': 'PostalAddress', 'addressLocality': 'Westbury', 'addressRegion': 'NY', 'postalCode': '11590', 'addressCountry': 'US', 'streetAddress': '755 Old Country Rd'}","{'@type': 'GeoCoordinates', 'latitude': 40.7515505, 'longitude': -73.5698112}",{}
Brooklyn Dip and Burger,https://www.ubereats.com/nyc-suburbs/food-delivery/brooklyn-dip-and-burger/63nD0VA7RfSXrZx8gL4rpg,carle-place-new-york,"['American', 'Salads', 'New American']",4.4,49,$,40.71866,-73.56424,+15162228000,11554,1850 Front St,East Meadow,NY,"[{'@type': 'OpeningHoursSpecification', 'dayOfWeek': 'Sunday', 'opens': '13:0', 'closes': '19:30'}, {'@type': 'OpeningHoursSpecification', 'dayOfWeek': ['Tuesday', 'Wednesday', 'Thursday'], 'opens': '11:30', 'closes': '21:0'}, {'@type': 'OpeningHoursSpecification', 'dayOfWeek': 'Friday', 'opens': '11:30', 'closes': '21:30'}, {'@type': 'OpeningHoursSpecification', 'dayOfWeek': 'Saturday', 'opens': '12:0', 'closes': '21:30'}]","{'@type': 'PostalAddress', 'addressLocality': 'East Meadow', 'addressRegion': 'NY', 'postalCode': '11554', 'addressCountry': 'US', 'streetAddress': '1850 Front St'}","{'@type': 'GeoCoordinates', 'latitude': 40.71866, 'longitude': -73.56424}","{'@type': 'AggregateRating', 'ratingValue': 4.4, 'reviewCount': '49'}"
Cafe Centroamericano,https://www.ubereats.com/nyc-suburbs/food-delivery/cafe-centroamericano/g4vLfAnLS52_j3643hRGsw,carle-place-new-york,"['Sandwich', 'Latin American', 'Chicken']",,,$,40.7167872,-73.6211048,+15162140942,11550,363 Clinton St,Hempstead,NY,"[{'@type': 'OpeningHoursSpecification', 'dayOfWeek': ['Monday', 'Tuesday', 'Wednesday', 'Thursday', 'Friday', 'Saturday', 'Sunday'], 'opens': '4:0', 'closes': '22:0'}]","{'@type': 'PostalAddress', 'addressLocality': 'Hempstead', 'addressRegion': 'NY', 'postalCode': '11550', 'addressCountry': 'US', 'streetAddress': '363 Clinton St'}","{'@type': 'GeoCoordinates', 'latitude': 40.7167872, 'longitude': -73.6211048}",{}
"Taglio Pizza - Mineola, NY",https://www.ubereats.com/nyc-suburbs/food-delivery/taglio-pizza-mineola-ny/Jd_P1_vuQdeFcOr5VMC2Kw,carle-place-new-york,"['Italian', 'Pizza', 'Pasta']",,,$,40.741037,-73.640456,+15167410379,11501,85,Mineola,New York,"[{'@type': 'OpeningHoursSpecification', 'dayOfWeek': ['Monday', 'Tuesday', 'Wednesday', 'Thursday', 'Friday', 'Saturday', 'Sunday'], 'opens': '11:0', 'closes': '21:0'}]","{'@type': 'PostalAddress', 'addressLocality': 'Mineola', 'addressRegion': 'New York', 'postalCode': '11501', 'addressCountry': 'US', 'streetAddress': '85'}","{'@type': 'GeoCoordinates', 'latitude': 40.741037, 'longitude': -73.640456}",{}
,https://www.ubereats.com/nyc-suburbs/food-delivery/flavor-of-india/9oSxQj6NRJOSQSqxqBJgYA,carle-place-new-york,,,,,,,,,,,,,,,
ATL Wings,https://www.ubereats.com/nyc-suburbs/food-delivery/atl-wings/5mBIFKScQfOIRVSOT8typQ,carle-place-new-york,"['Wings', 'American', 'BBQ']",4.5,314,$,40.70755,-73.679064,+15167759464,11010,1051 Hempstead Turnpike,Franklin Square,NY,"[{'@type': 'OpeningHoursSpecification', 'dayOfWeek': ['Monday', 'Tuesday', 'Wednesday', 'Thursday', 'Friday'], 'opens': '11:15', 'closes': '20:45'}, {'@type': 'OpeningHoursSpecification', 'dayOfWeek': 'Saturday', 'opens': '11:0', 'closes': '20:45'}]","{'@type': 'PostalAddress', 'addressLocality': 'Franklin Square', 'addressRegion': 'NY', 'postalCode': '11010', 'addressCountry': 'US', 'streetAddress': '1051 Hempstead Turnpike'}","{'@type': 'GeoCoordinates', 'latitude': 40.70755, 'longitude': -73.679064}","{'@type': 'AggregateRating', 'ratingValue': 4.5, 'reviewCount': '314'}"
Guac Shop (Jericho Turnpike),https://www.ubereats.com/nyc-suburbs/food-delivery/guac-shop-jericho-turnpike/5dCHv_-lTgCcsIjAzlE7aA,carle-place-new-york,"['Mexican', 'Latin American', 'New Mexican']",4.3,47,$,40.7769667,-73.5676817,+15162743380,11753,12,Jericho,NY,"[{'@type': 'OpeningHoursSpecification', 'dayOfWeek': ['Monday', 'Tuesday', 'Wednesday', 'Thursday', 'Friday', 'Saturday', 'Sunday'], 'opens': '10:0', 'closes': '20:0'}]","{'@type': 'PostalAddress', 'addressLocality': 'Jericho', 'addressRegion': 'NY', 'postalCode': '11753', 'addressCountry': 'US', 'streetAddress': '12'}","{'@type': 'GeoCoordinates', 'latitude': 40.7769667, 'longitude': -73.5676817}","{'@type': 'AggregateRating', 'ratingValue': 4.3, 'reviewCount': '47'}"
Denny's (371 Old Country Road),https://www.ubereats.com/nyc-suburbs/food-delivery/dennys-371-old-country-road/CYJWxJI_SdSM67csD81wzQ,carle-place-new-york,"['American', 'Breakfast and Brunch', 'Coffee and Tea', 'Diner', 'Desserts', 'Salads', 'Steak', 'Sandwich']",,,$$,40.746002,-73.601462,+15167439222,11514,371 Old Country Road,Carle Place,NY,"[{'@type': 'OpeningHoursSpecification', 'dayOfWeek': ['Monday', 'Tuesday', 'Wednesday', 'Thursday', 'Friday', 'Saturday', 'Sunday'], 'opens': '0:0', 'closes': '23:59'}]","{'@type': 'PostalAddress', 'addressLocality': 'Carle Place', 'addressRegion': 'NY', 'postalCode': '11514', 'addressCountry': 'US', 'streetAddress': '371 Old Country Road'}","{'@type': 'GeoCoordinates', 'latitude': 40.746002, 'longitude': -73.601462}",{}
let there be bagels,https://www.ubereats.com/nyc-suburbs/food-delivery/let-there-be-bagels/VBBxtx6fSUqJxLTO5HUq4w,carle-place-new-york,"['Breakfast and Brunch', 'American', 'Sandwiches']",4.7,70,$,40.82356,-73.681587,+15167548180,,,,,"[{'@type': 'OpeningHoursSpecification', 'dayOfWeek': ['Sunday', 'Monday'], 'opens': '5:0', 'closes': '18:0'}, {'@type': 'OpeningHoursSpecification', 'dayOfWeek': ['Sunday', 'Monday'], 'opens': '5:30', 'closes': '13:0'}, {'@type': 'OpeningHoursSpecification', 'dayOfWeek': ['Tuesday', 'Wednesday', 'Thursday', 'Friday'], 'opens': '5:0', 'closes': '18:0'}, {'@type': 'OpeningHoursSpecification', 'dayOfWeek': ['Tuesday', 'Wednesday', 'Thursday', 'Friday'], 'opens': '5:30', 'closes': '12:0'}, {'@type': 'OpeningHoursSpecification', 'dayOfWeek': ['Tuesday', 'Wednesday', 'Thursday', 'Friday'], 'opens': '5:30', 'closes': '13:0'}, {'@type': 'OpeningHoursSpecification', 'dayOfWeek': 'Saturday', 'opens': '5:0', 'closes': '18:0'}, {'@type': 'OpeningHoursSpecification', 'dayOfWeek': 'Saturday', 'opens': '5:30', 'closes': '13:0'}]",,"{'@type': 'GeoCoordinates', 'latitude': 40.82356, 'longitude': -73.681587}","{'@type': 'AggregateRating', 'ratingValue': 4.7, 'reviewCount': '70'}"
Dominican Restaurant,https://www.ubereats.com/nyc-suburbs/food-delivery/dominican-restaurant/V3r3dJL2TLWsqRic_yaikg,carle-place-new-york,"['Chicken', 'Salads', 'American', 'Family Meals']",4.1,19,$$,40.709728,-73.592583,+15163042445,11553,1019 Front St,Uniondale,NY,"[{'@type': 'OpeningHoursSpecification', 'dayOfWeek': ['Monday', 'Tuesday', 'Wednesday', 'Thursday', 'Friday', 'Saturday', 'Sunday'], 'opens': '11:30', 'closes': '19:0'}, {'@type': 'OpeningHoursSpecification', 'dayOfWeek': ['Monday', 'Tuesday', 'Wednesday', 'Thursday', 'Friday', 'Saturday', 'Sunday'], 'opens': '11:30', 'closes': '19:0'}]","{'@type': 'PostalAddress', 'addressLocality': 'Uniondale', 'addressRegion': 'NY', 'postalCode': '11553', 'addressCountry': 'US', 'streetAddress': '1019 Front St'}","{'@type': 'GeoCoordinates', 'latitude': 40.709728, 'longitude': -73.592583}","{'@type': 'AggregateRating', 'ratingValue': 4.1, 'reviewCount': '19'}"
Taquitos Grill,https://www.ubereats.com/nyc-suburbs/food-delivery/taquitos-grill/WyG_A2f8T7emkggu0tqiJA,carle-place-new-york,"['Mexican', 'Latin American', 'New Mexican']",4.7,21,$,40.6764432,-73.5576299,+15167710110,,,,,"[{'@type': 'OpeningHoursSpecification', 'dayOfWeek': ['Monday', 'Tuesday', 'Wednesday', 'Thursday', 'Friday', 'Saturday'], 'opens': '11:45', 'closes': '19:30'}]",,"{'@type': 'GeoCoordinates', 'latitude': 40.6764432, 'longitude': -73.5576299}","{'@type': 'AggregateRating', 'ratingValue': 4.7, 'reviewCount': '21'}"
Vinoco Mineola,https://www.ubereats.com/nyc-suburbs/food-delivery/vinoco-mineola/KhtcVzS5QTqCc1UMTRfApw,carle-place-new-york,"['Spanish', 'Seafood', 'Mediterranean', 'Salads', 'Pizza']",,,$,40.7429236,-73.6410999,+15163078055,11501,147,Mineola,NY,"[{'@type': 'OpeningHoursSpecification', 'dayOfWeek': 'Sunday', 'opens': '15:0', 'closes': '21:0'}, {'@type': 'OpeningHoursSpecification', 'dayOfWeek': ['Tuesday', 'Wednesday', 'Thursday', 'Friday', 'Saturday'], 'opens': '16:0', 'closes': '22:0'}]","{'@type': 'PostalAddress', 'addressLocality': 'Mineola', 'addressRegion': 'NY', 'postalCode': '11501', 'addressCountry': 'US', 'streetAddress': '147'}","{'@type': 'GeoCoordinates', 'latitude': 40.7429236, 'longitude': -73.6410999}",{}
,https://www.ubereats.com/new-york/food-delivery/yeas-kitchen/cLErE4heTLGI8_592QZV2w,carle-place-new-york,,,,,,,,,,,,,,,
Juice Box Cafe,https://www.ubereats.com/nyc-suburbs/food-delivery/juice-box-cafe/Z-kF59ReTReUe2UbVkk7tA,carle-place-new-york,"['Juice & Smoothies', 'Mexican', 'Latin American']",,,$$,40.7605,-73.5877,+15163344200,11590,324 Post Ave,Westbury,New York,"[{'@type': 'OpeningHoursSpecification', 'dayOfWeek': ['Monday', 'Tuesday', 'Wednesday', 'Thursday', 'Friday', 'Saturday'], 'opens': '8:30', 'closes': '12:0'}, {'@type': 'OpeningHoursSpecification', 'dayOfWeek': ['Monday', 'Tuesday', 'Wednesday', 'Thursday', 'Friday', 'Saturday'], 'opens': '8:30', 'closes': '20:0'}]","{'@type': 'PostalAddress', 'addressLocality': 'Westbury', 'addressRegion': 'New York', 'postalCode': '11590', 'addressCountry': 'US', 'streetAddress': '324 Post Ave'}","{'@type': 'GeoCoordinates', 'latitude': 40.7605, 'longitude': -73.5877}",{}
K. Pacho - Mexican Restaurant,https://www.ubereats.com/nyc-suburbs/food-delivery/k-pacho-mexican-restaurant/w0qQtQt3RJesxq9w7UDIeA,carle-place-new-york,"['Mexican', 'Latin American', 'Family Meals']",4.2,83,$,40.7529979,-73.69947049999999,+15162257218,11040,1270 Union Tpke,New Hyde Park,NY,"[{'@type': 'OpeningHoursSpecification', 'dayOfWeek': 'Sunday', 'opens': '12:0', 'closes': '20:45'}, {'@type': 'OpeningHoursSpecification', 'dayOfWeek': ['Tuesday', 'Wednesday', 'Thursday', 'Friday', 'Saturday'], 'opens': '12:0', 'closes': '20:45'}]","{'@type': 'PostalAddress', 'addressLocality': 'New Hyde Park', 'addressRegion': 'NY', 'postalCode': '11040', 'addressCountry': 'US', 'streetAddress': '1270 Union Tpke'}","{'@type': 'GeoCoordinates', 'latitude': 40.7529979, 'longitude': -73.69947049999999}","{'@type': 'AggregateRating', 'ratingValue': 4.2, 'reviewCount': '83'}"
Bolla Gourmet Deli Mineola,https://www.ubereats.com/nyc-suburbs/food-delivery/bolla-gourmet-deli-mineola/wMTGJNAyQfaMyBbD6ns99g,carle-place-new-york,"['Burgers', 'American', 'Sandwiches']",,,$,40.7450745,-73.6532304,+15162804516,,,,,"[{'@type': 'OpeningHoursSpecification', 'dayOfWeek': ['Monday', 'Tuesday', 'Wednesday', 'Thursday', 'Friday', 'Saturday'], 'opens': '6:0', 'closes': '14:0'}]",,"{'@type': 'GeoCoordinates', 'latitude': 40.7450745, 'longitude': -73.6532304}",{}
Heritage of India,https://www.ubereats.com/nyc-suburbs/food-delivery/heritage-of-india/tqSXr1j9TfCm_al24l0lAw,carle-place-new-york,"['Indian', 'Breakfast and Brunch', 'Salads']",,,$$,40.750924,-73.676112,+15163529305,11040,2024 Hillside Avenue,North New Hyde Park,NY,"[{'@type': 'OpeningHoursSpecification', 'dayOfWeek': 'Sunday', 'opens': '12:0', 'closes': '15:0'}, {'@type': 'OpeningHoursSpecification', 'dayOfWeek': 'Sunday', 'opens': '17:0', 'closes': '22:0'}, {'@type': 'OpeningHoursSpecification', 'dayOfWeek': ['Tuesday', 'Wednesday', 'Thursday', 'Friday', 'Saturday'], 'opens': '12:0', 'closes': '15:0'}, {'@type': 'OpeningHoursSpecification', 'dayOfWeek': ['Tuesday', 'Wednesday', 'Thursday', 'Friday', 'Saturday'], 'opens': '17:0', 'closes': '22:0'}]","{'@type': 'PostalAddress', 'addressLocality': 'North New Hyde Park', 'addressRegion': 'NY', 'postalCode': '11040', 'addressCountry': 'US', 'streetAddress': '2024 Hillside Avenue'}","{'@type': 'GeoCoordinates', 'latitude': 40.750924, 'longitude': -73.676112}",{}
Starbucks (Stewart Ave at Garden City),https://www.ubereats.com/nyc-suburbs/food-delivery/starbucks-stewart-ave-at-garden-city/ldRTUYACRRKaH486NSd8mQ,carle-place-new-york,"['Bakery', 'Breakfast and Brunch', 'Cafe', 'Coffee & Tea']",4.8,162,$,40.7321023,-73.6124473,+15166831537,11530,581,Garden City,NY,"[{'@type': 'OpeningHoursSpecification', 'dayOfWeek': 'Sunday', 'opens': '6:30', 'closes': '20:0'}, {'@type': 'OpeningHoursSpecification', 'dayOfWeek': ['Monday', 'Tuesday', 'Wednesday', 'Thursday', 'Friday'], 'opens': '6:0', 'closes': '20:0'}, {'@type': 'OpeningHoursSpecification', 'dayOfWeek': 'Saturday', 'opens': '6:30', 'closes': '20:0'}]","{'@type': 'PostalAddress', 'addressLocality': 'Garden City', 'addressRegion': 'NY', 'postalCode': '11530', 'addressCountry': 'US', 'streetAddress': '581'}","{'@type': 'GeoCoordinates', 'latitude': 40.7321023, 'longitude': -73.6124473}","{'@type': 'AggregateRating', 'ratingValue': 4.8, 'reviewCount': '162'}"
Carvel (2445 Jericho Turnpike),https://www.ubereats.com/nyc-suburbs/food-delivery/carvel-2445-jericho-turnpike/ddb-A-LJTGqhsbD6Ew4g5g,carle-place-new-york,"['Ice Cream and Frozen Yogurt', 'Desserts', 'Cupcakes']",,,$,40.7436381,-73.6595998,+15167393355,11040,2445 Jericho Turnpike,New Hyde Park,NY,"[{'@type': 'OpeningHoursSpecification', 'dayOfWeek': ['Monday', 'Tuesday', 'Wednesday', 'Thursday', 'Friday', 'Saturday', 'Sunday'], 'opens': '11:5', 'closes': '7:55'}]","{'@type': 'PostalAddress', 'addressLocality': 'New Hyde Park', 'addressRegion': 'NY', 'postalCode': '11040', 'addressCountry': 'US', 'streetAddress': '2445 Jericho Turnpike'}","{'@type': 'GeoCoordinates', 'latitude': 40.7436381, 'longitude': -73.6595998}",{}
Dunkin' (2458 Jericho Tpke),https://www.ubereats.com/nyc-suburbs/food-delivery/dunkin-2458-jericho-tpke/vvbCdsPZTuimv7y9NueBtg,carle-place-new-york,"['Breakfast and Brunch', 'Donuts']",4.4,16,$,40.7433966,-73.65718509999999,+15162486207,11040,2458 Jericho Tpke,Garden City Park,NY,"[{'@type': 'OpeningHoursSpecification', 'dayOfWeek': 'Sunday', 'opens': '8:30', 'closes': '21:30'}, {'@type': 'OpeningHoursSpecification', 'dayOfWeek': ['Monday', 'Tuesday', 'Wednesday', 'Thursday', 'Friday', 'Saturday'], 'opens': '5:30', 'closes': '21:29'}]","{'@type': 'PostalAddress', 'addressLocality': 'Garden City Park', 'addressRegion': 'NY', 'postalCode': '11040', 'addressCountry': 'US', 'streetAddress': '2458 Jericho Tpke'}","{'@type': 'GeoCoordinates', 'latitude': 40.7433966, 'longitude': -73.65718509999999}","{'@type': 'AggregateRating', 'ratingValue': 4.4, 'reviewCount': '16'}"
Go Greek,https://www.ubereats.com/nyc-suburbs/food-delivery/go-greek/s2BdvFHvTGalIzrRmqYCRA,carle-place-new-york,"['Greek', 'Mediterranean']",4.4,47,$$,40.72496,-73.634494,+15167462222,11530,180 7th St,Garden City,NY,"[{'@type': 'OpeningHoursSpecification', 'dayOfWeek': 'Sunday', 'opens': '11:30', 'closes': '18:53'}, {'@type': 'OpeningHoursSpecification', 'dayOfWeek': ['Monday', 'Tuesday', 'Wednesday', 'Thursday'], 'opens': '10:45', 'closes': '19:45'}, {'@type': 'OpeningHoursSpecification', 'dayOfWeek': ['Friday', 'Saturday'], 'opens': '10:45', 'closes': '20:45'}]","{'@type': 'PostalAddress', 'addressLocality': 'Garden City', 'addressRegion': 'NY', 'postalCode': '11530', 'addressCountry': 'US', 'streetAddress': '180 7th St'}","{'@type': 'GeoCoordinates', 'latitude': 40.72496, 'longitude': -73.634494}","{'@type': 'AggregateRating', 'ratingValue': 4.4, 'reviewCount': '47'}"
Chipotle Mexican Grill (2312 Hempstead Tpke),https://www.ubereats.com/nyc-suburbs/food-delivery/chipotle-mexican-grill-2312-hempstead-tpke/2YK5NciNRfOzS237eqDPvw,carle-place-new-york,"['Healthy', 'Mexican']",4.7,132,$,40.72460969999999,-73.5505211,+15167960460,11554,2312 Hempstead Tpke,East Meadow,NY,"[{'@type': 'OpeningHoursSpecification', 'dayOfWeek': 'Sunday', 'opens': '10:45', 'closes': '19:40'}, {'@type': 'OpeningHoursSpecification', 'dayOfWeek': ['Monday', 'Tuesday', 'Wednesday', 'Thursday', 'Friday', 'Saturday'], 'opens': '10:45', 'closes': '21:40'}]","{'@type': 'PostalAddress', 'addressLocality': 'East Meadow', 'addressRegion': 'NY', 'postalCode': '11554', 'addressCountry': 'US', 'streetAddress': '2312 Hempstead Tpke'}","{'@type': 'GeoCoordinates', 'latitude': 40.72460969999999, 'longitude': -73.5505211}","{'@type': 'AggregateRating', 'ratingValue': 4.7, 'reviewCount': '132'}"
Taco Bell (570 Sunrise Highway),https://www.ubereats.com/nyc-suburbs/food-delivery/taco-bell-570-sunrise-highway/z0PzOztzQAO7Cdb9HaT1dQ,carle-place-new-york,"['Burritos', 'Fast Food', 'Mexican']",4.4,393,$,40.6568663,-73.6314068,+15166781502,11570,570 Sunrise Highway,Rockville Centre,NY,"[{'@type': 'OpeningHoursSpecification', 'dayOfWeek': ['Monday', 'Tuesday', 'Wednesday', 'Thursday', 'Friday', 'Saturday', 'Sunday'], 'opens': '14:0', 'closes': '17:0'}, {'@type': 'OpeningHoursSpecification', 'dayOfWeek': ['Monday', 'Tuesday', 'Wednesday', 'Thursday', 'Friday', 'Saturday', 'Sunday'], 'opens': '9:0', 'closes': '1:30'}, {'@type': 'OpeningHoursSpecification', 'dayOfWeek': ['Monday', 'Tuesday', 'Wednesday', 'Thursday', 'Friday', 'Saturday', 'Sunday'], 'opens': '8:0', 'closes': '10:30'}]","{'@type': 'PostalAddress', 'addressLocality': 'Rockville Centre', 'addressRegion': 'NY', 'postalCode': '11570', 'addressCountry': 'US', 'streetAddress': '570 Sunrise Highway'}","{'@type': 'GeoCoordinates', 'latitude': 40.6568663, 'longitude': -73.6314068}","{'@type': 'AggregateRating', 'ratingValue': 4.4, 'reviewCount': '393'}"
Juice Generation - Long Island,https://www.ubereats.com/nyc-suburbs/food-delivery/juice-generation-long-island/QR5cpnw0QamwfAG03vackA,carle-place-new-york,"['Juice and Smoothies', 'Healthy', 'Gluten Free Friendly', 'Vegan']",,,$,40.7377313,-73.61312319999999,+12126611300,11530,630 Old Country Road,Garden City,NY,"[{'@type': 'OpeningHoursSpecification', 'dayOfWeek': 'Sunday', 'opens': '12:0', 'closes': '17:0'}, {'@type': 'OpeningHoursSpecification', 'dayOfWeek': ['Monday', 'Tuesday', 'Wednesday', 'Thursday', 'Friday', 'Saturday'], 'opens': '11:0', 'closes': '18:0'}]","{'@type': 'PostalAddress', 'addressLocality': 'Garden City', 'addressRegion': 'NY', 'postalCode': '11530', 'addressCountry': 'US', 'streetAddress': '630 Old Country Road'}","{'@type': 'GeoCoordinates', 'latitude': 40.7377313, 'longitude': -73.61312319999999}",{}
Cielito Lindo,https://www.ubereats.com/nyc-suburbs/food-delivery/cielito-lindo/IAUqTwVdTjKhLJPOJh-2xQ,carle-place-new-york,"['Mexican', 'Latin American', 'New Mexican']",,,$,40.7321418,-73.68891479999999,+15163525290,11040,443 Jericho Turnpike,New Hyde Park,NY,"[{'@type': 'OpeningHoursSpecification', 'dayOfWeek': ['Monday', 'Tuesday', 'Wednesday', 'Thursday', 'Friday', 'Saturday', 'Sunday'], 'opens': '6:0', 'closes': '20:0'}]","{'@type': 'PostalAddress', 'addressLocality': 'New Hyde Park', 'addressRegion': 'NY', 'postalCode': '11040', 'addressCountry': 'US', 'streetAddress': '443 Jericho Turnpike'}","{'@type': 'GeoCoordinates', 'latitude': 40.7321418, 'longitude': -73.68891479999999}",{}
Burger Bite,https://www.ubereats.com/nyc-suburbs/food-delivery/burger-bite/YIj_deHPSmGBUM4FP2Jmnw,carle-place-new-york,"['Burgers', 'American', 'Sandwiches']",4.7,153,$,40.7068258,-73.66274969999999,+15162923777,11552,616 Hempstead Tpke,West Hempstead,NY,"[{'@type': 'OpeningHoursSpecification', 'dayOfWeek': 'Sunday', 'opens': '12:0', 'closes': '19:40'}, {'@type': 'OpeningHoursSpecification', 'dayOfWeek': ['Monday', 'Tuesday', 'Wednesday'], 'opens': '11:30', 'closes': '20:40'}, {'@type': 'OpeningHoursSpecification', 'dayOfWeek': ['Thursday', 'Friday', 'Saturday'], 'opens': '11:30', 'closes': '21:10'}]","{'@type': 'PostalAddress', 'addressLocality': 'West Hempstead', 'addressRegion': 'NY', 'postalCode': '11552', 'addressCountry': 'US', 'streetAddress': '616 Hempstead Tpke'}","{'@type': 'GeoCoordinates', 'latitude': 40.7068258, 'longitude': -73.66274969999999}","{'@type': 'AggregateRating', 'ratingValue': 4.7, 'reviewCount': '153'}"
Bolla Gourmet Deli's,https://www.ubereats.com/nyc-suburbs/food-delivery/bolla-gourmet-delis/8r0AolVVRHy1occvSDBmHg,carle-place-new-york,"['Gourmet', 'Comfort Food', 'European', 'Italian']",,,$,40.7334656,-73.604837,+15167944546,,,,,"[{'@type': 'OpeningHoursSpecification', 'dayOfWeek': ['Monday', 'Tuesday', 'Wednesday', 'Thursday', 'Friday', 'Saturday'], 'opens': '7:0', 'closes': '14:0'}]",,"{'@type': 'GeoCoordinates', 'latitude': 40.7334656, 'longitude': -73.604837}",{}
Lin garden,https://www.ubereats.com/nyc-suburbs/food-delivery/lin-garden/NIOqjy6NTiGcn5UKLIEACQ,carle-place-new-york,"['Chinese', 'Asian']",4.6,127,$,40.7587398,-73.5876844,+19172929610,11590,282 Post Ave,Westbury,NY,"[{'@type': 'OpeningHoursSpecification', 'dayOfWeek': 'Sunday', 'opens': '12:15', 'closes': '21:45'}, {'@type': 'OpeningHoursSpecification', 'dayOfWeek': ['Monday', 'Tuesday', 'Wednesday', 'Thursday'], 'opens': '11:20', 'closes': '22:15'}, {'@type': 'OpeningHoursSpecification', 'dayOfWeek': ['Monday', 'Tuesday', 'Wednesday', 'Thursday'], 'opens': '11:20', 'closes': '15:30'}, {'@type': 'OpeningHoursSpecification', 'dayOfWeek': ['Friday', 'Saturday'], 'opens': '11:15', 'closes': '22:45'}, {'@type': 'OpeningHoursSpecification', 'dayOfWeek': ['Friday', 'Saturday'], 'opens': '11:20', 'closes': '15:30'}]","{'@type': 'PostalAddress', 'addressLocality': 'Westbury', 'addressRegion': 'NY', 'postalCode': '11590', 'addressCountry': 'US', 'streetAddress': '282 Post Ave'}","{'@type': 'GeoCoordinates', 'latitude': 40.7587398, 'longitude': -73.5876844}","{'@type': 'AggregateRating', 'ratingValue': 4.6, 'reviewCount': '127'}"
,https://www.ubereats.com/nyc-suburbs/food-delivery/yasaiya-shabu-shabu/Po2rMFrVSSKe2-P54f1eSQ,carle-place-new-york,,,,,,,,,,,,,,,
Wonder Pizza (Peninsula Blvd),https://www.ubereats.com/nyc-suburbs/food-delivery/wonder-pizza-peninsula-blvd/h9JP4zxxR6myrp0gOJQWlQ,carle-place-new-york,"['Pizza', 'American', 'Italian']",,,$,40.702307,-73.6258874,+15167439386,11550,391 Peninsula Blvd,Hempstead,NY,"[{'@type': 'OpeningHoursSpecification', 'dayOfWeek': 'Sunday', 'opens': '9:0', 'closes': '21:1'}, {'@type': 'OpeningHoursSpecification', 'dayOfWeek': 'Sunday', 'opens': '9:0', 'closes': '21:0'}, {'@type': 'OpeningHoursSpecification', 'dayOfWeek': 'Sunday', 'opens': '11:0', 'closes': '21:0'}, {'@type': 'OpeningHoursSpecification', 'dayOfWeek': ['Monday', 'Tuesday', 'Wednesday', 'Thursday'], 'opens': '11:0', 'closes': '21:0'}, {'@type': 'OpeningHoursSpecification', 'dayOfWeek': 'Saturday', 'opens': '9:0', 'closes': '21:1'}, {'@type': 'OpeningHoursSpecification', 'dayOfWeek': 'Saturday', 'opens': '9:0', 'closes': '21:0'}]","{'@type': 'PostalAddress', 'addressLocality': 'Hempstead', 'addressRegion': 'NY', 'postalCode': '11550', 'addressCountry': 'US', 'streetAddress': '391 Peninsula Blvd'}","{'@type': 'GeoCoordinates', 'latitude': 40.702307, 'longitude': -73.6258874}",{}
Taste of India,https://www.ubereats.com/nyc-suburbs/food-delivery/taste-of-india/9jHj6qS-Sh-e4Yf7k7MRqg,carle-place-new-york,"['Indian', 'Vegetarian', 'Asian']",,,$,40.7382052,-73.612927,+15162031147,11530,630 Old Country Rd #FB02,Garden City,NY,"[{'@type': 'OpeningHoursSpecification', 'dayOfWeek': 'Sunday', 'opens': '12:0', 'closes': '18:0'}, {'@type': 'OpeningHoursSpecification', 'dayOfWeek': 'Sunday', 'opens': '0:0', 'closes': '18:30'}, {'@type': 'OpeningHoursSpecification', 'dayOfWeek': ['Monday', 'Tuesday', 'Wednesday', 'Thursday', 'Friday', 'Saturday'], 'opens': '12:0', 'closes': '18:0'}]","{'@type': 'PostalAddress', 'addressLocality': 'Garden City', 'addressRegion': 'NY', 'postalCode': '11530', 'addressCountry': 'US', 'streetAddress': '630 Old Country Rd #FB02'}","{'@type': 'GeoCoordinates', 'latitude': 40.7382052, 'longitude': -73.612927}",{}
sea cliff bagel cafe,https://www.ubereats.com/nyc-suburbs/food-delivery/sea-cliff-bagel-cafe/1A6BHngAT9ysstusbCqsuQ,carle-place-new-york,"['American', 'Breakfast and Brunch', 'Desserts']",,,$,40.8380373,-73.63340749999999,+19179024883,11579,478 Glen Cove Ave,Sea Cliff,NY,"[{'@type': 'OpeningHoursSpecification', 'dayOfWeek': ['Monday', 'Tuesday', 'Wednesday', 'Thursday', 'Friday', 'Saturday', 'Sunday'], 'opens': '6:0', 'closes': '14:30'}]","{'@type': 'PostalAddress', 'addressLocality': 'Sea Cliff', 'addressRegion': 'NY', 'postalCode': '11579', 'addressCountry': 'US', 'streetAddress': '478 Glen Cove Ave'}","{'@type': 'GeoCoordinates', 'latitude': 40.8380373, 'longitude': -73.63340749999999}",{}
Golden City 1,https://www.ubereats.com/nyc-suburbs/food-delivery/golden-city-1/QhKoBHQcS4ur9kJxSouacg,carle-place-new-york,"['Chinese', 'Asian', 'Asian Fusion']",,,$,40.6666964,-73.5869273,+13606959569,,,,,"[{'@type': 'OpeningHoursSpecification', 'dayOfWeek': 'Sunday', 'opens': '12:0', 'closes': '22:0'}, {'@type': 'OpeningHoursSpecification', 'dayOfWeek': 'Sunday', 'opens': '11:30', 'closes': '15:0'}, {'@type': 'OpeningHoursSpecification', 'dayOfWeek': 'Monday', 'opens': '11:30', 'closes': '15:0'}, {'@type': 'OpeningHoursSpecification', 'dayOfWeek': ['Tuesday', 'Wednesday', 'Thursday'], 'opens': '11:0', 'closes': '22:0'}, {'@type': 'OpeningHoursSpecification', 'dayOfWeek': ['Tuesday', 'Wednesday', 'Thursday'], 'opens': '11:30', 'closes': '15:0'}, {'@type': 'OpeningHoursSpecification', 'dayOfWeek': ['Friday', 'Saturday'], 'opens': '11:0', 'closes': '22:30'}, {'@type': 'OpeningHoursSpecification', 'dayOfWeek': ['Friday', 'Saturday'], 'opens': '11:30', 'closes': '15:0'}]",,"{'@type': 'GeoCoordinates', 'latitude': 40.6666964, 'longitude': -73.5869273}",{}
Nana's Cafe & Desserts,https://www.ubereats.com/nyc-suburbs/food-delivery/nanas-cafe-%26-desserts/63W1JheeQaiCc7GK5K1cNw,carle-place-new-york,"['Ice Cream and Frozen Yogurt', 'Cafe', 'Bubble Tea', 'Desserts']",,,$$,40.756884,-73.588119,+15163386888,11590,225a Post Ave,Westbury,NY,"[{'@type': 'OpeningHoursSpecification', 'dayOfWeek': ['Sunday', 'Monday', 'Tuesday', 'Wednesday', 'Thursday'], 'opens': '12:0', 'closes': '20:0'}, {'@type': 'OpeningHoursSpecification', 'dayOfWeek': ['Friday', 'Saturday'], 'opens': '12:0', 'closes': '20:30'}]","{'@type': 'PostalAddress', 'addressLocality': 'Westbury', 'addressRegion': 'NY', 'postalCode': '11590', 'addressCountry': 'US', 'streetAddress': '225a Post Ave'}","{'@type': 'GeoCoordinates', 'latitude': 40.756884, 'longitude': -73.588119}",{}
,https://www.ubereats.com/nyc-suburbs/food-delivery/singas-famous-pizza-north-new-hyde-park-hillside-ave/9C31hn_nSkOFt5qWr09jjw,carle-place-new-york,,,,,,,,,,,,,,,
Il Villagio,https://www.ubereats.com/nyc-suburbs/food-delivery/il-villagio/m1i9Ms0zQ36y1Nj0YQ6CoA,carle-place-new-york,"['Italian', 'Pasta', 'Comfort Food']",,,$,40.6776057,-73.6672564,+15167926336,11565,366 Hempstead Ave,Malverne,NY,"[{'@type': 'OpeningHoursSpecification', 'dayOfWeek': 'Sunday', 'opens': '15:0', 'closes': '20:0'}, {'@type': 'OpeningHoursSpecification', 'dayOfWeek': ['Tuesday', 'Wednesday', 'Thursday', 'Friday', 'Saturday'], 'opens': '15:0', 'closes': '20:0'}]","{'@type': 'PostalAddress', 'addressLocality': 'Malverne', 'addressRegion': 'NY', 'postalCode': '11565', 'addressCountry': 'US', 'streetAddress': '366 Hempstead Ave'}","{'@type': 'GeoCoordinates', 'latitude': 40.6776057, 'longitude': -73.6672564}",{}
Apollo Diner,https://www.ubereats.com/nyc-suburbs/food-delivery/apollo-diner/tk8OYvx6Qyi_vyrp8Dcomw,carle-place-new-york,"['Burgers', 'Sandwiches', 'Diner', 'Breakfast and Brunch']",,,$,40.70595830000001,-73.569857,+15162921620,11554,630 Merrick Ave,East Meadow,NY,"[{'@type': 'OpeningHoursSpecification', 'dayOfWeek': ['Monday', 'Tuesday', 'Wednesday', 'Thursday', 'Friday', 'Saturday', 'Sunday'], 'opens': '7:0', 'closes': '0:0'}]","{'@type': 'PostalAddress', 'addressLocality': 'East Meadow', 'addressRegion': 'NY', 'postalCode': '11554', 'addressCountry': 'US', 'streetAddress': '630 Merrick Ave'}","{'@type': 'GeoCoordinates', 'latitude': 40.70595830000001, 'longitude': -73.569857}",{}
Guac Shop (7th Street),https://www.ubereats.com/nyc-suburbs/food-delivery/guac-shop-7th-street/kMLt70TtRjiPYwNRjxWTRQ,carle-place-new-york,"['Mexican', 'Comfort Food', 'Latin American']",4.6,389,$,40.7248354,-73.6350267,+15162743380,11530,160 7th Street,Garden City,NY,"[{'@type': 'OpeningHoursSpecification', 'dayOfWeek': ['Monday', 'Tuesday', 'Wednesday', 'Thursday', 'Friday', 'Saturday', 'Sunday'], 'opens': '10:0', 'closes': '21:0'}]","{'@type': 'PostalAddress', 'addressLocality': 'Garden City', 'addressRegion': 'NY', 'postalCode': '11530', 'addressCountry': 'US', 'streetAddress': '160 7th Street'}","{'@type': 'GeoCoordinates', 'latitude': 40.7248354, 'longitude': -73.6350267}","{'@type': 'AggregateRating', 'ratingValue': 4.6, 'reviewCount': '389'}"
Carvel (530 Westbury Avenue),https://www.ubereats.com/nyc-suburbs/food-delivery/carvel-530-westbury-avenue/yzeDEYz4TQKkmPfzxIfv9Q,carle-place-new-york,"['Ice Cream and Frozen Yogurt', 'Desserts']",4.6,52,$,40.75115159999999,-73.6042683,+15163331349,11514,530 Westbury Avenue,Carle Place,NY,"[{'@type': 'OpeningHoursSpecification', 'dayOfWeek': ['Monday', 'Tuesday', 'Wednesday', 'Thursday', 'Friday', 'Saturday', 'Sunday'], 'opens': '12:0', 'closes': '21:0'}]","{'@type': 'PostalAddress', 'addressLocality': 'Carle Place', 'addressRegion': 'NY', 'postalCode': '11514', 'addressCountry': 'US', 'streetAddress': '530 Westbury Avenue'}","{'@type': 'GeoCoordinates', 'latitude': 40.75115159999999, 'longitude': -73.6042683}","{'@type': 'AggregateRating', 'ratingValue': 4.6, 'reviewCount': '52'}"
Roslyn Seafood Gourmet,https://www.ubereats.com/nyc-suburbs/food-delivery/roslyn-seafood-gourmet/MoOG17TnTeKWjixQYna_1A,carle-place-new-york,"['Seafood', 'Salads', 'Pasta']",,,$,40.7777599,-73.6499877,+15164847944,11577,444 Willis Ave,Roslyn Heights,New York,"[{'@type': 'OpeningHoursSpecification', 'dayOfWeek': 'Sunday', 'opens': '9:0', 'closes': '16:0'}, {'@type': 'OpeningHoursSpecification', 'dayOfWeek': ['Monday', 'Tuesday', 'Wednesday', 'Thursday', 'Friday'], 'opens': '9:0', 'closes': '18:30'}, {'@type': 'OpeningHoursSpecification', 'dayOfWeek': 'Saturday', 'opens': '9:0', 'closes': '18:0'}]","{'@type': 'PostalAddress', 'addressLocality': 'Roslyn Heights', 'addressRegion': 'New York', 'postalCode': '11577', 'addressCountry': 'US', 'streetAddress': '444 Willis Ave'}","{'@type': 'GeoCoordinates', 'latitude': 40.7777599, 'longitude': -73.6499877}",{}
5 De Mayo Mexican Restaurant,https://www.ubereats.com/nyc-suburbs/food-delivery/5-de-mayo-mexican-restaurant/tSEyI3OSRaSrn5_YGekOag,carle-place-new-york,"['Mexican', 'Seafood', 'Salads']",,,$$,40.751059,-73.575338,+15162807795,11590,611 Old Country Rd,Westbury,NY,"[{'@type': 'OpeningHoursSpecification', 'dayOfWeek': 'Sunday', 'opens': '12:0', 'closes': '21:30'}, {'@type': 'OpeningHoursSpecification', 'dayOfWeek': 'Sunday', 'opens': '12:0', 'closes': '16:0'}, {'@type': 'OpeningHoursSpecification', 'dayOfWeek': ['Monday', 'Tuesday', 'Wednesday', 'Thursday', 'Friday'], 'opens': '16:0', 'closes': '21:30'}, {'@type': 'OpeningHoursSpecification', 'dayOfWeek': ['Monday', 'Tuesday', 'Wednesday', 'Thursday', 'Friday'], 'opens': '12:0', 'closes': '16:0'}, {'@type': 'OpeningHoursSpecification', 'dayOfWeek': 'Saturday', 'opens': '12:0', 'closes': '21:30'}, {'@type': 'OpeningHoursSpecification', 'dayOfWeek': 'Saturday', 'opens': '12:0', 'closes': '16:0'}]","{'@type': 'PostalAddress', 'addressLocality': 'Westbury', 'addressRegion': 'NY', 'postalCode': '11590', 'addressCountry': 'US', 'streetAddress': '611 Old Country Rd'}","{'@type': 'GeoCoordinates', 'latitude': 40.751059, 'longitude': -73.575338}",{}
Platter Palace,https://www.ubereats.com/nyc-suburbs/food-delivery/platter-palace/_OAh2QugT5KuObrrjX6rfA,carle-place-new-york,"['Halal', 'Chicken', 'Middle Eastern']",4.5,28,$,40.70750839999999,-73.67399069999999,+15165446363,11010,916 Hempstead Turnpike,Franklin Square,NY,"[{'@type': 'OpeningHoursSpecification', 'dayOfWeek': ['Monday', 'Tuesday', 'Wednesday', 'Thursday', 'Friday', 'Saturday', 'Sunday'], 'opens': '0:0', 'closes': '22:0'}]","{'@type': 'PostalAddress', 'addressLocality': 'Franklin Square', 'addressRegion': 'NY', 'postalCode': '11010', 'addressCountry': 'US', 'streetAddress': '916 Hempstead Turnpike'}","{'@type': 'GeoCoordinates', 'latitude': 40.70750839999999, 'longitude': -73.67399069999999}","{'@type': 'AggregateRating', 'ratingValue': 4.5, 'reviewCount': '28'}"
Empire Halal Grill,https://www.ubereats.com/nyc-suburbs/food-delivery/empire-halal-grill/sUjIOcTGQFqNuSEZ_iULZQ,carle-place-new-york,"['Halal', 'Chicken', 'Middle Eastern']",4.7,39,$,40.7268723,-73.5437687,+9173469584,,,,,"[{'@type': 'OpeningHoursSpecification', 'dayOfWeek': ['Monday', 'Tuesday', 'Wednesday', 'Thursday', 'Friday', 'Saturday', 'Sunday'], 'opens': '17:0', 'closes': '2:0'}]",,"{'@type': 'GeoCoordinates', 'latitude': 40.7268723, 'longitude': -73.5437687}","{'@type': 'AggregateRating', 'ratingValue': 4.7, 'reviewCount': '39'}"
Chicken Delight,https://www.ubereats.com/nyc-suburbs/food-delivery/chicken-delight/h8cbWRb3TXOgdmaa-mSchg,carle-place-new-york,"['Comfort Food', 'American', 'Wings']",,,$,40.7562924,-73.5821196,+15163342220,11590,476 Maple Ave,Westbury,NY,"[{'@type': 'OpeningHoursSpecification', 'dayOfWeek': 'Sunday', 'opens': '11:0', 'closes': '20:0'}, {'@type': 'OpeningHoursSpecification', 'dayOfWeek': ['Monday', 'Tuesday', 'Wednesday', 'Thursday'], 'opens': '11:0', 'closes': '14:0'}, {'@type': 'OpeningHoursSpecification', 'dayOfWeek': ['Monday', 'Tuesday', 'Wednesday', 'Thursday'], 'opens': '16:0', 'closes': '20:0'}, {'@type': 'OpeningHoursSpecification', 'dayOfWeek': ['Friday', 'Saturday'], 'opens': '11:0', 'closes': '20:30'}]","{'@type': 'PostalAddress', 'addressLocality': 'Westbury', 'addressRegion': 'NY', 'postalCode': '11590', 'addressCountry': 'US', 'streetAddress': '476 Maple Ave'}","{'@type': 'GeoCoordinates', 'latitude': 40.7562924, 'longitude': -73.5821196}",{}
Burger King (21 East Merrick Rd),https://www.ubereats.com/nyc-suburbs/food-delivery/burger-king-21-east-merrick-rd/2uOR94yIRVa8H-t-635wCQ,carle-place-new-york,"['American', 'burger', 'Fast Food']",4.6,248,$,40.6549238,-73.5796795,+15167058994,11520,21 East Merrick Rd,Freeport,NY,"[{'@type': 'OpeningHoursSpecification', 'dayOfWeek': 'Sunday', 'opens': '6:30', 'closes': '10:29'}, {'@type': 'OpeningHoursSpecification', 'dayOfWeek': 'Sunday', 'opens': '10:30', 'closes': '23:59'}, {'@type': 'OpeningHoursSpecification', 'dayOfWeek': 'Sunday', 'opens': '0:0', 'closes': '4:30'}, {'@type': 'OpeningHoursSpecification', 'dayOfWeek': ['Monday', 'Tuesday', 'Wednesday', 'Thursday', 'Friday', 'Saturday'], 'opens': '6:30', 'closes': '10:29'}, {'@type': 'OpeningHoursSpecification', 'dayOfWeek': ['Monday', 'Tuesday', 'Wednesday', 'Thursday', 'Friday', 'Saturday'], 'opens': '0:0', 'closes': '4:30'}, {'@type': 'OpeningHoursSpecification', 'dayOfWeek': ['Monday', 'Tuesday', 'Wednesday', 'Thursday', 'Friday', 'Saturday'], 'opens': '10:30', 'closes': '23:59'}]","{'@type': 'PostalAddress', 'addressLocality': 'Freeport', 'addressRegion': 'NY', 'postalCode': '11520', 'addressCountry': 'US', 'streetAddress': '21 East Merrick Rd'}","{'@type': 'GeoCoordinates', 'latitude': 40.6549238, 'longitude': -73.5796795}","{'@type': 'AggregateRating', 'ratingValue': 4.6, 'reviewCount': '248'}"
Food for Thought Specialty ,https://www.ubereats.com/nyc-suburbs/food-delivery/food-for-thought-specialty/SVO5xh9mS8SODiPJZJ4SjA,carle-place-new-york,"['Healthy', 'Vegetarian', 'Salads']",,,$,40.72482720000001,-73.63518979999999,+15167475811,11530,154 7th St,Garden City,NY,"[{'@type': 'OpeningHoursSpecification', 'dayOfWeek': 'Sunday', 'opens': '8:30', 'closes': '16:30'}, {'@type': 'OpeningHoursSpecification', 'dayOfWeek': ['Monday', 'Tuesday', 'Wednesday', 'Thursday', 'Friday'], 'opens': '7:30', 'closes': '19:30'}, {'@type': 'OpeningHoursSpecification', 'dayOfWeek': 'Saturday', 'opens': '8:30', 'closes': '18:30'}]","{'@type': 'PostalAddress', 'addressLocality': 'Garden City', 'addressRegion': 'NY', 'postalCode': '11530', 'addressCountry': 'US', 'streetAddress': '154 7th St'}","{'@type': 'GeoCoordinates', 'latitude': 40.72482720000001, 'longitude': -73.63518979999999}",{}
Yea's Kitchen,https://www.ubereats.com/nyc-suburbs/food-delivery/yeas-kitchen/cLErE4heTLGI8_592QZV2w,carle-place-new-york,"['Korean', 'Asian', 'BBQ']",4.5,106,$,40.7806556,-73.5323109,+15165135060,11753,336 N Broadway,Jericho,NY,"[{'@type': 'OpeningHoursSpecification', 'dayOfWeek': 'Sunday', 'opens': '10:0', 'closes': '18:0'}, {'@type': 'OpeningHoursSpecification', 'dayOfWeek': 'Sunday', 'opens': '11:30', 'closes': '17:30'}, {'@type': 'OpeningHoursSpecification', 'dayOfWeek': ['Monday', 'Tuesday', 'Wednesday'], 'opens': '11:0', 'closes': '19:30'}, {'@type': 'OpeningHoursSpecification', 'dayOfWeek': ['Monday', 'Tuesday', 'Wednesday'], 'opens': '10:0', 'closes': '18:0'}, {'@type': 'OpeningHoursSpecification', 'dayOfWeek': ['Thursday', 'Friday'], 'opens': '11:0', 'closes': '19:30'}, {'@type': 'OpeningHoursSpecification', 'dayOfWeek': ['Thursday', 'Friday'], 'opens': '10:0', 'closes': '18:0'}, {'@type': 'OpeningHoursSpecification', 'dayOfWeek': ['Thursday', 'Friday'], 'opens': '11:30', 'closes': '17:30'}, {'@type': 'OpeningHoursSpecification', 'dayOfWeek': 'Saturday', 'opens': '10:0', 'closes': '18:0'}, {'@type': 'OpeningHoursSpecification', 'dayOfWeek': 'Saturday', 'opens': '11:30', 'closes': '17:30'}]","{'@type': 'PostalAddress', 'addressLocality': 'Jericho', 'addressRegion': 'NY', 'postalCode': '11753', 'addressCountry': 'US', 'streetAddress': '336 N Broadway'}","{'@type': 'GeoCoordinates', 'latitude': 40.7806556, 'longitude': -73.5323109}","{'@type': 'AggregateRating', 'ratingValue': 4.5, 'reviewCount': '106'}"
Heirloom Tavern,https://www.ubereats.com/nyc-suburbs/food-delivery/heirloom-tavern/984eQ6uSS3eHg6MeRnndsA,carle-place-new-york,"['Burgers', 'American', 'Sandwiches', 'Family Meals']",4.8,64,$$,40.8329744,-73.6255884,+15166866633,11545,32 Railroad Avenue,Glen Head,NY,"[{'@type': 'OpeningHoursSpecification', 'dayOfWeek': 'Sunday', 'opens': '11:0', 'closes': '20:30'}, {'@type': 'OpeningHoursSpecification', 'dayOfWeek': ['Monday', 'Tuesday', 'Wednesday', 'Thursday'], 'opens': '12:0', 'closes': '21:0'}, {'@type': 'OpeningHoursSpecification', 'dayOfWeek': ['Friday', 'Saturday'], 'opens': '12:0', 'closes': '22:0'}]","{'@type': 'PostalAddress', 'addressLocality': 'Glen Head', 'addressRegion': 'NY', 'postalCode': '11545', 'addressCountry': 'US', 'streetAddress': '32 Railroad Avenue'}","{'@type': 'GeoCoordinates', 'latitude': 40.8329744, 'longitude': -73.6255884}","{'@type': 'AggregateRating', 'ratingValue': 4.8, 'reviewCount': '64'}"
Pizza Plus,https://www.ubereats.com/nyc-suburbs/food-delivery/pizza-plus/m05ZU1FqRBSRyVgSEveyTA,carle-place-new-york,"['Pizza', 'Italian', 'Family Meals']",4.9,37,$$,40.695728,-73.71562,+15164377587,11003,15 Village Ave,Elmont,NY,"[{'@type': 'OpeningHoursSpecification', 'dayOfWeek': ['Monday', 'Tuesday', 'Wednesday', 'Thursday'], 'opens': '11:0', 'closes': '21:45'}, {'@type': 'OpeningHoursSpecification', 'dayOfWeek': 'Friday', 'opens': '11:0', 'closes': '22:45'}, {'@type': 'OpeningHoursSpecification', 'dayOfWeek': 'Saturday', 'opens': '11:0', 'closes': '22:0'}]","{'@type': 'PostalAddress', 'addressLocality': 'Elmont', 'addressRegion': 'NY', 'postalCode': '11003', 'addressCountry': 'US', 'streetAddress': '15 Village Ave'}","{'@type': 'GeoCoordinates', 'latitude': 40.695728, 'longitude': -73.71562}","{'@type': 'AggregateRating', 'ratingValue': 4.9, 'reviewCount': '37'}"
175 Fulton diner,https://www.ubereats.com/nyc-suburbs/food-delivery/175-fulton-diner/R6Ra-mq8RaGm62Om70SaBg,carle-place-new-york,"['Burgers', 'American', 'Sandwiches']",4.5,11,$,40.7078531,-73.62954880000001,+19172092396,11550,175 Fulton Ave,Hempstead,NY,"[{'@type': 'OpeningHoursSpecification', 'dayOfWeek': ['Monday', 'Tuesday', 'Wednesday', 'Thursday', 'Friday', 'Saturday'], 'opens': '7:30', 'closes': '14:25'}]","{'@type': 'PostalAddress', 'addressLocality': 'Hempstead', 'addressRegion': 'NY', 'postalCode': '11550', 'addressCountry': 'US', 'streetAddress': '175 Fulton Ave'}","{'@type': 'GeoCoordinates', 'latitude': 40.7078531, 'longitude': -73.62954880000001}","{'@type': 'AggregateRating', 'ratingValue': 4.5, 'reviewCount': '11'}"
El Nopal I,https://www.ubereats.com/nyc-suburbs/food-delivery/el-nopal-i/l5hNFLmWQ5aGLLSsKutaSA,carle-place-new-york,"['Mexican', 'New American', 'Latin American']",4.3,53,$$,40.7120541,-73.6266911,+15164813853,11550,167 Main St,Hempstead,NY,"[{'@type': 'OpeningHoursSpecification', 'dayOfWeek': 'Sunday', 'opens': '10:0', 'closes': '1:30'}, {'@type': 'OpeningHoursSpecification', 'dayOfWeek': ['Monday', 'Tuesday', 'Wednesday', 'Thursday'], 'opens': '10:0', 'closes': '1:0'}, {'@type': 'OpeningHoursSpecification', 'dayOfWeek': ['Friday', 'Saturday'], 'opens': '10:0', 'closes': '1:30'}]","{'@type': 'PostalAddress', 'addressLocality': 'Hempstead', 'addressRegion': 'NY', 'postalCode': '11550', 'addressCountry': 'US', 'streetAddress': '167 Main St'}","{'@type': 'GeoCoordinates', 'latitude': 40.7120541, 'longitude': -73.6266911}","{'@type': 'AggregateRating', 'ratingValue': 4.3, 'reviewCount': '53'}"
Ny Bone Broth and Soup,https://www.ubereats.com/nyc-suburbs/food-delivery/ny-bone-broth-and-soup/A0MmRTFPTXqpF8e0J5_Wpg,carle-place-new-york,['Noodles'],,,$,40.6971291,-73.68266129999999,+19175208373,11010,402 Franklin Ave,Franklin Square,NY,[],"{'@type': 'PostalAddress', 'addressLocality': 'Franklin Square', 'addressRegion': 'NY', 'postalCode': '11010', 'addressCountry': 'US', 'streetAddress': '402 Franklin Ave'}","{'@type': 'GeoCoordinates', 'latitude': 40.6971291, 'longitude': -73.68266129999999}",{}
Elsie Lane,https://www.ubereats.com/nyc-suburbs/food-delivery/elsie-lane/xYJme45uQuaSDi-VMvMzbQ,carle-place-new-york,"['Burgers', 'Wings']",4.6,103,$,40.7312295,-73.6930072,+15163028412,11040,29 Jericho Turnpike,New Hyde Park,NY,"[{'@type': 'OpeningHoursSpecification', 'dayOfWeek': ['Monday', 'Tuesday', 'Wednesday', 'Thursday', 'Friday', 'Saturday', 'Sunday'], 'opens': '11:30', 'closes': '1:0'}]","{'@type': 'PostalAddress', 'addressLocality': 'New Hyde Park', 'addressRegion': 'NY', 'postalCode': '11040', 'addressCountry': 'US', 'streetAddress': '29 Jericho Turnpike'}","{'@type': 'GeoCoordinates', 'latitude': 40.7312295, 'longitude': -73.6930072}","{'@type': 'AggregateRating', 'ratingValue': 4.6, 'reviewCount': '103'}"
Urban Brew Co.,https://www.ubereats.com/nyc-suburbs/food-delivery/urban-brew-co/FY9s6X_iSLSm1a7ZgtWdXQ,carle-place-new-york,"['Coffee and Tea', 'Sandwich', 'Desserts']",,,$,40.741702,-73.639851,+15162804082,11501,196 2nd St,Mineola,NY,"[{'@type': 'OpeningHoursSpecification', 'dayOfWeek': ['Monday', 'Tuesday', 'Wednesday', 'Thursday', 'Friday'], 'opens': '8:0', 'closes': '17:30'}]","{'@type': 'PostalAddress', 'addressLocality': 'Mineola', 'addressRegion': 'NY', 'postalCode': '11501', 'addressCountry': 'US', 'streetAddress': '196 2nd St'}","{'@type': 'GeoCoordinates', 'latitude': 40.741702, 'longitude': -73.639851}",{}
Dunkin' (334 Nassau Blvd),https://www.ubereats.com/nyc-suburbs/food-delivery/dunkin-334-nassau-blvd/L9lqjuYJRsCTNg29QpgL5w,carle-place-new-york,"['Breakfast and Brunch', 'Donuts']",4.3,13,$,40.7158323,-73.6606687,+15164814600,11530,334 Nassau Blvd,Garden City,NY,"[{'@type': 'OpeningHoursSpecification', 'dayOfWeek': ['Monday', 'Tuesday', 'Wednesday', 'Thursday', 'Friday', 'Saturday', 'Sunday'], 'opens': '6:30', 'closes': '17:30'}]","{'@type': 'PostalAddress', 'addressLocality': 'Garden City', 'addressRegion': 'NY', 'postalCode': '11530', 'addressCountry': 'US', 'streetAddress': '334 Nassau Blvd'}","{'@type': 'GeoCoordinates', 'latitude': 40.7158323, 'longitude': -73.6606687}","{'@type': 'AggregateRating', 'ratingValue': 4.3, 'reviewCount': '13'}"
Taco Bell (638 S Oyster Bay Rd),https://www.ubereats.com/nyc-suburbs/food-delivery/taco-bell-638-s-oyster-bay-rd/8pdMvBAUTmyP4HLP-u-56g,carle-place-new-york,"['Burritos', 'Fast Food', 'Mexican']",4.4,231,$,40.7702606,-73.5016847,+15169334151,11801,638 S Oyster Bay Rd,Hicksville,NY,"[{'@type': 'OpeningHoursSpecification', 'dayOfWeek': ['Monday', 'Tuesday', 'Wednesday', 'Thursday', 'Friday', 'Saturday', 'Sunday'], 'opens': '14:0', 'closes': '17:0'}, {'@type': 'OpeningHoursSpecification', 'dayOfWeek': ['Monday', 'Tuesday', 'Wednesday', 'Thursday', 'Friday', 'Saturday', 'Sunday'], 'opens': '9:0', 'closes': '1:30'}, {'@type': 'OpeningHoursSpecification', 'dayOfWeek': ['Monday', 'Tuesday', 'Wednesday', 'Thursday', 'Friday', 'Saturday', 'Sunday'], 'opens': '9:0', 'closes': '10:30'}]","{'@type': 'PostalAddress', 'addressLocality': 'Hicksville', 'addressRegion': 'NY', 'postalCode': '11801', 'addressCountry': 'US', 'streetAddress': '638 S Oyster Bay Rd'}","{'@type': 'GeoCoordinates', 'latitude': 40.7702606, 'longitude': -73.5016847}","{'@type': 'AggregateRating', 'ratingValue': 4.4, 'reviewCount': '231'}"
Gelateria dei Coltelli,https://www.ubereats.com/nyc-suburbs/food-delivery/gelateria-dei-coltelli/HVkKJ8LoQgyTGvPPHU8_nQ,carle-place-new-york,"['Ice Cream & Frozen Yogurt', 'Comfort Food', 'Desserts']",4.9,48,$,40.76093849999999,-73.64628549999999,+15168011706,11596,591 Willis Ave,Williston Park,NY,"[{'@type': 'OpeningHoursSpecification', 'dayOfWeek': ['Sunday', 'Monday', 'Tuesday', 'Wednesday', 'Thursday'], 'opens': '11:0', 'closes': '21:0'}, {'@type': 'OpeningHoursSpecification', 'dayOfWeek': ['Friday', 'Saturday'], 'opens': '11:0', 'closes': '22:0'}]","{'@type': 'PostalAddress', 'addressLocality': 'Williston Park', 'addressRegion': 'NY', 'postalCode': '11596', 'addressCountry': 'US', 'streetAddress': '591 Willis Ave'}","{'@type': 'GeoCoordinates', 'latitude': 40.76093849999999, 'longitude': -73.64628549999999}","{'@type': 'AggregateRating', 'ratingValue': 4.9, 'reviewCount': '48'}"
Yuzu fushion,https://www.ubereats.com/nyc-suburbs/food-delivery/yuzu-fushion/vj50oo0QSUeME5gfERn9uQ,carle-place-new-york,"['Sushi', 'Asian', 'Japanese']",4.7,33,$,40.800681,-73.6489735,+15166218868,11576,1361 Old Northern Blvd,Roslyn,NY,"[{'@type': 'OpeningHoursSpecification', 'dayOfWeek': ['Monday', 'Tuesday', 'Wednesday', 'Thursday'], 'opens': '11:0', 'closes': '15:0'}, {'@type': 'OpeningHoursSpecification', 'dayOfWeek': ['Monday', 'Tuesday', 'Wednesday', 'Thursday'], 'opens': '16:30', 'closes': '21:30'}, {'@type': 'OpeningHoursSpecification', 'dayOfWeek': 'Friday', 'opens': '11:0', 'closes': '14:45'}, {'@type': 'OpeningHoursSpecification', 'dayOfWeek': 'Friday', 'opens': '16:30', 'closes': '22:30'}, {'@type': 'OpeningHoursSpecification', 'dayOfWeek': 'Saturday', 'opens': '15:0', 'closes': '22:30'}]","{'@type': 'PostalAddress', 'addressLocality': 'Roslyn', 'addressRegion': 'NY', 'postalCode': '11576', 'addressCountry': 'US', 'streetAddress': '1361 Old Northern Blvd'}","{'@type': 'GeoCoordinates', 'latitude': 40.800681, 'longitude': -73.6489735}","{'@type': 'AggregateRating', 'ratingValue': 4.7, 'reviewCount': '33'}"
D'Ambiance Bar and Louge,https://www.ubereats.com/nyc-suburbs/food-delivery/dambiance-bar-and-louge/8G9SNaRKSduKzAhKTHaSoQ,carle-place-new-york,"['Caribbean', 'Seafood', 'Latin American', 'Allergy Friendly']",,,$,40.6817551,-73.6142028,+16462230062,11510,1177 Grand Avenue,Baldwin,NY,"[{'@type': 'OpeningHoursSpecification', 'dayOfWeek': 'Sunday', 'opens': '17:0', 'closes': '2:0'}, {'@type': 'OpeningHoursSpecification', 'dayOfWeek': 'Sunday', 'opens': '16:0', 'closes': '2:0'}, {'@type': 'OpeningHoursSpecification', 'dayOfWeek': ['Monday', 'Tuesday', 'Wednesday'], 'opens': '17:0', 'closes': '2:0'}, {'@type': 'OpeningHoursSpecification', 'dayOfWeek': 'Thursday', 'opens': '17:0', 'closes': '2:0'}, {'@type': 'OpeningHoursSpecification', 'dayOfWeek': 'Thursday', 'opens': '16:0', 'closes': '2:0'}, {'@type': 'OpeningHoursSpecification', 'dayOfWeek': 'Friday', 'opens': '17:0', 'closes': '2:0'}, {'@type': 'OpeningHoursSpecification', 'dayOfWeek': 'Friday', 'opens': '16:0', 'closes': '2:0'}, {'@type': 'OpeningHoursSpecification', 'dayOfWeek': 'Saturday', 'opens': '17:0', 'closes': '2:0'}, {'@type': 'OpeningHoursSpecification', 'dayOfWeek': 'Saturday', 'opens': '16:0', 'closes': '2:0'}]","{'@type': 'PostalAddress', 'addressLocality': 'Baldwin', 'addressRegion': 'NY', 'postalCode': '11510', 'addressCountry': 'US', 'streetAddress': '1177 Grand Avenue'}","{'@type': 'GeoCoordinates', 'latitude': 40.6817551, 'longitude': -73.6142028}",{}
Shake Shack  (860 Old Country Road),https://www.ubereats.com/nyc-suburbs/food-delivery/shake-shack-860-old-country-road/6Wl5yl7SR4m7xsx_ledWXg,carle-place-new-york,"['American', 'Burgers']",4.6,500,$,40.744215,-73.6069363,+15166202880,11530,860 Old Country Road,Garden City,NY,"[{'@type': 'OpeningHoursSpecification', 'dayOfWeek': ['Monday', 'Tuesday', 'Wednesday', 'Thursday', 'Friday', 'Saturday', 'Sunday'], 'opens': '11:0', 'closes': '20:30'}]","{'@type': 'PostalAddress', 'addressLocality': 'Garden City', 'addressRegion': 'NY', 'postalCode': '11530', 'addressCountry': 'US', 'streetAddress': '860 Old Country Road'}","{'@type': 'GeoCoordinates', 'latitude': 40.744215, 'longitude': -73.6069363}","{'@type': 'AggregateRating', 'ratingValue': 4.6, 'reviewCount': '500'}"
Spice Diner,https://www.ubereats.com/nyc-suburbs/food-delivery/spice-diner/Z_6VbGrAQmSr9o4b5VlhPA,carle-place-new-york,"['Indian', 'Curry', 'Diner']",,,$,40.778345,-73.52823,+15168271124,11801,217 Bethpage Rd,Hicksville,NY,"[{'@type': 'OpeningHoursSpecification', 'dayOfWeek': ['Monday', 'Tuesday', 'Wednesday', 'Thursday', 'Friday', 'Saturday', 'Sunday'], 'opens': '11:0', 'closes': '23:30'}, {'@type': 'OpeningHoursSpecification', 'dayOfWeek': ['Monday', 'Tuesday', 'Wednesday', 'Thursday', 'Friday', 'Saturday', 'Sunday'], 'opens': '12:0', 'closes': '23:0'}, {'@type': 'OpeningHoursSpecification', 'dayOfWeek': ['Monday', 'Tuesday', 'Wednesday', 'Thursday', 'Friday', 'Saturday', 'Sunday'], 'opens': '12:0', 'closes': '23:0'}]","{'@type': 'PostalAddress', 'addressLocality': 'Hicksville', 'addressRegion': 'NY', 'postalCode': '11801', 'addressCountry': 'US', 'streetAddress': '217 Bethpage Rd'}","{'@type': 'GeoCoordinates', 'latitude': 40.778345, 'longitude': -73.52823}",{}
Hollywood Deli,https://www.ubereats.com/nyc-suburbs/food-delivery/hollywood-deli/I6pO-JqLQ3yx3w1CSTmCBA,carle-place-new-york,"['Breakfast and Brunch', 'American', 'Sandwiches']",4.6,39,$,40.6898666,-73.6231276,+15164864113,11550,503 S Franklin St,Hempstead,NY,"[{'@type': 'OpeningHoursSpecification', 'dayOfWeek': 'Sunday', 'opens': '6:20', 'closes': '21:0'}, {'@type': 'OpeningHoursSpecification', 'dayOfWeek': 'Sunday', 'opens': '5:30', 'closes': '21:30'}, {'@type': 'OpeningHoursSpecification', 'dayOfWeek': 'Sunday', 'opens': '5:30', 'closes': '21:30'}, {'@type': 'OpeningHoursSpecification', 'dayOfWeek': 'Sunday', 'opens': '5:30', 'closes': '21:30'}, {'@type': 'OpeningHoursSpecification', 'dayOfWeek': 'Sunday', 'opens': '5:30', 'closes': '21:30'}, {'@type': 'OpeningHoursSpecification', 'dayOfWeek': 'Sunday', 'opens': '10:30', 'closes': '16:0'}, {'@type': 'OpeningHoursSpecification', 'dayOfWeek': 'Sunday', 'opens': '5:30', 'closes': '21:30'}, {'@type': 'OpeningHoursSpecification', 'dayOfWeek': 'Sunday', 'opens': '6:30', 'closes': '21:45'}, {'@type': 'OpeningHoursSpecification', 'dayOfWeek': ['Monday', 'Tuesday', 'Wednesday', 'Thursday'], 'opens': '5:30', 'closes': '21:0'}, {'@type': 'OpeningHoursSpecification', 'dayOfWeek': ['Monday', 'Tuesday', 'Wednesday', 'Thursday'], 'opens': '5:30', 'closes': '21:30'}, {'@type': 'OpeningHoursSpecification', 'dayOfWeek': ['Monday', 'Tuesday', 'Wednesday', 'Thursday'], 'opens': '5:30', 'closes': '21:30'}, {'@type': 'OpeningHoursSpecification', 'dayOfWeek': ['Monday', 'Tuesday', 'Wednesday', 'Thursday'], 'opens': '5:30', 'closes': '21:30'}, {'@type': 'OpeningHoursSpecification', 'dayOfWeek': ['Monday', 'Tuesday', 'Wednesday', 'Thursday'], 'opens': '5:30', 'closes': '21:30'}, {'@type': 'OpeningHoursSpecification', 'dayOfWeek': ['Monday', 'Tuesday', 'Wednesday', 'Thursday'], 'opens': '10:30', 'closes': '16:0'}, {'@type': 'OpeningHoursSpecification', 'dayOfWeek': ['Monday', 'Tuesday', 'Wednesday', 'Thursday'], 'opens': '5:30', 'closes': '21:30'}, {'@type': 'OpeningHoursSpecification', 'dayOfWeek': ['Monday', 'Tuesday', 'Wednesday', 'Thursday'], 'opens': '6:30', 'closes': '21:45'}, {'@type': 'OpeningHoursSpecification', 'dayOfWeek': 'Friday', 'opens': '5:30', 'closes': '19:45'}, {'@type': 'OpeningHoursSpecification', 'dayOfWeek': 'Friday', 'opens': '5:30', 'closes': '21:30'}, {'@type': 'OpeningHoursSpecification', 'dayOfWeek': 'Friday', 'opens': '5:30', 'closes': '21:30'}, {'@type': 'OpeningHoursSpecification', 'dayOfWeek': 'Friday', 'opens': '5:30', 'closes': '21:30'}, {'@type': 'OpeningHoursSpecification', 'dayOfWeek': 'Friday', 'opens': '5:30', 'closes': '21:30'}, {'@type': 'OpeningHoursSpecification', 'dayOfWeek': 'Friday', 'opens': '10:30', 'closes': '16:0'}, {'@type': 'OpeningHoursSpecification', 'dayOfWeek': 'Friday', 'opens': '5:30', 'closes': '21:30'}, {'@type': 'OpeningHoursSpecification', 'dayOfWeek': 'Friday', 'opens': '6:30', 'closes': '21:45'}, {'@type': 'OpeningHoursSpecification', 'dayOfWeek': 'Saturday', 'opens': '5:30', 'closes': '21:0'}, {'@type': 'OpeningHoursSpecification', 'dayOfWeek': 'Saturday', 'opens': '5:30', 'closes': '21:30'}, {'@type': 'OpeningHoursSpecification', 'dayOfWeek': 'Saturday', 'opens': '5:30', 'closes': '21:30'}, {'@type': 'OpeningHoursSpecification', 'dayOfWeek': 'Saturday', 'opens': '5:30', 'closes': '21:30'}, {'@type': 'OpeningHoursSpecification', 'dayOfWeek': 'Saturday', 'opens': '5:30', 'closes': '21:30'}, {'@type': 'OpeningHoursSpecification', 'dayOfWeek': 'Saturday', 'opens': '10:30', 'closes': '16:0'}, {'@type': 'OpeningHoursSpecification', 'dayOfWeek': 'Saturday', 'opens': '5:30', 'closes': '21:30'}, {'@type': 'OpeningHoursSpecification', 'dayOfWeek': 'Saturday', 'opens': '6:30', 'closes': '21:45'}]","{'@type': 'PostalAddress', 'addressLocality': 'Hempstead', 'addressRegion': 'NY', 'postalCode': '11550', 'addressCountry': 'US', 'streetAddress': '503 S Franklin St'}","{'@type': 'GeoCoordinates', 'latitude': 40.6898666, 'longitude': -73.6231276}","{'@type': 'AggregateRating', 'ratingValue': 4.6, 'reviewCount': '39'}"
Burger King (2125 Grand Ave),https://www.ubereats.com/nyc-suburbs/food-delivery/burger-king-2125-grand-ave/uAnfHaSGTguw0RIYezHG1g,carle-place-new-york,"['American', 'burger', 'Fast Food']",4.5,87,$,40.6579908,-73.60831619999999,+15163773649,11510,2125 Grand Ave,North Baldwin,NY,"[{'@type': 'OpeningHoursSpecification', 'dayOfWeek': ['Monday', 'Tuesday', 'Wednesday', 'Thursday', 'Friday', 'Saturday', 'Sunday'], 'opens': '8:30', 'closes': '10:29'}, {'@type': 'OpeningHoursSpecification', 'dayOfWeek': ['Monday', 'Tuesday', 'Wednesday', 'Thursday', 'Friday', 'Saturday', 'Sunday'], 'opens': '10:30', 'closes': '22:30'}]","{'@type': 'PostalAddress', 'addressLocality': 'North Baldwin', 'addressRegion': 'NY', 'postalCode': '11510', 'addressCountry': 'US', 'streetAddress': '2125 Grand Ave'}","{'@type': 'GeoCoordinates', 'latitude': 40.6579908, 'longitude': -73.60831619999999}","{'@type': 'AggregateRating', 'ratingValue': 4.5, 'reviewCount': '87'}"
The Ice Cream Shop ,https://www.ubereats.com/nyc-suburbs/food-delivery/the-ice-cream-shop/RcGiMWylQnGDfxm9MekD6w,carle-place-new-york,"['Desserts', 'Ice Cream and Frozen Yogurt', 'Kids Friendly']",4.5,17,$,40.785367487174526,-73.6393198967946,+15162771122,,,,,"[{'@type': 'OpeningHoursSpecification', 'dayOfWeek': ['Sunday', 'Monday', 'Tuesday', 'Wednesday', 'Thursday'], 'opens': '7:0', 'closes': '23:30'}, {'@type': 'OpeningHoursSpecification', 'dayOfWeek': ['Friday', 'Saturday'], 'opens': '7:0', 'closes': '0:0'}]",,"{'@type': 'GeoCoordinates', 'latitude': 40.785367487174526, 'longitude': -73.6393198967946}","{'@type': 'AggregateRating', 'ratingValue': 4.5, 'reviewCount': '17'}"
Brooklyn chicken & burger,https://www.ubereats.com/nyc-suburbs/food-delivery/brooklyn-chicken-%26-burger/XD4neDlwR8GQWwHxZCIAJQ,carle-place-new-york,"['American', 'Fast Food', 'Chicken']",,,$,40.69937539999999,-73.61424989999999,+17184963605,11550,296 Greenwich St,Hempstead,NY,"[{'@type': 'OpeningHoursSpecification', 'dayOfWeek': ['Monday', 'Tuesday', 'Wednesday', 'Thursday', 'Friday', 'Saturday', 'Sunday'], 'opens': '10:0', 'closes': '21:30'}]","{'@type': 'PostalAddress', 'addressLocality': 'Hempstead', 'addressRegion': 'NY', 'postalCode': '11550', 'addressCountry': 'US', 'streetAddress': '296 Greenwich St'}","{'@type': 'GeoCoordinates', 'latitude': 40.69937539999999, 'longitude': -73.61424989999999}",{}
Yogurt & Such Cafe Levittown,https://www.ubereats.com/nyc-suburbs/food-delivery/yogurt-%26-such-cafe-levittown/uhn3e6asQs2zmSZa2wk27w,carle-place-new-york,['Ice Cream and Frozen Yogurt'],,,$,40.72634152820029,-73.51521433175536,+15167190681,11756,3257 Hempstead Turnpike,Levittown,New York,"[{'@type': 'OpeningHoursSpecification', 'dayOfWeek': ['Monday', 'Tuesday', 'Wednesday', 'Thursday', 'Friday', 'Saturday', 'Sunday'], 'opens': '11:0', 'closes': '22:0'}]","{'@type': 'PostalAddress', 'addressLocality': 'Levittown', 'addressRegion': 'New York', 'postalCode': '11756', 'addressCountry': 'US', 'streetAddress': '3257 Hempstead Turnpike'}","{'@type': 'GeoCoordinates', 'latitude': 40.72634152820029, 'longitude': -73.51521433175536}",{}
Greek Xpress - Great Neck,https://www.ubereats.com/nyc-suburbs/food-delivery/greek-xpress-great-neck/MYrdKMQDSbWVUvBkoPGE2A,carle-place-new-york,"['Greek', 'Burgers', 'Juice and Smoothies', 'Desserts', 'Mediterranean', 'Salads', 'Sandwich', 'Kids Friendly']",4.8,61,$$,40.7863294,-73.72776069999999,+15165706814,11021,37 Great Neck Rd,Great Neck Plaza,New York,"[{'@type': 'OpeningHoursSpecification', 'dayOfWeek': 'Sunday', 'opens': '11:0', 'closes': '20:30'}, {'@type': 'OpeningHoursSpecification', 'dayOfWeek': ['Monday', 'Tuesday', 'Wednesday', 'Thursday', 'Friday'], 'opens': '11:0', 'closes': '20:30'}, {'@type': 'OpeningHoursSpecification', 'dayOfWeek': ['Monday', 'Tuesday', 'Wednesday', 'Thursday', 'Friday'], 'opens': '11:0', 'closes': '16:0'}, {'@type': 'OpeningHoursSpecification', 'dayOfWeek': 'Saturday', 'opens': '11:0', 'closes': '20:30'}]","{'@type': 'PostalAddress', 'addressLocality': 'Great Neck Plaza', 'addressRegion': 'New York', 'postalCode': '11021', 'addressCountry': 'US', 'streetAddress': '37 Great Neck Rd'}","{'@type': 'GeoCoordinates', 'latitude': 40.7863294, 'longitude': -73.72776069999999}","{'@type': 'AggregateRating', 'ratingValue': 4.8, 'reviewCount': '61'}"
Wong’s Garden,https://www.ubereats.com/nyc-suburbs/food-delivery/wongs-garden/cIBD2ywKQUaHqnRe2JC4hg,carle-place-new-york,"['Chinese', 'Asian', 'Noodles', 'Seafood']",4.5,219,$$,40.7330246,-73.6840218,+16462337906,11040,1203 Jericho Turnpike,New Hyde Park,NY,"[{'@type': 'OpeningHoursSpecification', 'dayOfWeek': 'Sunday', 'opens': '12:0', 'closes': '22:0'}, {'@type': 'OpeningHoursSpecification', 'dayOfWeek': 'Sunday', 'opens': '10:30', 'closes': '15:0'}, {'@type': 'OpeningHoursSpecification', 'dayOfWeek': ['Monday', 'Tuesday', 'Wednesday', 'Thursday'], 'opens': '10:30', 'closes': '22:0'}, {'@type': 'OpeningHoursSpecification', 'dayOfWeek': ['Monday', 'Tuesday', 'Wednesday', 'Thursday'], 'opens': '10:30', 'closes': '15:0'}, {'@type': 'OpeningHoursSpecification', 'dayOfWeek': 'Friday', 'opens': '10:30', 'closes': '22:45'}, {'@type': 'OpeningHoursSpecification', 'dayOfWeek': 'Friday', 'opens': '10:30', 'closes': '15:0'}, {'@type': 'OpeningHoursSpecification', 'dayOfWeek': 'Saturday', 'opens': '11:0', 'closes': '22:45'}, {'@type': 'OpeningHoursSpecification', 'dayOfWeek': 'Saturday', 'opens': '10:30', 'closes': '15:0'}]","{'@type': 'PostalAddress', 'addressLocality': 'New Hyde Park', 'addressRegion': 'NY', 'postalCode': '11040', 'addressCountry': 'US', 'streetAddress': '1203 Jericho Turnpike'}","{'@type': 'GeoCoordinates', 'latitude': 40.7330246, 'longitude': -73.6840218}","{'@type': 'AggregateRating', 'ratingValue': 4.5, 'reviewCount': '219'}"
Carvel (801 Carmen Avenue),https://www.ubereats.com/nyc-suburbs/food-delivery/carvel-801-carmen-avenue/PJ8_lef9T1a3xH5sJhD9tA,carle-place-new-york,"['Ice Cream and Frozen Yogurt', 'Desserts', 'Allergy Friendly']",4.9,26,$,40.7460315,-73.5529218,+15163330441,11590,801 Carmen Avenue,Westbury,NY,"[{'@type': 'OpeningHoursSpecification', 'dayOfWeek': 'Sunday', 'opens': '11:30', 'closes': '21:30'}, {'@type': 'OpeningHoursSpecification', 'dayOfWeek': ['Monday', 'Tuesday'], 'opens': '11:30', 'closes': '20:0'}, {'@type': 'OpeningHoursSpecification', 'dayOfWeek': 'Wednesday', 'opens': '11:30', 'closes': '21:30'}, {'@type': 'OpeningHoursSpecification', 'dayOfWeek': ['Thursday', 'Friday'], 'opens': '11:30', 'closes': '21:0'}, {'@type': 'OpeningHoursSpecification', 'dayOfWeek': 'Saturday', 'opens': '11:30', 'closes': '21:30'}]","{'@type': 'PostalAddress', 'addressLocality': 'Westbury', 'addressRegion': 'NY', 'postalCode': '11590', 'addressCountry': 'US', 'streetAddress': '801 Carmen Avenue'}","{'@type': 'GeoCoordinates', 'latitude': 40.7460315, 'longitude': -73.5529218}","{'@type': 'AggregateRating', 'ratingValue': 4.9, 'reviewCount': '26'}"
Morton's The Steakhouse  (777 Northern Boulevard),https://www.ubereats.com/nyc-suburbs/food-delivery/mortons-the-steakhouse-777-northern-boulevard/l8tVnbAbRs2AnWM0z4PceA,carle-place-new-york,"['Steak', 'American', 'Fast Food']",4.6,45,$,40.7840956,-73.7131146,+15164982950,11020,777 Northern Boulevard,Great Neck,NY,"[{'@type': 'OpeningHoursSpecification', 'dayOfWeek': ['Sunday', 'Monday', 'Tuesday', 'Wednesday', 'Thursday'], 'opens': '16:0', 'closes': '21:0'}, {'@type': 'OpeningHoursSpecification', 'dayOfWeek': ['Friday', 'Saturday'], 'opens': '16:0', 'closes': '22:0'}]","{'@type': 'PostalAddress', 'addressLocality': 'Great Neck', 'addressRegion': 'NY', 'postalCode': '11020', 'addressCountry': 'US', 'streetAddress': '777 Northern Boulevard'}","{'@type': 'GeoCoordinates', 'latitude': 40.7840956, 'longitude': -73.7131146}","{'@type': 'AggregateRating', 'ratingValue': 4.6, 'reviewCount': '45'}"
Calogero's Restaurant,https://www.ubereats.com/nyc-suburbs/food-delivery/calogeros-restaurant/6I-BN7tIQTWahisub5hd6Q,carle-place-new-york,['Italian'],,,$,40.72859680000001,-73.6349443,+15162942922,11530,919 Franklin Ave,Garden City,NY,"[{'@type': 'OpeningHoursSpecification', 'dayOfWeek': 'Sunday', 'opens': '15:0', 'closes': '20:50'}, {'@type': 'OpeningHoursSpecification', 'dayOfWeek': ['Monday', 'Tuesday', 'Wednesday', 'Thursday', 'Friday'], 'opens': '11:30', 'closes': '16:0'}, {'@type': 'OpeningHoursSpecification', 'dayOfWeek': ['Monday', 'Tuesday', 'Wednesday', 'Thursday', 'Friday'], 'opens': '16:0', 'closes': '19:50'}, {'@type': 'OpeningHoursSpecification', 'dayOfWeek': 'Saturday', 'opens': '16:0', 'closes': '19:50'}]","{'@type': 'PostalAddress', 'addressLocality': 'Garden City', 'addressRegion': 'NY', 'postalCode': '11530', 'addressCountry': 'US', 'streetAddress': '919 Franklin Ave'}","{'@type': 'GeoCoordinates', 'latitude': 40.72859680000001, 'longitude': -73.6349443}",{}
Chipotle Mexican Grill (3629 Hempstead Tpke),https://www.ubereats.com/nyc-suburbs/food-delivery/chipotle-mexican-grill-3629-hempstead-tpke/HVjI8waZS9Kh6N-hyTqwmg,carle-place-new-york,"['Healthy', 'Mexican']",4.5,167,$,40.7259756,-73.50093910000001,+15167310416,11756,3629 Hempstead Tpke,Levittown,NY,"[{'@type': 'OpeningHoursSpecification', 'dayOfWeek': ['Monday', 'Tuesday', 'Wednesday', 'Thursday', 'Friday', 'Saturday', 'Sunday'], 'opens': '10:45', 'closes': '21:40'}]","{'@type': 'PostalAddress', 'addressLocality': 'Levittown', 'addressRegion': 'NY', 'postalCode': '11756', 'addressCountry': 'US', 'streetAddress': '3629 Hempstead Tpke'}","{'@type': 'GeoCoordinates', 'latitude': 40.7259756, 'longitude': -73.50093910000001}","{'@type': 'AggregateRating', 'ratingValue': 4.5, 'reviewCount': '167'}"
,https://www.ubereats.com/nyc-suburbs/food-delivery/healthy-cafe/IJK8o9BMRdi6iSzGirT2uQ,carle-place-new-york,,,,,,,,,,,,,,,
grand stage diner,https://www.ubereats.com/nyc-suburbs/food-delivery/grand-stage-diner/dKGhnuQZQ22mxyZgIOH4ig,carle-place-new-york,"['American', 'Breakfast and Brunch', 'Juice and Smoothies']",,,,40.7241191,-73.5432233,+15167195977,11554,2490 Hempstead Turnpike,East Meadow,NY,"[{'@type': 'OpeningHoursSpecification', 'dayOfWeek': ['Monday', 'Tuesday', 'Wednesday', 'Thursday', 'Friday', 'Saturday', 'Sunday'], 'opens': '10:0', 'closes': '21:0'}]","{'@type': 'PostalAddress', 'addressLocality': 'East Meadow', 'addressRegion': 'NY', 'postalCode': '11554', 'addressCountry': 'US', 'streetAddress': '2490 Hempstead Turnpike'}","{'@type': 'GeoCoordinates', 'latitude': 40.7241191, 'longitude': -73.5432233}",{}
Southern Spice,https://www.ubereats.com/nyc-suburbs/food-delivery/southern-spice/72nxOScMRHaTg0H-fCwm_A,carle-place-new-york,"['North Indian', 'Curry']",4.2,47,$$,40.749053,-73.684206,+15162165448,11040,1635 Hillside Avenue,New Hyde Park,NY,"[{'@type': 'OpeningHoursSpecification', 'dayOfWeek': 'Sunday', 'opens': '12:0', 'closes': '19:0'}, {'@type': 'OpeningHoursSpecification', 'dayOfWeek': 'Sunday', 'opens': '0:0', 'closes': '21:0'}, {'@type': 'OpeningHoursSpecification', 'dayOfWeek': 'Monday', 'opens': '0:0', 'closes': '21:0'}, {'@type': 'OpeningHoursSpecification', 'dayOfWeek': ['Tuesday', 'Wednesday', 'Thursday'], 'opens': '12:0', 'closes': '19:0'}, {'@type': 'OpeningHoursSpecification', 'dayOfWeek': ['Tuesday', 'Wednesday', 'Thursday'], 'opens': '0:0', 'closes': '21:0'}, {'@type': 'OpeningHoursSpecification', 'dayOfWeek': ['Friday', 'Saturday'], 'opens': '12:0', 'closes': '20:0'}, {'@type': 'OpeningHoursSpecification', 'dayOfWeek': ['Friday', 'Saturday'], 'opens': '0:0', 'closes': '21:0'}]","{'@type': 'PostalAddress', 'addressLocality': 'New Hyde Park', 'addressRegion': 'NY', 'postalCode': '11040', 'addressCountry': 'US', 'streetAddress': '1635 Hillside Avenue'}","{'@type': 'GeoCoordinates', 'latitude': 40.749053, 'longitude': -73.684206}","{'@type': 'AggregateRating', 'ratingValue': 4.2, 'reviewCount': '47'}"
Arby's (334 North Broadway),https://www.ubereats.com/nyc-suburbs/food-delivery/arbys-334-north-broadway/Qff58jUgTAGXFCM42b9Wag,carle-place-new-york,"['American', 'Sandwich', 'Fast Food', 'Kids Friendly']",4.4,36,$,40.7804703,-73.5319658,+15166051130,11753,334 N Broadway,Jericho,NY,"[{'@type': 'OpeningHoursSpecification', 'dayOfWeek': ['Monday', 'Tuesday', 'Wednesday', 'Thursday', 'Friday', 'Saturday', 'Sunday'], 'opens': '9:0', 'closes': '23:0'}]","{'@type': 'PostalAddress', 'addressLocality': 'Jericho', 'addressRegion': 'NY', 'postalCode': '11753', 'addressCountry': 'US', 'streetAddress': '334 N Broadway'}","{'@type': 'GeoCoordinates', 'latitude': 40.7804703, 'longitude': -73.5319658}","{'@type': 'AggregateRating', 'ratingValue': 4.4, 'reviewCount': '36'}"
McDonald's® - Roosevelt,https://www.ubereats.com/nyc-suburbs/food-delivery/mcdonalds-roosevelt/Hi5Ik9tWTBmWLrk4riBnuw,carle-place-new-york,"['American', 'Fast Food', 'Burgers']",4.5,246,$,40.679392,-73.590238,+15168679478,11575,265 NASSAU RD,ROOSEVELT,NY,"[{'@type': 'OpeningHoursSpecification', 'dayOfWeek': ['Monday', 'Tuesday', 'Wednesday', 'Thursday', 'Friday', 'Saturday', 'Sunday'], 'opens': '6:0', 'closes': '10:59'}, {'@type': 'OpeningHoursSpecification', 'dayOfWeek': ['Monday', 'Tuesday', 'Wednesday', 'Thursday', 'Friday', 'Saturday', 'Sunday'], 'opens': '11:0', 'closes': '16:59'}, {'@type': 'OpeningHoursSpecification', 'dayOfWeek': ['Monday', 'Tuesday', 'Wednesday', 'Thursday', 'Friday', 'Saturday', 'Sunday'], 'opens': '17:0', 'closes': '23:44'}]","{'@type': 'PostalAddress', 'addressLocality': 'ROOSEVELT', 'addressRegion': 'NY', 'postalCode': '11575', 'addressCountry': 'US', 'streetAddress': '265 NASSAU RD'}","{'@type': 'GeoCoordinates', 'latitude': 40.679392, 'longitude': -73.590238}","{'@type': 'AggregateRating', 'ratingValue': 4.5, 'reviewCount': '246'}"
Great Wok ,https://www.ubereats.com/nyc-suburbs/food-delivery/great-wok/sG3gGIy9TRepUurKpI-SCw,carle-place-new-york,"['Chinese', 'Asian', 'Asian Fusion']",3.6,11,$,40.7696449,-73.5207029,+15169396688,11801,35 Woodbury Road,Hicksville,NY,"[{'@type': 'OpeningHoursSpecification', 'dayOfWeek': 'Sunday', 'opens': '12:0', 'closes': '21:30'}, {'@type': 'OpeningHoursSpecification', 'dayOfWeek': ['Tuesday', 'Wednesday', 'Thursday'], 'opens': '11:0', 'closes': '21:30'}, {'@type': 'OpeningHoursSpecification', 'dayOfWeek': ['Friday', 'Saturday'], 'opens': '11:0', 'closes': '22:0'}]","{'@type': 'PostalAddress', 'addressLocality': 'Hicksville', 'addressRegion': 'NY', 'postalCode': '11801', 'addressCountry': 'US', 'streetAddress': '35 Woodbury Road'}","{'@type': 'GeoCoordinates', 'latitude': 40.7696449, 'longitude': -73.5207029}","{'@type': 'AggregateRating', 'ratingValue': 3.6, 'reviewCount': '11'}"
,https://www.ubereats.com/nyc-suburbs/food-delivery/galo-tavern-18/JHJaUfSlSa6eHDIEL2wuiw,carle-place-new-york,,,,,,,,,,,,,,,
Taco Bell (1180 Grand Avenue),https://www.ubereats.com/nyc-suburbs/food-delivery/taco-bell-1180-grand-avenue/QPIEzJl4SXyeqOeGT33yTQ,carle-place-new-york,"['Burritos', 'Fast Food', 'Mexican']",4.4,317,$,40.6817422,-73.6154231,+15164851421,11510,1180 Grand Avenue,Baldwin,NY,"[{'@type': 'OpeningHoursSpecification', 'dayOfWeek': ['Monday', 'Tuesday', 'Wednesday', 'Thursday', 'Friday', 'Saturday', 'Sunday'], 'opens': '14:0', 'closes': '17:0'}, {'@type': 'OpeningHoursSpecification', 'dayOfWeek': ['Monday', 'Tuesday', 'Wednesday', 'Thursday', 'Friday', 'Saturday', 'Sunday'], 'opens': '9:0', 'closes': '1:30'}, {'@type': 'OpeningHoursSpecification', 'dayOfWeek': ['Monday', 'Tuesday', 'Wednesday', 'Thursday', 'Friday', 'Saturday', 'Sunday'], 'opens': '8:0', 'closes': '10:30'}]","{'@type': 'PostalAddress', 'addressLocality': 'Baldwin', 'addressRegion': 'NY', 'postalCode': '11510', 'addressCountry': 'US', 'streetAddress': '1180 Grand Avenue'}","{'@type': 'GeoCoordinates', 'latitude': 40.6817422, 'longitude': -73.6154231}","{'@type': 'AggregateRating', 'ratingValue': 4.4, 'reviewCount': '317'}"
Himalayan Vegetarian  Cuisine ,https://www.ubereats.com/nyc-suburbs/food-delivery/himalayan-vegetarian-cuisine/1-gmzG55R7eOD0JMmFhF6Q,carle-place-new-york,"['Indian', 'Vegetarian', 'Asian']",4.9,19,$,40.6620252,-73.532564,+15163087129,11710-5706,2518 Merrick Rd,Bellmore,NY,"[{'@type': 'OpeningHoursSpecification', 'dayOfWeek': 'Sunday', 'opens': '11:0', 'closes': '21:0'}, {'@type': 'OpeningHoursSpecification', 'dayOfWeek': 'Sunday', 'opens': '12:30', 'closes': '21:0'}, {'@type': 'OpeningHoursSpecification', 'dayOfWeek': ['Tuesday', 'Wednesday', 'Thursday'], 'opens': '11:0', 'closes': '21:0'}, {'@type': 'OpeningHoursSpecification', 'dayOfWeek': 'Friday', 'opens': '11:0', 'closes': '21:0'}, {'@type': 'OpeningHoursSpecification', 'dayOfWeek': 'Friday', 'opens': '11:0', 'closes': '22:0'}, {'@type': 'OpeningHoursSpecification', 'dayOfWeek': 'Saturday', 'opens': '11:0', 'closes': '21:0'}]","{'@type': 'PostalAddress', 'addressLocality': 'Bellmore', 'addressRegion': 'NY', 'postalCode': '11710-5706', 'addressCountry': 'US', 'streetAddress': '2518 Merrick Rd'}","{'@type': 'GeoCoordinates', 'latitude': 40.6620252, 'longitude': -73.532564}","{'@type': 'AggregateRating', 'ratingValue': 4.9, 'reviewCount': '19'}"
Tenjin Japanese Restaurant,https://www.ubereats.com/nyc-suburbs/food-delivery/tenjin-japanese-restaurant/eUgr5OoPRAm5pyixoMH40g,carle-place-new-york,"['Japanese', 'Asian', 'Sushi', 'Allergy Friendly']",,,$,40.8123527,-73.4947139,+15166825820,11791,615 Jericho Turnpike,Syosset,NY,"[{'@type': 'OpeningHoursSpecification', 'dayOfWeek': 'Sunday', 'opens': '16:0', 'closes': '21:0'}, {'@type': 'OpeningHoursSpecification', 'dayOfWeek': 'Tuesday', 'opens': '11:0', 'closes': '14:45'}, {'@type': 'OpeningHoursSpecification', 'dayOfWeek': 'Tuesday', 'opens': '17:0', 'closes': '21:30'}, {'@type': 'OpeningHoursSpecification', 'dayOfWeek': 'Wednesday', 'opens': '10:0', 'closes': '14:45'}, {'@type': 'OpeningHoursSpecification', 'dayOfWeek': 'Wednesday', 'opens': '17:0', 'closes': '21:30'}, {'@type': 'OpeningHoursSpecification', 'dayOfWeek': ['Thursday', 'Friday'], 'opens': '11:0', 'closes': '14:45'}, {'@type': 'OpeningHoursSpecification', 'dayOfWeek': ['Thursday', 'Friday'], 'opens': '17:0', 'closes': '21:30'}, {'@type': 'OpeningHoursSpecification', 'dayOfWeek': 'Saturday', 'opens': '16:0', 'closes': '22:0'}]","{'@type': 'PostalAddress', 'addressLocality': 'Syosset', 'addressRegion': 'NY', 'postalCode': '11791', 'addressCountry': 'US', 'streetAddress': '615 Jericho Turnpike'}","{'@type': 'GeoCoordinates', 'latitude': 40.8123527, 'longitude': -73.4947139}",{}
Lotus Asian Fusion,https://www.ubereats.com/nyc-suburbs/food-delivery/lotus-asian-fusion/Yq0wDO_ASj-lVMyXIhyoWg,carle-place-new-york,"['Asian Fusion', 'Asian', 'BBQ']",4.0,22,$$,40.766768,-73.523783,+15168225600,11801,16 W Marie St,Hicksville,NY,"[{'@type': 'OpeningHoursSpecification', 'dayOfWeek': ['Sunday', 'Monday'], 'opens': '12:0', 'closes': '22:0'}, {'@type': 'OpeningHoursSpecification', 'dayOfWeek': ['Wednesday', 'Thursday', 'Friday', 'Saturday'], 'opens': '12:0', 'closes': '22:0'}]","{'@type': 'PostalAddress', 'addressLocality': 'Hicksville', 'addressRegion': 'NY', 'postalCode': '11801', 'addressCountry': 'US', 'streetAddress': '16 W Marie St'}","{'@type': 'GeoCoordinates', 'latitude': 40.766768, 'longitude': -73.523783}","{'@type': 'AggregateRating', 'ratingValue': 4, 'reviewCount': '22'}"
Jersey Mike’s Subs (4025 Hempstead Turnpike Suite 3),https://www.ubereats.com/nyc-suburbs/food-delivery/jersey-mikes-subs-4025-hempstead-turnpike-suite-3/VE4XTu3lQ-SVfU7zmObiOg,carle-place-new-york,"['Sandwich', 'American', 'Burgers']",4.5,119,$,40.7257612,-73.4871639,+14149129090,11714,4025 Hempstead Turnpike,Bethpage,NY,"[{'@type': 'OpeningHoursSpecification', 'dayOfWeek': ['Monday', 'Tuesday', 'Wednesday', 'Thursday', 'Friday', 'Saturday', 'Sunday'], 'opens': '10:0', 'closes': '21:0'}]","{'@type': 'PostalAddress', 'addressLocality': 'Bethpage', 'addressRegion': 'NY', 'postalCode': '11714', 'addressCountry': 'US', 'streetAddress': '4025 Hempstead Turnpike'}","{'@type': 'GeoCoordinates', 'latitude': 40.7257612, 'longitude': -73.4871639}","{'@type': 'AggregateRating', 'ratingValue': 4.5, 'reviewCount': '119'}"
Dunkin' (265 East Jericho Tpk),https://www.ubereats.com/nyc-suburbs/food-delivery/dunkin-265-east-jericho-tpk/wmwZ-ZpPQLmqaw_kTezqUw,carle-place-new-york,"['Breakfast & Brunch', 'Donuts']",,,$,40.7543197,-73.62512840000001,+15164195591,11501,265 East Jericho Tpk,Mineola,NY,"[{'@type': 'OpeningHoursSpecification', 'dayOfWeek': ['Monday', 'Tuesday', 'Wednesday', 'Thursday', 'Friday', 'Saturday', 'Sunday'], 'opens': '7:0', 'closes': '20:0'}]","{'@type': 'PostalAddress', 'addressLocality': 'Mineola', 'addressRegion': 'NY', 'postalCode': '11501', 'addressCountry': 'US', 'streetAddress': '265 East Jericho Tpk'}","{'@type': 'GeoCoordinates', 'latitude': 40.7543197, 'longitude': -73.62512840000001}",{}
Tai Feng Panda House,https://www.ubereats.com/nyc-suburbs/food-delivery/tai-feng-panda-house/Zi7Ma8NFSEOFieYvembmGw,carle-place-new-york,['Asian'],,,$,40.7053948,-73.6520803,+15165059200,11552,346 Hempstead Turnpike,West Hempstead,NY,"[{'@type': 'OpeningHoursSpecification', 'dayOfWeek': 'Sunday', 'opens': '12:0', 'closes': '22:30'}, {'@type': 'OpeningHoursSpecification', 'dayOfWeek': ['Monday', 'Tuesday', 'Wednesday', 'Thursday'], 'opens': '11:0', 'closes': '15:0'}, {'@type': 'OpeningHoursSpecification', 'dayOfWeek': ['Monday', 'Tuesday', 'Wednesday', 'Thursday'], 'opens': '11:0', 'closes': '22:30'}, {'@type': 'OpeningHoursSpecification', 'dayOfWeek': ['Friday', 'Saturday'], 'opens': '11:0', 'closes': '15:0'}, {'@type': 'OpeningHoursSpecification', 'dayOfWeek': ['Friday', 'Saturday'], 'opens': '11:0', 'closes': '23:0'}]","{'@type': 'PostalAddress', 'addressLocality': 'West Hempstead', 'addressRegion': 'NY', 'postalCode': '11552', 'addressCountry': 'US', 'streetAddress': '346 Hempstead Turnpike'}","{'@type': 'GeoCoordinates', 'latitude': 40.7053948, 'longitude': -73.6520803}",{}
J & D Good Taste Restaurant,https://www.ubereats.com/nyc-suburbs/food-delivery/j-%26-d-good-taste-restaurant/46iBi2IXSWOi5SEXFemLKQ,carle-place-new-york,"['Jamaican', 'Haitian']",4.8,73,$,40.702272,-73.601577,+15164830126,11553,425 Jerusalem Ave,Uniondale,NY,"[{'@type': 'OpeningHoursSpecification', 'dayOfWeek': ['Monday', 'Tuesday', 'Wednesday', 'Thursday', 'Friday', 'Saturday', 'Sunday'], 'opens': '8:0', 'closes': '20:0'}, {'@type': 'OpeningHoursSpecification', 'dayOfWeek': ['Monday', 'Tuesday', 'Wednesday', 'Thursday', 'Friday', 'Saturday', 'Sunday'], 'opens': '8:0', 'closes': '20:0'}, {'@type': 'OpeningHoursSpecification', 'dayOfWeek': ['Monday', 'Tuesday', 'Wednesday', 'Thursday', 'Friday', 'Saturday', 'Sunday'], 'opens': '8:0', 'closes': '22:0'}]","{'@type': 'PostalAddress', 'addressLocality': 'Uniondale', 'addressRegion': 'NY', 'postalCode': '11553', 'addressCountry': 'US', 'streetAddress': '425 Jerusalem Ave'}","{'@type': 'GeoCoordinates', 'latitude': 40.702272, 'longitude': -73.601577}","{'@type': 'AggregateRating', 'ratingValue': 4.8, 'reviewCount': '73'}"
Burger King (110 Northern Boulevard),https://www.ubereats.com/nyc-suburbs/food-delivery/burger-king-110-northern-boulevard/5RaO4NFRQcO4fSsJiYPp9g,carle-place-new-york,"['American', 'burger', 'Fast Food']",4.1,15,$,40.8089092,-73.6290381,+15164844774,11548,110 Northern Boulevard,Greenvale,NY,"[{'@type': 'OpeningHoursSpecification', 'dayOfWeek': 'Sunday', 'opens': '7:30', 'closes': '10:29'}, {'@type': 'OpeningHoursSpecification', 'dayOfWeek': 'Sunday', 'opens': '10:30', 'closes': '23:30'}, {'@type': 'OpeningHoursSpecification', 'dayOfWeek': 'Sunday', 'opens': '0:0', 'closes': '0:30'}, {'@type': 'OpeningHoursSpecification', 'dayOfWeek': ['Monday', 'Tuesday', 'Wednesday'], 'opens': '7:30', 'closes': '10:29'}, {'@type': 'OpeningHoursSpecification', 'dayOfWeek': ['Monday', 'Tuesday', 'Wednesday'], 'opens': '10:30', 'closes': '23:30'}, {'@type': 'OpeningHoursSpecification', 'dayOfWeek': 'Thursday', 'opens': '7:30', 'closes': '10:29'}, {'@type': 'OpeningHoursSpecification', 'dayOfWeek': 'Thursday', 'opens': '10:30', 'closes': '23:59'}, {'@type': 'OpeningHoursSpecification', 'dayOfWeek': ['Friday', 'Saturday'], 'opens': '7:30', 'closes': '10:29'}, {'@type': 'OpeningHoursSpecification', 'dayOfWeek': ['Friday', 'Saturday'], 'opens': '0:0', 'closes': '0:30'}, {'@type': 'OpeningHoursSpecification', 'dayOfWeek': ['Friday', 'Saturday'], 'opens': '10:30', 'closes': '23:59'}]","{'@type': 'PostalAddress', 'addressLocality': 'Greenvale', 'addressRegion': 'NY', 'postalCode': '11548', 'addressCountry': 'US', 'streetAddress': '110 Northern Boulevard'}","{'@type': 'GeoCoordinates', 'latitude': 40.8089092, 'longitude': -73.6290381}","{'@type': 'AggregateRating', 'ratingValue': 4.1, 'reviewCount': '15'}"
TJ Chinese Tex-Mexican Express,https://www.ubereats.com/nyc-suburbs/food-delivery/tj-chinese-tex-mexican-express/X86GPS5GRdixrhf1LoES8Q,carle-place-new-york,"['Mexican', 'Seafood', 'Chinese', 'Tex Mex']",,,$,40.7603814,-73.64603249999999,+15167395489,11596,579 Willis Ave,Williston Park,NY,"[{'@type': 'OpeningHoursSpecification', 'dayOfWeek': 'Sunday', 'opens': '12:0', 'closes': '22:0'}, {'@type': 'OpeningHoursSpecification', 'dayOfWeek': 'Sunday', 'opens': '11:0', 'closes': '15:30'}, {'@type': 'OpeningHoursSpecification', 'dayOfWeek': 'Sunday', 'opens': '12:0', 'closes': '15:30'}, {'@type': 'OpeningHoursSpecification', 'dayOfWeek': 'Sunday', 'opens': '12:0', 'closes': '22:0'}, {'@type': 'OpeningHoursSpecification', 'dayOfWeek': ['Monday', 'Tuesday', 'Wednesday', 'Thursday'], 'opens': '11:0', 'closes': '22:0'}, {'@type': 'OpeningHoursSpecification', 'dayOfWeek': ['Monday', 'Tuesday', 'Wednesday', 'Thursday'], 'opens': '11:0', 'closes': '15:30'}, {'@type': 'OpeningHoursSpecification', 'dayOfWeek': ['Monday', 'Tuesday', 'Wednesday', 'Thursday'], 'opens': '11:0', 'closes': '22:0'}, {'@type': 'OpeningHoursSpecification', 'dayOfWeek': ['Friday', 'Saturday'], 'opens': '11:0', 'closes': '22:30'}, {'@type': 'OpeningHoursSpecification', 'dayOfWeek': ['Friday', 'Saturday'], 'opens': '11:0', 'closes': '15:30'}, {'@type': 'OpeningHoursSpecification', 'dayOfWeek': ['Friday', 'Saturday'], 'opens': '11:0', 'closes': '22:30'}]","{'@type': 'PostalAddress', 'addressLocality': 'Williston Park', 'addressRegion': 'NY', 'postalCode': '11596', 'addressCountry': 'US', 'streetAddress': '579 Willis Ave'}","{'@type': 'GeoCoordinates', 'latitude': 40.7603814, 'longitude': -73.64603249999999}",{}
St James,https://www.ubereats.com/nyc-suburbs/food-delivery/st-james/xyWqg9xUTaeD0Cxw5bLOPw,carle-place-new-york,"['American', 'Burgers', 'Sandwiches']",,,$,40.74191560000001,-73.6396894,+15167423040,11501,188-190 2nd St,Mineola,NY,"[{'@type': 'OpeningHoursSpecification', 'dayOfWeek': 'Sunday', 'opens': '12:0', 'closes': '15:0'}, {'@type': 'OpeningHoursSpecification', 'dayOfWeek': 'Sunday', 'opens': '12:0', 'closes': '20:0'}, {'@type': 'OpeningHoursSpecification', 'dayOfWeek': 'Monday', 'opens': '12:0', 'closes': '21:0'}, {'@type': 'OpeningHoursSpecification', 'dayOfWeek': ['Tuesday', 'Wednesday', 'Thursday', 'Friday'], 'opens': '12:0', 'closes': '21:0'}, {'@type': 'OpeningHoursSpecification', 'dayOfWeek': ['Tuesday', 'Wednesday', 'Thursday', 'Friday'], 'opens': '12:0', 'closes': '20:0'}, {'@type': 'OpeningHoursSpecification', 'dayOfWeek': 'Saturday', 'opens': '15:0', 'closes': '21:0'}, {'@type': 'OpeningHoursSpecification', 'dayOfWeek': 'Saturday', 'opens': '12:0', 'closes': '20:0'}]","{'@type': 'PostalAddress', 'addressLocality': 'Mineola', 'addressRegion': 'NY', 'postalCode': '11501', 'addressCountry': 'US', 'streetAddress': '188-190 2nd St'}","{'@type': 'GeoCoordinates', 'latitude': 40.74191560000001, 'longitude': -73.6396894}",{}
Let’s Roll!,https://www.ubereats.com/nyc-suburbs/food-delivery/lets-roll!/8pfKaQUKSTuJvK9lD90mJg,carle-place-new-york,"['Ice Cream & Frozen Yogurt', 'Comfort Food', 'Desserts']",4.7,148,$,40.6569898,-73.54896819999999,+15164421475,,,,,"[{'@type': 'OpeningHoursSpecification', 'dayOfWeek': ['Monday', 'Tuesday', 'Wednesday', 'Thursday', 'Friday', 'Saturday', 'Sunday'], 'opens': '12:0', 'closes': '22:15'}]",,"{'@type': 'GeoCoordinates', 'latitude': 40.6569898, 'longitude': -73.54896819999999}","{'@type': 'AggregateRating', 'ratingValue': 4.7, 'reviewCount': '148'}"
Sam's Caribbean Marketplace,https://www.ubereats.com/nyc-suburbs/food-delivery/sams-caribbean-marketplace/OHLW6kxJT_msZltpShIeqQ,carle-place-new-york,"['Caribbean', 'Soul Food', 'Rice-bowls', 'Chicken', 'Seafood', 'Desserts']",,,$,40.7047742,-73.6471363,+15168580054,11552,225 Hempstead Turnpike,West Hempstead,NY,"[{'@type': 'OpeningHoursSpecification', 'dayOfWeek': ['Monday', 'Tuesday', 'Wednesday', 'Thursday', 'Friday'], 'opens': '8:0', 'closes': '11:0'}, {'@type': 'OpeningHoursSpecification', 'dayOfWeek': ['Monday', 'Tuesday', 'Wednesday', 'Thursday', 'Friday'], 'opens': '11:30', 'closes': '19:30'}, {'@type': 'OpeningHoursSpecification', 'dayOfWeek': ['Monday', 'Tuesday', 'Wednesday', 'Thursday', 'Friday'], 'opens': '11:30', 'closes': '19:30'}, {'@type': 'OpeningHoursSpecification', 'dayOfWeek': 'Saturday', 'opens': '9:0', 'closes': '11:0'}, {'@type': 'OpeningHoursSpecification', 'dayOfWeek': 'Saturday', 'opens': '11:30', 'closes': '19:30'}, {'@type': 'OpeningHoursSpecification', 'dayOfWeek': 'Saturday', 'opens': '11:30', 'closes': '19:30'}]","{'@type': 'PostalAddress', 'addressLocality': 'West Hempstead', 'addressRegion': 'NY', 'postalCode': '11552', 'addressCountry': 'US', 'streetAddress': '225 Hempstead Turnpike'}","{'@type': 'GeoCoordinates', 'latitude': 40.7047742, 'longitude': -73.6471363}",{}
Uncle Bacala's,https://www.ubereats.com/nyc-suburbs/food-delivery/uncle-bacalas/l6Fp8t7bT5C1Chy4_d837g,carle-place-new-york,"['Italian', 'Pasta', 'Comfort Food', 'Pizza', 'Salads', 'Sandwich']",4.8,56,$,40.74262629999999,-73.6591856,+15167390505,11040,2370 Jericho Turnpike,Garden City Park,NY,"[{'@type': 'OpeningHoursSpecification', 'dayOfWeek': 'Sunday', 'opens': '12:0', 'closes': '22:0'}, {'@type': 'OpeningHoursSpecification', 'dayOfWeek': 'Sunday', 'opens': '12:0', 'closes': '22:0'}, {'@type': 'OpeningHoursSpecification', 'dayOfWeek': 'Monday', 'opens': '11:0', 'closes': '15:0'}, {'@type': 'OpeningHoursSpecification', 'dayOfWeek': 'Monday', 'opens': '15:0', 'closes': '22:0'}, {'@type': 'OpeningHoursSpecification', 'dayOfWeek': 'Monday', 'opens': '11:0', 'closes': '15:0'}, {'@type': 'OpeningHoursSpecification', 'dayOfWeek': 'Monday', 'opens': '15:0', 'closes': '22:0'}, {'@type': 'OpeningHoursSpecification', 'dayOfWeek': 'Tuesday', 'opens': '15:0', 'closes': '22:0'}, {'@type': 'OpeningHoursSpecification', 'dayOfWeek': 'Tuesday', 'opens': '11:0', 'closes': '15:0'}, {'@type': 'OpeningHoursSpecification', 'dayOfWeek': 'Tuesday', 'opens': '15:0', 'closes': '22:0'}, {'@type': 'OpeningHoursSpecification', 'dayOfWeek': 'Wednesday', 'opens': '11:0', 'closes': '15:0'}, {'@type': 'OpeningHoursSpecification', 'dayOfWeek': 'Wednesday', 'opens': '15:0', 'closes': '22:0'}, {'@type': 'OpeningHoursSpecification', 'dayOfWeek': 'Wednesday', 'opens': '11:0', 'closes': '15:0'}, {'@type': 'OpeningHoursSpecification', 'dayOfWeek': 'Wednesday', 'opens': '15:0', 'closes': '22:0'}, {'@type': 'OpeningHoursSpecification', 'dayOfWeek': 'Thursday', 'opens': '11:0', 'closes': '15:0'}, {'@type': 'OpeningHoursSpecification', 'dayOfWeek': 'Thursday', 'opens': '15:0', 'closes': '22:0'}, {'@type': 'OpeningHoursSpecification', 'dayOfWeek': 'Thursday', 'opens': '11:0', 'closes': '15:0'}, {'@type': 'OpeningHoursSpecification', 'dayOfWeek': 'Thursday', 'opens': '15:0', 'closes': '22:0'}, {'@type': 'OpeningHoursSpecification', 'dayOfWeek': 'Friday', 'opens': '11:30', 'closes': '15:0'}, {'@type': 'OpeningHoursSpecification', 'dayOfWeek': 'Friday', 'opens': '15:0', 'closes': '23:0'}, {'@type': 'OpeningHoursSpecification', 'dayOfWeek': 'Friday', 'opens': '11:0', 'closes': '15:0'}, {'@type': 'OpeningHoursSpecification', 'dayOfWeek': 'Friday', 'opens': '15:0', 'closes': '22:0'}, {'@type': 'OpeningHoursSpecification', 'dayOfWeek': 'Saturday', 'opens': '11:30', 'closes': '15:0'}, {'@type': 'OpeningHoursSpecification', 'dayOfWeek': 'Saturday', 'opens': '15:0', 'closes': '23:0'}, {'@type': 'OpeningHoursSpecification', 'dayOfWeek': 'Saturday', 'opens': '15:0', 'closes': '23:0'}]","{'@type': 'PostalAddress', 'addressLocality': 'Garden City Park', 'addressRegion': 'NY', 'postalCode': '11040', 'addressCountry': 'US', 'streetAddress': '2370 Jericho Turnpike'}","{'@type': 'GeoCoordinates', 'latitude': 40.74262629999999, 'longitude': -73.6591856}","{'@type': 'AggregateRating', 'ratingValue': 4.8, 'reviewCount': '56'}"
Wayback Burger (2306 Hempstead Turnpike),https://www.ubereats.com/nyc-suburbs/food-delivery/wayback-burger-2306-hempstead-turnpike/wqTEpkEfQXKu31ClHJiWbQ,carle-place-new-york,"['Burgers', 'American', 'Sandwich', 'Salads']",4.7,161,$,40.724685,-73.550911,+15165200298,11554,2306 Hempstead Turnpike,East Meadow,NY,"[{'@type': 'OpeningHoursSpecification', 'dayOfWeek': 'Sunday', 'opens': '11:0', 'closes': '19:45'}, {'@type': 'OpeningHoursSpecification', 'dayOfWeek': ['Monday', 'Tuesday', 'Wednesday', 'Thursday', 'Friday', 'Saturday'], 'opens': '11:0', 'closes': '20:45'}]","{'@type': 'PostalAddress', 'addressLocality': 'East Meadow', 'addressRegion': 'NY', 'postalCode': '11554', 'addressCountry': 'US', 'streetAddress': '2306 Hempstead Turnpike'}","{'@type': 'GeoCoordinates', 'latitude': 40.724685, 'longitude': -73.550911}","{'@type': 'AggregateRating', 'ratingValue': 4.7, 'reviewCount': '161'}"
Spice grill,https://www.ubereats.com/nyc-suburbs/food-delivery/spice-grill/V0s5QOe0T1uOlR_KKAVpDA,carle-place-new-york,"['Indian', 'Vegetarian Friendly']",4.4,10,$,40.74694,-73.58891,+15164164451,11590,1610 Old Country Road,East Garden City,NY,"[{'@type': 'OpeningHoursSpecification', 'dayOfWeek': ['Monday', 'Tuesday', 'Wednesday', 'Thursday', 'Friday', 'Saturday', 'Sunday'], 'opens': '11:0', 'closes': '22:0'}]","{'@type': 'PostalAddress', 'addressLocality': 'East Garden City', 'addressRegion': 'NY', 'postalCode': '11590', 'addressCountry': 'US', 'streetAddress': '1610 Old Country Road'}","{'@type': 'GeoCoordinates', 'latitude': 40.74694, 'longitude': -73.58891}","{'@type': 'AggregateRating', 'ratingValue': 4.4, 'reviewCount': '10'}"
Pollo Campero (Hempstead-Fulton Ave),https://www.ubereats.com/nyc-suburbs/food-delivery/pollo-campero-hempstead-fulton-ave/KraTW9--SdSI2JVfv3HdkQ,carle-place-new-york,"['Latin American', 'Chicken', 'Family Meals']",4.4,129,$$,40.705459,-73.634714,+15162810070,11550,50 Fulton Ave,Hempstead,NY,"[{'@type': 'OpeningHoursSpecification', 'dayOfWeek': 'Sunday', 'opens': '10:0', 'closes': '21:45'}, {'@type': 'OpeningHoursSpecification', 'dayOfWeek': ['Monday', 'Tuesday', 'Wednesday', 'Thursday', 'Friday'], 'opens': '11:0', 'closes': '21:45'}, {'@type': 'OpeningHoursSpecification', 'dayOfWeek': 'Saturday', 'opens': '10:0', 'closes': '21:45'}]","{'@type': 'PostalAddress', 'addressLocality': 'Hempstead', 'addressRegion': 'NY', 'postalCode': '11550', 'addressCountry': 'US', 'streetAddress': '50 Fulton Ave'}","{'@type': 'GeoCoordinates', 'latitude': 40.705459, 'longitude': -73.634714}","{'@type': 'AggregateRating', 'ratingValue': 4.4, 'reviewCount': '129'}"
Long Island Bagel Cafe,https://www.ubereats.com/nyc-suburbs/food-delivery/long-island-bagel-cafe/W2FEatD3RQyjaR4DYXvPSA,carle-place-new-york,"['Breakfast and Brunch', 'Sandwich', 'American']",4.6,151,$$,40.7531911,-73.6283711,+15164275454,11501,175 E Jericho Turnpike,Mineola,NY,"[{'@type': 'OpeningHoursSpecification', 'dayOfWeek': ['Monday', 'Tuesday', 'Wednesday', 'Thursday', 'Friday', 'Saturday', 'Sunday'], 'opens': '6:0', 'closes': '16:0'}]","{'@type': 'PostalAddress', 'addressLocality': 'Mineola', 'addressRegion': 'NY', 'postalCode': '11501', 'addressCountry': 'US', 'streetAddress': '175 E Jericho Turnpike'}","{'@type': 'GeoCoordinates', 'latitude': 40.7531911, 'longitude': -73.6283711}","{'@type': 'AggregateRating', 'ratingValue': 4.6, 'reviewCount': '151'}"
Burger King (535 Hempstead Turnpike),https://www.ubereats.com/nyc-suburbs/food-delivery/burger-king-535-hempstead-turnpike/Ts24CqVgRRWM-JNnkC2Org,carle-place-new-york,"['American', 'burger', 'Fast Food']",4.6,128,$,40.70796199999999,-73.70818100000001,+15163257867,11003,535 Hempstead Turnpike,Elmont,NY,"[{'@type': 'OpeningHoursSpecification', 'dayOfWeek': 'Sunday', 'opens': '5:0', 'closes': '10:30'}, {'@type': 'OpeningHoursSpecification', 'dayOfWeek': 'Sunday', 'opens': '10:30', 'closes': '0:0'}, {'@type': 'OpeningHoursSpecification', 'dayOfWeek': ['Monday', 'Tuesday', 'Wednesday'], 'opens': '6:30', 'closes': '10:29'}, {'@type': 'OpeningHoursSpecification', 'dayOfWeek': ['Monday', 'Tuesday', 'Wednesday'], 'opens': '10:30', 'closes': '22:29'}, {'@type': 'OpeningHoursSpecification', 'dayOfWeek': ['Thursday', 'Friday', 'Saturday'], 'opens': '5:0', 'closes': '10:30'}, {'@type': 'OpeningHoursSpecification', 'dayOfWeek': ['Thursday', 'Friday', 'Saturday'], 'opens': '10:30', 'closes': '0:0'}]","{'@type': 'PostalAddress', 'addressLocality': 'Elmont', 'addressRegion': 'NY', 'postalCode': '11003', 'addressCountry': 'US', 'streetAddress': '535 Hempstead Turnpike'}","{'@type': 'GeoCoordinates', 'latitude': 40.70796199999999, 'longitude': -73.70818100000001}","{'@type': 'AggregateRating', 'ratingValue': 4.6, 'reviewCount': '128'}"
Dunkin' (595 Franklin Ave),https://www.ubereats.com/nyc-suburbs/food-delivery/dunkin-595-franklin-ave/9vYW_eirQ5afdoektd0-kw,carle-place-new-york,"['Breakfast & Brunch', 'Donuts']",,,$,40.6920982,-73.6839028,+15163546055,11010,595 Franklin Ave,Franklin Square,NY,"[{'@type': 'OpeningHoursSpecification', 'dayOfWeek': ['Monday', 'Tuesday', 'Wednesday', 'Thursday', 'Friday', 'Saturday', 'Sunday'], 'opens': '6:30', 'closes': '19:30'}]","{'@type': 'PostalAddress', 'addressLocality': 'Franklin Square', 'addressRegion': 'NY', 'postalCode': '11010', 'addressCountry': 'US', 'streetAddress': '595 Franklin Ave'}","{'@type': 'GeoCoordinates', 'latitude': 40.6920982, 'longitude': -73.6839028}",{}
Texas Taco,https://www.ubereats.com/nyc-suburbs/food-delivery/texas-taco/iBIylANLTcmpVfwDBfGMEA,carle-place-new-york,"['New Mexican', 'Seafood', 'Tex Mex']",4.5,11,$,40.744625,-73.534152,+15162619299,11801,14 W Village Green,Hicksville,NY,"[{'@type': 'OpeningHoursSpecification', 'dayOfWeek': 'Sunday', 'opens': '11:0', 'closes': '21:0'}, {'@type': 'OpeningHoursSpecification', 'dayOfWeek': ['Monday', 'Tuesday', 'Wednesday', 'Thursday', 'Friday', 'Saturday'], 'opens': '11:0', 'closes': '21:30'}]","{'@type': 'PostalAddress', 'addressLocality': 'Hicksville', 'addressRegion': 'NY', 'postalCode': '11801', 'addressCountry': 'US', 'streetAddress': '14 W Village Green'}","{'@type': 'GeoCoordinates', 'latitude': 40.744625, 'longitude': -73.534152}","{'@type': 'AggregateRating', 'ratingValue': 4.5, 'reviewCount': '11'}"
Dunkin' (705 Old Country Rd),https://www.ubereats.com/nyc-suburbs/food-delivery/dunkin-705-old-country-rd/GLcV4AXbTnSXcPgs8Kkr_g,carle-place-new-york,"['Breakfast and Brunch', 'Donuts']",4.4,13,$,40.7512384,-73.57112219999999,+15162809041,11590,705 Old Country Rd,Westbury,NY,"[{'@type': 'OpeningHoursSpecification', 'dayOfWeek': ['Monday', 'Tuesday', 'Wednesday', 'Thursday', 'Friday', 'Saturday', 'Sunday'], 'opens': '6:0', 'closes': '7:0'}, {'@type': 'OpeningHoursSpecification', 'dayOfWeek': ['Monday', 'Tuesday', 'Wednesday', 'Thursday', 'Friday', 'Saturday', 'Sunday'], 'opens': '6:0', 'closes': '21:0'}]","{'@type': 'PostalAddress', 'addressLocality': 'Westbury', 'addressRegion': 'NY', 'postalCode': '11590', 'addressCountry': 'US', 'streetAddress': '705 Old Country Rd'}","{'@type': 'GeoCoordinates', 'latitude': 40.7512384, 'longitude': -73.57112219999999}","{'@type': 'AggregateRating', 'ratingValue': 4.4, 'reviewCount': '13'}"
Carvel (5504 Brush Hollow Road),https://www.ubereats.com/nyc-suburbs/food-delivery/carvel-5504-brush-hollow-road/AwsC8x64QjSs6vMbMXmDJw,carle-place-new-york,"['Ice Cream and Frozen Yogurt', 'Desserts']",,,$,40.77695,-73.558631,+15163337595,11590,5504 Brush Hollow Road,Westbury,NY,"[{'@type': 'OpeningHoursSpecification', 'dayOfWeek': 'Sunday', 'opens': '10:0', 'closes': '21:0'}, {'@type': 'OpeningHoursSpecification', 'dayOfWeek': ['Monday', 'Tuesday', 'Wednesday', 'Thursday', 'Friday', 'Saturday'], 'opens': '9:0', 'closes': '21:30'}]","{'@type': 'PostalAddress', 'addressLocality': 'Westbury', 'addressRegion': 'NY', 'postalCode': '11590', 'addressCountry': 'US', 'streetAddress': '5504 Brush Hollow Road'}","{'@type': 'GeoCoordinates', 'latitude': 40.77695, 'longitude': -73.558631}",{}
Dunkin' (840 Carman Ave),https://www.ubereats.com/nyc-suburbs/food-delivery/dunkin-840-carman-ave/ORGy1_MLR0G6GSvzys0LTQ,carle-place-new-york,"['Breakfast & Brunch', 'Donuts']",,,$,40.7477746,-73.552005,+15163330344,11590,840 Carman Ave,Westbury,NY,"[{'@type': 'OpeningHoursSpecification', 'dayOfWeek': ['Monday', 'Tuesday', 'Wednesday', 'Thursday', 'Friday', 'Saturday', 'Sunday'], 'opens': '6:30', 'closes': '13:30'}]","{'@type': 'PostalAddress', 'addressLocality': 'Westbury', 'addressRegion': 'NY', 'postalCode': '11590', 'addressCountry': 'US', 'streetAddress': '840 Carman Ave'}","{'@type': 'GeoCoordinates', 'latitude': 40.7477746, 'longitude': -73.552005}",{}
Bagel Boss (400 Willis Ave),https://www.ubereats.com/nyc-suburbs/food-delivery/bagel-boss-400-willis-ave/Kp-mMqc8TryQtEKSMeRfDw,carle-place-new-york,"['Breakfast and Brunch', 'American', 'Comfort Food']",4.5,53,$,40.778209,-73.6498957,+15166265599,11577,400 Willis Ave,Roslyn Heights,NY,"[{'@type': 'OpeningHoursSpecification', 'dayOfWeek': ['Monday', 'Tuesday', 'Wednesday', 'Thursday', 'Friday', 'Saturday', 'Sunday'], 'opens': '7:0', 'closes': '15:15'}]","{'@type': 'PostalAddress', 'addressLocality': 'Roslyn Heights', 'addressRegion': 'NY', 'postalCode': '11577', 'addressCountry': 'US', 'streetAddress': '400 Willis Ave'}","{'@type': 'GeoCoordinates', 'latitude': 40.778209, 'longitude': -73.6498957}","{'@type': 'AggregateRating', 'ratingValue': 4.5, 'reviewCount': '53'}"
9310-Bonefish Grill (340 Sunrise Highway),https://www.ubereats.com/nyc-suburbs/food-delivery/9310-bonefish-grill-340-sunrise-highway/RBVXR9UJRzWbKnj7HXWalw,carle-place-new-york,"['Seafood', 'Salads', 'Kids Friendly', 'Family Meals']",4.4,232,$$$,40.6568808,-73.64161730000001,+15167661238,11570,340 Sunrise Hwy,Rockville Centre,New York,"[{'@type': 'OpeningHoursSpecification', 'dayOfWeek': 'Sunday', 'opens': '11:0', 'closes': '20:30'}, {'@type': 'OpeningHoursSpecification', 'dayOfWeek': ['Monday', 'Tuesday', 'Wednesday', 'Thursday'], 'opens': '16:0', 'closes': '22:0'}, {'@type': 'OpeningHoursSpecification', 'dayOfWeek': 'Friday', 'opens': '16:0', 'closes': '23:0'}, {'@type': 'OpeningHoursSpecification', 'dayOfWeek': 'Saturday', 'opens': '11:0', 'closes': '23:0'}]","{'@type': 'PostalAddress', 'addressLocality': 'Rockville Centre', 'addressRegion': 'New York', 'postalCode': '11570', 'addressCountry': 'US', 'streetAddress': '340 Sunrise Hwy'}","{'@type': 'GeoCoordinates', 'latitude': 40.6568808, 'longitude': -73.64161730000001}","{'@type': 'AggregateRating', 'ratingValue': 4.4, 'reviewCount': '232'}"
M & E Grocery,https://www.ubereats.com/nyc-suburbs/food-delivery/m-%26-e-grocery/DvJogSxvRA2fSQuWPfL21w,carle-place-new-york,"['Deli', 'Burgers', 'Sandwich', 'Salads', 'Chicken', 'Breakfast and Brunch']",,,$,40.7146952,-73.6141842,+15162929208,11550,10 James L L Burrell Ave,Hempstead,NY,"[{'@type': 'OpeningHoursSpecification', 'dayOfWeek': 'Sunday', 'opens': '6:0', 'closes': '21:0'}, {'@type': 'OpeningHoursSpecification', 'dayOfWeek': 'Sunday', 'opens': '7:0', 'closes': '21:0'}, {'@type': 'OpeningHoursSpecification', 'dayOfWeek': 'Sunday', 'opens': '7:0', 'closes': '21:0'}, {'@type': 'OpeningHoursSpecification', 'dayOfWeek': 'Sunday', 'opens': '7:0', 'closes': '21:0'}, {'@type': 'OpeningHoursSpecification', 'dayOfWeek': ['Monday', 'Tuesday', 'Wednesday', 'Thursday', 'Friday'], 'opens': '6:0', 'closes': '21:0'}, {'@type': 'OpeningHoursSpecification', 'dayOfWeek': ['Monday', 'Tuesday', 'Wednesday', 'Thursday', 'Friday'], 'opens': '6:0', 'closes': '22:0'}, {'@type': 'OpeningHoursSpecification', 'dayOfWeek': ['Monday', 'Tuesday', 'Wednesday', 'Thursday', 'Friday'], 'opens': '6:0', 'closes': '22:0'}, {'@type': 'OpeningHoursSpecification', 'dayOfWeek': ['Monday', 'Tuesday', 'Wednesday', 'Thursday', 'Friday'], 'opens': '6:30', 'closes': '20:30'}, {'@type': 'OpeningHoursSpecification', 'dayOfWeek': 'Saturday', 'opens': '6:0', 'closes': '21:0'}, {'@type': 'OpeningHoursSpecification', 'dayOfWeek': 'Saturday', 'opens': '6:0', 'closes': '10:0'}, {'@type': 'OpeningHoursSpecification', 'dayOfWeek': 'Saturday', 'opens': '6:0', 'closes': '10:0'}, {'@type': 'OpeningHoursSpecification', 'dayOfWeek': 'Saturday', 'opens': '6:30', 'closes': '20:30'}]","{'@type': 'PostalAddress', 'addressLocality': 'Hempstead', 'addressRegion': 'NY', 'postalCode': '11550', 'addressCountry': 'US', 'streetAddress': '10 James L L Burrell Ave'}","{'@type': 'GeoCoordinates', 'latitude': 40.7146952, 'longitude': -73.6141842}",{}
The Clubhouse,https://www.ubereats.com/nyc-suburbs/food-delivery/the-clubhouse/9BCLWQYtSZOMJugZmmnq4A,carle-place-new-york,"['American', 'Sandwich', 'Burgers']",,,$$,40.749079,-73.674175,+15168731110,11040,Spring Rock Golf Center,New Hyde Park,NY,"[{'@type': 'OpeningHoursSpecification', 'dayOfWeek': 'Sunday', 'opens': '12:0', 'closes': '21:30'}, {'@type': 'OpeningHoursSpecification', 'dayOfWeek': ['Friday', 'Saturday'], 'opens': '12:0', 'closes': '21:30'}]","{'@type': 'PostalAddress', 'addressLocality': 'New Hyde Park', 'addressRegion': 'NY', 'postalCode': '11040', 'addressCountry': 'US', 'streetAddress': 'Spring Rock Golf Center'}","{'@type': 'GeoCoordinates', 'latitude': 40.749079, 'longitude': -73.674175}",{}
Palm Court at The Carltun,https://www.ubereats.com/nyc-suburbs/food-delivery/palm-court-at-the-carltun/awpwxgSYRKO9FX_mZtRLIg,carle-place-new-york,"['Burgers', 'American', 'Sandwiches', 'Allergy Friendly']",,,$,40.7327932,-73.5729953,+15165420700,11554,The Carltun Eisenhower Park,East Meadow,NY,"[{'@type': 'OpeningHoursSpecification', 'dayOfWeek': 'Sunday', 'opens': '12:0', 'closes': '19:30'}, {'@type': 'OpeningHoursSpecification', 'dayOfWeek': ['Tuesday', 'Wednesday', 'Thursday', 'Friday', 'Saturday'], 'opens': '12:0', 'closes': '19:30'}]","{'@type': 'PostalAddress', 'addressLocality': 'East Meadow', 'addressRegion': 'NY', 'postalCode': '11554', 'addressCountry': 'US', 'streetAddress': 'The Carltun Eisenhower Park'}","{'@type': 'GeoCoordinates', 'latitude': 40.7327932, 'longitude': -73.5729953}",{}
Wonder Pizza (Hempstead),https://www.ubereats.com/nyc-suburbs/food-delivery/wonder-pizza-hempstead/k9bL_7R7Tj2G2LQDqPT82g,carle-place-new-york,"['American', 'Pizza']",,,$,40.702307,-73.6258874,+15165382100,11550,391 Peninsula Blvd,Hempstead,NY,"[{'@type': 'OpeningHoursSpecification', 'dayOfWeek': ['Monday', 'Tuesday', 'Wednesday', 'Thursday', 'Friday', 'Saturday'], 'opens': '9:0', 'closes': '20:0'}]","{'@type': 'PostalAddress', 'addressLocality': 'Hempstead', 'addressRegion': 'NY', 'postalCode': '11550', 'addressCountry': 'US', 'streetAddress': '391 Peninsula Blvd'}","{'@type': 'GeoCoordinates', 'latitude': 40.702307, 'longitude': -73.6258874}",{}
Friendly's (1826 Hempstead Tpke),https://www.ubereats.com/nyc-suburbs/food-delivery/friendlys-1826-hempstead-tpke/nVamVvXBSgiCnxU4uotzVA,carle-place-new-york,"['American', 'Family Meals', 'Kids Friendly', 'Burgers', 'Ice Cream and Frozen Yogurt', 'Desserts']",4.7,216,$,40.723639,-73.568385,+15167943191,11554,1826 Hempstead Turnpike,East Meadow,New York,"[{'@type': 'OpeningHoursSpecification', 'dayOfWeek': 'Sunday', 'opens': '9:0', 'closes': '22:30'}, {'@type': 'OpeningHoursSpecification', 'dayOfWeek': ['Monday', 'Tuesday', 'Wednesday', 'Thursday'], 'opens': '11:0', 'closes': '22:30'}, {'@type': 'OpeningHoursSpecification', 'dayOfWeek': 'Friday', 'opens': '11:0', 'closes': '23:29'}, {'@type': 'OpeningHoursSpecification', 'dayOfWeek': 'Saturday', 'opens': '9:0', 'closes': '23:29'}]","{'@type': 'PostalAddress', 'addressLocality': 'East Meadow', 'addressRegion': 'New York', 'postalCode': '11554', 'addressCountry': 'US', 'streetAddress': '1826 Hempstead Turnpike'}","{'@type': 'GeoCoordinates', 'latitude': 40.723639, 'longitude': -73.568385}","{'@type': 'AggregateRating', 'ratingValue': 4.7, 'reviewCount': '216'}"
Dunkin' (329 Merrick Ave),https://www.ubereats.com/nyc-suburbs/food-delivery/dunkin-329-merrick-ave/ZwwGYO7QRkmAQ1vMT_AeHw,carle-place-new-york,"['Breakfast and Brunch', 'Donuts']",,,$,40.71457569999999,-73.5730085,+15165426155,11554,329 Merrick Ave,East Meadow,NY,"[{'@type': 'OpeningHoursSpecification', 'dayOfWeek': 'Sunday', 'opens': '6:30', 'closes': '21:30'}, {'@type': 'OpeningHoursSpecification', 'dayOfWeek': 'Sunday', 'opens': '6:0', 'closes': '18:0'}, {'@type': 'OpeningHoursSpecification', 'dayOfWeek': ['Monday', 'Tuesday', 'Wednesday', 'Thursday', 'Friday', 'Saturday'], 'opens': '5:30', 'closes': '21:30'}, {'@type': 'OpeningHoursSpecification', 'dayOfWeek': ['Monday', 'Tuesday', 'Wednesday', 'Thursday', 'Friday', 'Saturday'], 'opens': '6:0', 'closes': '18:0'}]","{'@type': 'PostalAddress', 'addressLocality': 'East Meadow', 'addressRegion': 'NY', 'postalCode': '11554', 'addressCountry': 'US', 'streetAddress': '329 Merrick Ave'}","{'@type': 'GeoCoordinates', 'latitude': 40.71457569999999, 'longitude': -73.5730085}",{}
Burger King (150 Fulton Avenue),https://www.ubereats.com/nyc-suburbs/food-delivery/burger-king-150-fulton-avenue/bQefln4bQBesCUEDBvA4yQ,carle-place-new-york,"['American', 'burger', 'Fast Food']",4.3,58,$,40.7064412,-73.6311078,+15164891650,11550,150 Fulton Avenue,Hempstead,NY,"[{'@type': 'OpeningHoursSpecification', 'dayOfWeek': 'Sunday', 'opens': '7:30', 'closes': '10:29'}, {'@type': 'OpeningHoursSpecification', 'dayOfWeek': 'Sunday', 'opens': '10:30', 'closes': '21:30'}, {'@type': 'OpeningHoursSpecification', 'dayOfWeek': 'Sunday', 'opens': '0:0', 'closes': '4:30'}, {'@type': 'OpeningHoursSpecification', 'dayOfWeek': ['Monday', 'Tuesday', 'Wednesday'], 'opens': '7:30', 'closes': '10:29'}, {'@type': 'OpeningHoursSpecification', 'dayOfWeek': ['Monday', 'Tuesday', 'Wednesday'], 'opens': '10:30', 'closes': '21:30'}, {'@type': 'OpeningHoursSpecification', 'dayOfWeek': 'Thursday', 'opens': '6:30', 'closes': '10:29'}, {'@type': 'OpeningHoursSpecification', 'dayOfWeek': 'Thursday', 'opens': '10:30', 'closes': '23:59'}, {'@type': 'OpeningHoursSpecification', 'dayOfWeek': ['Friday', 'Saturday'], 'opens': '6:30', 'closes': '10:29'}, {'@type': 'OpeningHoursSpecification', 'dayOfWeek': ['Friday', 'Saturday'], 'opens': '0:0', 'closes': '4:30'}, {'@type': 'OpeningHoursSpecification', 'dayOfWeek': ['Friday', 'Saturday'], 'opens': '10:30', 'closes': '23:59'}]","{'@type': 'PostalAddress', 'addressLocality': 'Hempstead', 'addressRegion': 'NY', 'postalCode': '11550', 'addressCountry': 'US', 'streetAddress': '150 Fulton Avenue'}","{'@type': 'GeoCoordinates', 'latitude': 40.7064412, 'longitude': -73.6311078}","{'@type': 'AggregateRating', 'ratingValue': 4.3, 'reviewCount': '58'}"
Hook & Reel,https://www.ubereats.com/nyc-suburbs/food-delivery/hook-%26-reel/1MXuX3a9R4iPTIOOzu0atQ,carle-place-new-york,"['Seafood', 'American', 'Southern']",4.4,81,$,40.773423,-73.52964000000001,+15167190388,11801,363 Broadway Mall,Hicksville,NY,"[{'@type': 'OpeningHoursSpecification', 'dayOfWeek': ['Sunday', 'Monday', 'Tuesday', 'Wednesday', 'Thursday'], 'opens': '12:0', 'closes': '21:30'}, {'@type': 'OpeningHoursSpecification', 'dayOfWeek': ['Friday', 'Saturday'], 'opens': '12:0', 'closes': '22:30'}]","{'@type': 'PostalAddress', 'addressLocality': 'Hicksville', 'addressRegion': 'NY', 'postalCode': '11801', 'addressCountry': 'US', 'streetAddress': '363 Broadway Mall'}","{'@type': 'GeoCoordinates', 'latitude': 40.773423, 'longitude': -73.52964000000001}","{'@type': 'AggregateRating', 'ratingValue': 4.4, 'reviewCount': '81'}"
Bareburger (399 S Oyster Bay Rd),https://www.ubereats.com/nyc-suburbs/food-delivery/bareburger-399-s-oyster-bay-rd/sqj1cOo4Q9ytTDuohk3Lew,carle-place-new-york,"['Burgers', 'Salads', 'Vegetarian Friendly']",4.7,99,$,40.7835,-73.5026,+15169323500,11803,399 S Oyster Bay Rd,Plainview,NY,"[{'@type': 'OpeningHoursSpecification', 'dayOfWeek': ['Monday', 'Tuesday', 'Wednesday', 'Thursday', 'Friday', 'Saturday', 'Sunday'], 'opens': '12:0', 'closes': '20:45'}]","{'@type': 'PostalAddress', 'addressLocality': 'Plainview', 'addressRegion': 'NY', 'postalCode': '11803', 'addressCountry': 'US', 'streetAddress': '399 S Oyster Bay Rd'}","{'@type': 'GeoCoordinates', 'latitude': 40.7835, 'longitude': -73.5026}","{'@type': 'AggregateRating', 'ratingValue': 4.7, 'reviewCount': '99'}"
Island Soul,https://www.ubereats.com/nyc-suburbs/food-delivery/island-soul/N2Hp1DS7TwqpoltHMW8jlQ,carle-place-new-york,"['Caribbean', 'American', 'Comfort Food']",4.5,347,$,40.686368,-73.651947,+15167505959,11552,413 Eagle Ave,West Hempstead,NY,"[{'@type': 'OpeningHoursSpecification', 'dayOfWeek': 'Sunday', 'opens': '12:30', 'closes': '20:0'}, {'@type': 'OpeningHoursSpecification', 'dayOfWeek': ['Tuesday', 'Wednesday', 'Thursday', 'Friday', 'Saturday'], 'opens': '12:30', 'closes': '20:0'}]","{'@type': 'PostalAddress', 'addressLocality': 'West Hempstead', 'addressRegion': 'NY', 'postalCode': '11552', 'addressCountry': 'US', 'streetAddress': '413 Eagle Ave'}","{'@type': 'GeoCoordinates', 'latitude': 40.686368, 'longitude': -73.651947}","{'@type': 'AggregateRating', 'ratingValue': 4.5, 'reviewCount': '347'}"
El Mofongo Restaurant,https://www.ubereats.com/nyc-suburbs/food-delivery/el-mofongo-restaurant/rQ77Ayq-R7SziWFTC7iA_g,carle-place-new-york,"['Pasta', 'Seafood', 'Sandwich', 'Chicken']",,,$,40.712157,-73.6084039,+15162807782,11550,684 Fulton Ave,Hempstead,NY,"[{'@type': 'OpeningHoursSpecification', 'dayOfWeek': ['Monday', 'Tuesday', 'Wednesday', 'Thursday', 'Friday', 'Saturday', 'Sunday'], 'opens': '8:0', 'closes': '22:0'}, {'@type': 'OpeningHoursSpecification', 'dayOfWeek': ['Monday', 'Tuesday', 'Wednesday', 'Thursday', 'Friday', 'Saturday', 'Sunday'], 'opens': '7:0', 'closes': '7:30'}, {'@type': 'OpeningHoursSpecification', 'dayOfWeek': ['Monday', 'Tuesday', 'Wednesday', 'Thursday', 'Friday', 'Saturday', 'Sunday'], 'opens': '11:0', 'closes': '19:30'}]","{'@type': 'PostalAddress', 'addressLocality': 'Hempstead', 'addressRegion': 'NY', 'postalCode': '11550', 'addressCountry': 'US', 'streetAddress': '684 Fulton Ave'}","{'@type': 'GeoCoordinates', 'latitude': 40.712157, 'longitude': -73.6084039}",{}
Fukee,https://www.ubereats.com/nyc-suburbs/food-delivery/fukee/ZCXNNT9KSmirRE3_lJ3SFg,carle-place-new-york,"['Asian', 'Japanese', 'Sushi']",,,$$$,40.7363326,-73.4950626,+15169337225,11714,440 N Wantagh Ave,Bethpage,NY,"[{'@type': 'OpeningHoursSpecification', 'dayOfWeek': 'Sunday', 'opens': '14:0', 'closes': '20:30'}, {'@type': 'OpeningHoursSpecification', 'dayOfWeek': ['Tuesday', 'Wednesday', 'Thursday'], 'opens': '12:0', 'closes': '21:0'}, {'@type': 'OpeningHoursSpecification', 'dayOfWeek': ['Tuesday', 'Wednesday', 'Thursday'], 'opens': '12:15', 'closes': '15:0'}, {'@type': 'OpeningHoursSpecification', 'dayOfWeek': 'Friday', 'opens': '12:15', 'closes': '21:30'}, {'@type': 'OpeningHoursSpecification', 'dayOfWeek': 'Friday', 'opens': '12:15', 'closes': '15:0'}, {'@type': 'OpeningHoursSpecification', 'dayOfWeek': 'Saturday', 'opens': '13:0', 'closes': '21:30'}, {'@type': 'OpeningHoursSpecification', 'dayOfWeek': 'Saturday', 'opens': '13:0', 'closes': '15:0'}]","{'@type': 'PostalAddress', 'addressLocality': 'Bethpage', 'addressRegion': 'NY', 'postalCode': '11714', 'addressCountry': 'US', 'streetAddress': '440 N Wantagh Ave'}","{'@type': 'GeoCoordinates', 'latitude': 40.7363326, 'longitude': -73.4950626}",{}
Hildebrandt's,https://www.ubereats.com/nyc-suburbs/food-delivery/hildebrandts/NgTANxu0RS-EKkwNTHK99Q,carle-place-new-york,"['Sandwich', 'Wraps', 'Salads']",4.8,12,$,40.757405,-73.642868,+15167410608,11596,84 Hillside Avenue,Williston Park,NY,"[{'@type': 'OpeningHoursSpecification', 'dayOfWeek': ['Tuesday', 'Wednesday', 'Thursday', 'Friday', 'Saturday'], 'opens': '11:0', 'closes': '20:0'}]","{'@type': 'PostalAddress', 'addressLocality': 'Williston Park', 'addressRegion': 'NY', 'postalCode': '11596', 'addressCountry': 'US', 'streetAddress': '84 Hillside Avenue'}","{'@type': 'GeoCoordinates', 'latitude': 40.757405, 'longitude': -73.642868}","{'@type': 'AggregateRating', 'ratingValue': 4.8, 'reviewCount': '12'}"
Texas Chicken & Burgers (Cornwell Avenue),https://www.ubereats.com/nyc-suburbs/food-delivery/texas-chicken-%26-burgers-cornwell-avenue/w8VG9olqTdux3Oadbl1rfA,carle-place-new-york,"['Comfort Food', 'American', 'Wings', 'Family Meals']",,,$,40.6838963,-73.6643132,+13474758422,11552,677 Cornwell Avenue,West Hempstead,NY,"[{'@type': 'OpeningHoursSpecification', 'dayOfWeek': ['Sunday', 'Monday', 'Tuesday', 'Wednesday', 'Thursday'], 'opens': '11:0', 'closes': '2:0'}, {'@type': 'OpeningHoursSpecification', 'dayOfWeek': ['Friday', 'Saturday'], 'opens': '11:0', 'closes': '3:0'}]","{'@type': 'PostalAddress', 'addressLocality': 'West Hempstead', 'addressRegion': 'NY', 'postalCode': '11552', 'addressCountry': 'US', 'streetAddress': '677 Cornwell Avenue'}","{'@type': 'GeoCoordinates', 'latitude': 40.6838963, 'longitude': -73.6643132}",{}
Wendy's  (60 North Broadway),https://www.ubereats.com/nyc-suburbs/food-delivery/wendys-60-north-broadway/1IFBLS-YQWqTsgRcMCQbow,carle-place-new-york,"['American', 'Burgers', 'Fast Food', 'Breakfast and Brunch']",4.3,115,$,40.7697304,-73.5264897,+15164330255,11801,60 North Broadway,Hicksville,NY,"[{'@type': 'OpeningHoursSpecification', 'dayOfWeek': ['Monday', 'Tuesday', 'Wednesday', 'Thursday', 'Friday', 'Saturday', 'Sunday'], 'opens': '10:30', 'closes': '1:30'}, {'@type': 'OpeningHoursSpecification', 'dayOfWeek': ['Monday', 'Tuesday', 'Wednesday', 'Thursday', 'Friday', 'Saturday', 'Sunday'], 'opens': '6:30', 'closes': '10:0'}]","{'@type': 'PostalAddress', 'addressLocality': 'Hicksville', 'addressRegion': 'NY', 'postalCode': '11801', 'addressCountry': 'US', 'streetAddress': '60 North Broadway'}","{'@type': 'GeoCoordinates', 'latitude': 40.7697304, 'longitude': -73.5264897}","{'@type': 'AggregateRating', 'ratingValue': 4.3, 'reviewCount': '115'}"
Kung Fu Tea (358 Broadway Mall),https://www.ubereats.com/nyc-suburbs/food-delivery/kung-fu-tea-358-broadway-mall/nF9DhILgQbyKi_0-Cxv1Ig,carle-place-new-york,"['Bubble Tea', 'Coffee and Tea', 'Juice']",4.7,67,$,40.773593999999996,-73.5333271,+15163369812,11801,358 Broadway Mall,Hicksville,NY,"[{'@type': 'OpeningHoursSpecification', 'dayOfWeek': ['Monday', 'Tuesday', 'Wednesday', 'Thursday', 'Friday', 'Saturday', 'Sunday'], 'opens': '12:0', 'closes': '19:0'}]","{'@type': 'PostalAddress', 'addressLocality': 'Hicksville', 'addressRegion': 'NY', 'postalCode': '11801', 'addressCountry': 'US', 'streetAddress': '358 Broadway Mall'}","{'@type': 'GeoCoordinates', 'latitude': 40.773593999999996, 'longitude': -73.5333271}","{'@type': 'AggregateRating', 'ratingValue': 4.7, 'reviewCount': '67'}"
Caribbean Cove,https://www.ubereats.com/nyc-suburbs/food-delivery/caribbean-cove/1s0nWlAnSC2bOpw4JFGRPg,carle-place-new-york,['Caribbean'],4.6,23,$$,40.663286,-73.607409,+19294343610,11510,1929 Grand Ave,Baldwin,NY,"[{'@type': 'OpeningHoursSpecification', 'dayOfWeek': 'Sunday', 'opens': '11:0', 'closes': '22:0'}, {'@type': 'OpeningHoursSpecification', 'dayOfWeek': ['Tuesday', 'Wednesday', 'Thursday', 'Friday'], 'opens': '11:0', 'closes': '21:0'}, {'@type': 'OpeningHoursSpecification', 'dayOfWeek': 'Saturday', 'opens': '11:0', 'closes': '22:0'}]","{'@type': 'PostalAddress', 'addressLocality': 'Baldwin', 'addressRegion': 'NY', 'postalCode': '11510', 'addressCountry': 'US', 'streetAddress': '1929 Grand Ave'}","{'@type': 'GeoCoordinates', 'latitude': 40.663286, 'longitude': -73.607409}","{'@type': 'AggregateRating', 'ratingValue': 4.6, 'reviewCount': '23'}"
Umberto's of New Hyde Park,https://www.ubereats.com/nyc-suburbs/food-delivery/umbertos-of-new-hyde-park/6iyn30RuQpe8ByaF1hz_1Q,carle-place-new-york,"['Pizza', 'American', 'Italian']",4.6,120,$,40.7323691,-73.6874204,+15164377698,11040,633 Jericho Turnpike,New Hyde Park,NY,"[{'@type': 'OpeningHoursSpecification', 'dayOfWeek': ['Monday', 'Tuesday', 'Wednesday', 'Thursday', 'Friday', 'Saturday', 'Sunday'], 'opens': '11:30', 'closes': '19:30'}]","{'@type': 'PostalAddress', 'addressLocality': 'New Hyde Park', 'addressRegion': 'NY', 'postalCode': '11040', 'addressCountry': 'US', 'streetAddress': '633 Jericho Turnpike'}","{'@type': 'GeoCoordinates', 'latitude': 40.7323691, 'longitude': -73.6874204}","{'@type': 'AggregateRating', 'ratingValue': 4.6, 'reviewCount': '120'}"
Benihana (2105 Northern Blvd.),https://www.ubereats.com/nyc-suburbs/food-delivery/benihana-2105-northern-blvd/_CWhLspIRiC2RpCAOfKw3Q,carle-place-new-york,"['Japanese', 'Family Meals']",4.5,124,$$,40.7979429,-73.6701305,+15166273400,11030,2105 Northern Blvd.,Manhasset,NY,"[{'@type': 'OpeningHoursSpecification', 'dayOfWeek': ['Sunday', 'Monday', 'Tuesday', 'Wednesday', 'Thursday'], 'opens': '10:30', 'closes': '21:30'}, {'@type': 'OpeningHoursSpecification', 'dayOfWeek': ['Friday', 'Saturday'], 'opens': '10:30', 'closes': '22:30'}]","{'@type': 'PostalAddress', 'addressLocality': 'Manhasset', 'addressRegion': 'NY', 'postalCode': '11030', 'addressCountry': 'US', 'streetAddress': '2105 Northern Blvd.'}","{'@type': 'GeoCoordinates', 'latitude': 40.7979429, 'longitude': -73.6701305}","{'@type': 'AggregateRating', 'ratingValue': 4.5, 'reviewCount': '124'}"
Organic Living LLC,https://www.ubereats.com/nyc-suburbs/food-delivery/organic-living-llc/-4F8nU-wQP69TC-7kbQKiw,carle-place-new-york,"['Juice and Smoothies', 'Healthy', 'Vegetarian']",,,,40.711194,-73.555942,+15165009464,11554,536 E Meadow Ave,East Meadow,NY,"[{'@type': 'OpeningHoursSpecification', 'dayOfWeek': ['Monday', 'Tuesday', 'Wednesday', 'Thursday', 'Friday'], 'opens': '8:0', 'closes': '20:0'}, {'@type': 'OpeningHoursSpecification', 'dayOfWeek': 'Saturday', 'opens': '10:0', 'closes': '18:0'}]","{'@type': 'PostalAddress', 'addressLocality': 'East Meadow', 'addressRegion': 'NY', 'postalCode': '11554', 'addressCountry': 'US', 'streetAddress': '536 E Meadow Ave'}","{'@type': 'GeoCoordinates', 'latitude': 40.711194, 'longitude': -73.555942}",{}
Jonathan's Restaurant,https://www.ubereats.com/nyc-suburbs/food-delivery/jonathans-restaurant/GCURxz_VSIa3KVML_uivwg,carle-place-new-york,"['Burgers', 'American', 'Sandwiches']",5.0,12,$,40.7438916,-73.6578059,+15167427300,11040,2499 Jericho Turnpike.,New Hyde Park,NY,"[{'@type': 'OpeningHoursSpecification', 'dayOfWeek': ['Sunday', 'Monday', 'Tuesday', 'Wednesday', 'Thursday'], 'opens': '12:0', 'closes': '20:0'}, {'@type': 'OpeningHoursSpecification', 'dayOfWeek': ['Friday', 'Saturday'], 'opens': '12:0', 'closes': '20:0'}, {'@type': 'OpeningHoursSpecification', 'dayOfWeek': ['Friday', 'Saturday'], 'opens': '12:0', 'closes': '21:0'}]","{'@type': 'PostalAddress', 'addressLocality': 'New Hyde Park', 'addressRegion': 'NY', 'postalCode': '11040', 'addressCountry': 'US', 'streetAddress': '2499 Jericho Turnpike.'}","{'@type': 'GeoCoordinates', 'latitude': 40.7438916, 'longitude': -73.6578059}","{'@type': 'AggregateRating', 'ratingValue': 5, 'reviewCount': '12'}"
Burger King (501 Old Country Road),https://www.ubereats.com/nyc-suburbs/food-delivery/burger-king-501-old-country-road/_J8elb0xT2ykSFBhhbhyXw,carle-place-new-york,"['American', 'burger', 'Fast Food']",4.4,125,$,40.7694324,-73.50076419999999,+15169355407,11803,501 Old Country Road,Plainview,NY,"[{'@type': 'OpeningHoursSpecification', 'dayOfWeek': 'Sunday', 'opens': '6:30', 'closes': '10:29'}, {'@type': 'OpeningHoursSpecification', 'dayOfWeek': 'Sunday', 'opens': '10:30', 'closes': '23:59'}, {'@type': 'OpeningHoursSpecification', 'dayOfWeek': 'Sunday', 'opens': '0:0', 'closes': '4:30'}, {'@type': 'OpeningHoursSpecification', 'dayOfWeek': ['Monday', 'Tuesday', 'Wednesday', 'Thursday', 'Friday', 'Saturday'], 'opens': '6:30', 'closes': '10:29'}, {'@type': 'OpeningHoursSpecification', 'dayOfWeek': ['Monday', 'Tuesday', 'Wednesday', 'Thursday', 'Friday', 'Saturday'], 'opens': '0:0', 'closes': '4:30'}, {'@type': 'OpeningHoursSpecification', 'dayOfWeek': ['Monday', 'Tuesday', 'Wednesday', 'Thursday', 'Friday', 'Saturday'], 'opens': '10:30', 'closes': '23:59'}]","{'@type': 'PostalAddress', 'addressLocality': 'Plainview', 'addressRegion': 'NY', 'postalCode': '11803', 'addressCountry': 'US', 'streetAddress': '501 Old Country Road'}","{'@type': 'GeoCoordinates', 'latitude': 40.7694324, 'longitude': -73.50076419999999}","{'@type': 'AggregateRating', 'ratingValue': 4.4, 'reviewCount': '125'}"
ANATOLIA,https://www.ubereats.com/nyc-suburbs/food-delivery/anatolia/UvLnAFoeQ-2xrZKmXY1y7Q,carle-place-new-york,"['American', 'Turkish', 'Mediterranean']",5.0,39,$$,40.702065,-73.644612,+15162805858,11552,183 Hempstead Ave,West Hempstead,NY,"[{'@type': 'OpeningHoursSpecification', 'dayOfWeek': ['Monday', 'Tuesday', 'Wednesday', 'Thursday', 'Friday', 'Saturday', 'Sunday'], 'opens': '11:0', 'closes': '21:30'}]","{'@type': 'PostalAddress', 'addressLocality': 'West Hempstead', 'addressRegion': 'NY', 'postalCode': '11552', 'addressCountry': 'US', 'streetAddress': '183 Hempstead Ave'}","{'@type': 'GeoCoordinates', 'latitude': 40.702065, 'longitude': -73.644612}","{'@type': 'AggregateRating', 'ratingValue': 5, 'reviewCount': '39'}"
Starbucks (Gallery Shopping Center at Westbury),https://www.ubereats.com/nyc-suburbs/food-delivery/starbucks-gallery-shopping-center-at-westbury/miRQecsaSOaspCjqHHE87w,carle-place-new-york,"['Bakery', 'Breakfast and Brunch', 'Cafe', 'Coffee & Tea']",4.4,47,$,40.74418763103467,-73.60404843599149,+15162220714,,,,,"[{'@type': 'OpeningHoursSpecification', 'dayOfWeek': ['Monday', 'Tuesday', 'Wednesday', 'Thursday', 'Friday', 'Saturday', 'Sunday'], 'opens': '6:0', 'closes': '20:0'}]",,"{'@type': 'GeoCoordinates', 'latitude': 40.74418763103467, 'longitude': -73.60404843599149}","{'@type': 'AggregateRating', 'ratingValue': 4.4, 'reviewCount': '47'}"
Dunkin' (601 Jericho Tpke),https://www.ubereats.com/nyc-suburbs/food-delivery/dunkin-601-jericho-tpke/BcQ2AM8oSeOXgoH4vTBdsw,carle-place-new-york,"['Breakfast and Brunch', 'Donuts']",4.6,53,$,40.7321457,-73.688409,+15166161702,11040,601 Jericho Tpke,New Hyde Park,NY,"[{'@type': 'OpeningHoursSpecification', 'dayOfWeek': ['Monday', 'Tuesday', 'Wednesday', 'Thursday', 'Friday', 'Saturday', 'Sunday'], 'opens': '6:0', 'closes': '21:30'}]","{'@type': 'PostalAddress', 'addressLocality': 'New Hyde Park', 'addressRegion': 'NY', 'postalCode': '11040', 'addressCountry': 'US', 'streetAddress': '601 Jericho Tpke'}","{'@type': 'GeoCoordinates', 'latitude': 40.7321457, 'longitude': -73.688409}","{'@type': 'AggregateRating', 'ratingValue': 4.6, 'reviewCount': '53'}"
Harry's Hilltop Catering Delicatessen,https://www.ubereats.com/nyc-suburbs/food-delivery/harrys-hilltop-catering-delicatessen/t6z42-1dQvu9VzUaXkQ2xg,carle-place-new-york,"['Salads', 'Sandwich', 'Deli', 'Family Meals']",4.6,28,$,40.7575676,-73.6419059,+15167464134,11596,60 Hillside Ave,Williston Park,NY,"[{'@type': 'OpeningHoursSpecification', 'dayOfWeek': 'Sunday', 'opens': '6:0', 'closes': '17:0'}, {'@type': 'OpeningHoursSpecification', 'dayOfWeek': 'Sunday', 'opens': '6:0', 'closes': '17:0'}, {'@type': 'OpeningHoursSpecification', 'dayOfWeek': 'Sunday', 'opens': '6:0', 'closes': '17:0'}, {'@type': 'OpeningHoursSpecification', 'dayOfWeek': ['Monday', 'Tuesday', 'Wednesday', 'Thursday', 'Friday', 'Saturday'], 'opens': '6:0', 'closes': '18:0'}, {'@type': 'OpeningHoursSpecification', 'dayOfWeek': ['Monday', 'Tuesday', 'Wednesday', 'Thursday', 'Friday', 'Saturday'], 'opens': '6:0', 'closes': '18:0'}, {'@type': 'OpeningHoursSpecification', 'dayOfWeek': ['Monday', 'Tuesday', 'Wednesday', 'Thursday', 'Friday', 'Saturday'], 'opens': '6:0', 'closes': '18:0'}]","{'@type': 'PostalAddress', 'addressLocality': 'Williston Park', 'addressRegion': 'NY', 'postalCode': '11596', 'addressCountry': 'US', 'streetAddress': '60 Hillside Ave'}","{'@type': 'GeoCoordinates', 'latitude': 40.7575676, 'longitude': -73.6419059}","{'@type': 'AggregateRating', 'ratingValue': 4.6, 'reviewCount': '28'}"
Dunkin' (2295 Hempstead Tpke),https://www.ubereats.com/nyc-suburbs/food-delivery/dunkin-2295-hempstead-tpke/DVBPEJDfS0eLwF4sBYnsBw,carle-place-new-york,"['Breakfast and Brunch', 'Donuts']",,,$,40.7257443,-73.5503025,+15165204966,11554,2295 Hempstead Tpke,East Meadow,NY,"[{'@type': 'OpeningHoursSpecification', 'dayOfWeek': ['Monday', 'Tuesday', 'Wednesday', 'Thursday', 'Friday', 'Saturday', 'Sunday'], 'opens': '5:30', 'closes': '19:30'}]","{'@type': 'PostalAddress', 'addressLocality': 'East Meadow', 'addressRegion': 'NY', 'postalCode': '11554', 'addressCountry': 'US', 'streetAddress': '2295 Hempstead Tpke'}","{'@type': 'GeoCoordinates', 'latitude': 40.7257443, 'longitude': -73.5503025}",{}
Boston Market (2091 Hillside Avenue),https://www.ubereats.com/nyc-suburbs/food-delivery/boston-market-2091-hillside-avenue/OGp6C5h-RaurkLU-OaXTtg,carle-place-new-york,"['American', 'Fast Food', 'Comfort Food', 'Fried Chicken', 'Family Meals']",4.8,67,$,40.75173059999999,-73.6741081,+15163282424,11040,2091 Hillside Avenue,New Hyde Park,NY,"[{'@type': 'OpeningHoursSpecification', 'dayOfWeek': ['Monday', 'Tuesday', 'Wednesday', 'Thursday', 'Friday', 'Saturday', 'Sunday'], 'opens': '11:0', 'closes': '20:45'}]","{'@type': 'PostalAddress', 'addressLocality': 'New Hyde Park', 'addressRegion': 'NY', 'postalCode': '11040', 'addressCountry': 'US', 'streetAddress': '2091 Hillside Avenue'}","{'@type': 'GeoCoordinates', 'latitude': 40.75173059999999, 'longitude': -73.6741081}","{'@type': 'AggregateRating', 'ratingValue': 4.8, 'reviewCount': '67'}"
"Kennedy Fried Chicken, Grill, & Kabab - Hempstead (Franklin St)",https://www.ubereats.com/nyc-suburbs/food-delivery/kennedy-fried-chicken-grill-%26-kabab-hempstead-franklin-st/Oto9sCPESRqqzuHUhGoN-Q,carle-place-new-york,"['Halal', 'Burgers', 'Fast Food', 'Desserts']",4.5,218,$,40.704037,-73.626018,+15164144888,11550,57 S Franklin St,Hempstead,NY,"[{'@type': 'OpeningHoursSpecification', 'dayOfWeek': ['Sunday', 'Monday', 'Tuesday', 'Wednesday', 'Thursday'], 'opens': '11:0', 'closes': '1:0'}, {'@type': 'OpeningHoursSpecification', 'dayOfWeek': ['Friday', 'Saturday'], 'opens': '11:0', 'closes': '2:0'}]","{'@type': 'PostalAddress', 'addressLocality': 'Hempstead', 'addressRegion': 'NY', 'postalCode': '11550', 'addressCountry': 'US', 'streetAddress': '57 S Franklin St'}","{'@type': 'GeoCoordinates', 'latitude': 40.704037, 'longitude': -73.626018}","{'@type': 'AggregateRating', 'ratingValue': 4.5, 'reviewCount': '218'}"
Kennedy Fried Chicken - Hempstead (Main Street),https://www.ubereats.com/nyc-suburbs/food-delivery/kennedy-fried-chicken-hempstead-main-street/ltz-9CQSS8CJU7g1uYUUpw,carle-place-new-york,"['American', 'Burgers', 'Wings']",4.0,22,$,40.711739,-73.625892,+15164811535,,148 Main St,Hempstead,New York,"[{'@type': 'OpeningHoursSpecification', 'dayOfWeek': ['Sunday', 'Monday', 'Tuesday', 'Wednesday', 'Thursday'], 'opens': '11:0', 'closes': '1:0'}, {'@type': 'OpeningHoursSpecification', 'dayOfWeek': ['Friday', 'Saturday'], 'opens': '11:0', 'closes': '2:0'}]","{'@type': 'PostalAddress', 'addressLocality': 'Hempstead', 'addressRegion': 'New York', 'postalCode': '', 'addressCountry': 'US', 'streetAddress': '148 Main St'}","{'@type': 'GeoCoordinates', 'latitude': 40.711739, 'longitude': -73.625892}","{'@type': 'AggregateRating', 'ratingValue': 4, 'reviewCount': '22'}"
Taka Asian Fusion,https://www.ubereats.com/nyc-suburbs/food-delivery/taka-asian-fusion/rEUHHQVVRMmkvBM0ldeXDA,carle-place-new-york,"['Asian Fusion', 'Asian', 'Japanese', 'Sushi', 'Seafood']",,,$,40.6649279,-73.55265969999999,+16466203642,,,,,"[{'@type': 'OpeningHoursSpecification', 'dayOfWeek': 'Sunday', 'opens': '10:0', 'closes': '23:0'}, {'@type': 'OpeningHoursSpecification', 'dayOfWeek': 'Monday', 'opens': '11:30', 'closes': '15:0'}, {'@type': 'OpeningHoursSpecification', 'dayOfWeek': ['Tuesday', 'Wednesday'], 'opens': '17:0', 'closes': '0:0'}, {'@type': 'OpeningHoursSpecification', 'dayOfWeek': ['Tuesday', 'Wednesday'], 'opens': '11:30', 'closes': '15:0'}, {'@type': 'OpeningHoursSpecification', 'dayOfWeek': 'Thursday', 'opens': '17:0', 'closes': '2:0'}, {'@type': 'OpeningHoursSpecification', 'dayOfWeek': 'Thursday', 'opens': '11:30', 'closes': '15:0'}, {'@type': 'OpeningHoursSpecification', 'dayOfWeek': 'Friday', 'opens': '12:0', 'closes': '2:0'}, {'@type': 'OpeningHoursSpecification', 'dayOfWeek': 'Friday', 'opens': '11:30', 'closes': '15:0'}, {'@type': 'OpeningHoursSpecification', 'dayOfWeek': 'Saturday', 'opens': '10:0', 'closes': '2:0'}, {'@type': 'OpeningHoursSpecification', 'dayOfWeek': 'Saturday', 'opens': '11:30', 'closes': '15:0'}]",,"{'@type': 'GeoCoordinates', 'latitude': 40.6649279, 'longitude': -73.55265969999999}",{}
Taco Bell (1625 Hempstead Turnpike),https://www.ubereats.com/nyc-suburbs/food-delivery/taco-bell-1625-hempstead-turnpike/qtoFfAw0R9yb3Sn1Pq9ekw,carle-place-new-york,"['Burritos', 'Fast Food', 'Mexican']",4.1,482,$,40.7071101,-73.7005708,+15163542817,11003,1625 Hempstead Turnpike,Elmont,NY,"[{'@type': 'OpeningHoursSpecification', 'dayOfWeek': ['Sunday', 'Monday', 'Tuesday', 'Wednesday', 'Thursday'], 'opens': '14:0', 'closes': '17:0'}, {'@type': 'OpeningHoursSpecification', 'dayOfWeek': ['Sunday', 'Monday', 'Tuesday', 'Wednesday', 'Thursday'], 'opens': '9:0', 'closes': '1:30'}, {'@type': 'OpeningHoursSpecification', 'dayOfWeek': ['Sunday', 'Monday', 'Tuesday', 'Wednesday', 'Thursday'], 'opens': '8:0', 'closes': '10:30'}, {'@type': 'OpeningHoursSpecification', 'dayOfWeek': ['Friday', 'Saturday'], 'opens': '14:0', 'closes': '17:0'}, {'@type': 'OpeningHoursSpecification', 'dayOfWeek': ['Friday', 'Saturday'], 'opens': '8:0', 'closes': '10:30'}, {'@type': 'OpeningHoursSpecification', 'dayOfWeek': ['Friday', 'Saturday'], 'opens': '9:0', 'closes': '2:30'}]","{'@type': 'PostalAddress', 'addressLocality': 'Elmont', 'addressRegion': 'NY', 'postalCode': '11003', 'addressCountry': 'US', 'streetAddress': '1625 Hempstead Turnpike'}","{'@type': 'GeoCoordinates', 'latitude': 40.7071101, 'longitude': -73.7005708}","{'@type': 'AggregateRating', 'ratingValue': 4.1, 'reviewCount': '482'}"
Sorriso,https://www.ubereats.com/nyc-suburbs/food-delivery/sorriso/IJXHywNiRlmn6H3QTC1eQw,carle-place-new-york,"['Italian', 'Pasta', 'Comfort Food']",,,$,40.7391939,-73.6663789,+19175758248,,,,,"[{'@type': 'OpeningHoursSpecification', 'dayOfWeek': 'Sunday', 'opens': '13:0', 'closes': '22:0'}, {'@type': 'OpeningHoursSpecification', 'dayOfWeek': 'Sunday', 'opens': '14:0', 'closes': '21:0'}, {'@type': 'OpeningHoursSpecification', 'dayOfWeek': ['Monday', 'Tuesday', 'Wednesday', 'Thursday'], 'opens': '13:0', 'closes': '22:0'}, {'@type': 'OpeningHoursSpecification', 'dayOfWeek': 'Friday', 'opens': '13:0', 'closes': '22:0'}, {'@type': 'OpeningHoursSpecification', 'dayOfWeek': 'Friday', 'opens': '14:0', 'closes': '21:0'}, {'@type': 'OpeningHoursSpecification', 'dayOfWeek': 'Saturday', 'opens': '14:0', 'closes': '21:0'}]",,"{'@type': 'GeoCoordinates', 'latitude': 40.7391939, 'longitude': -73.6663789}",{}
Fuel Your Body Cafe,https://www.ubereats.com/nyc-suburbs/food-delivery/fuel-your-body-cafe/ldFIueWWSqOuTUF0KqBNOg,carle-place-new-york,"['Breakfast and Brunch', 'Comfort Food']",4.8,218,$,40.7628075,-73.52881359999999,+15169333835,11801,196 W Old Country Rd,Hicksville,NY,"[{'@type': 'OpeningHoursSpecification', 'dayOfWeek': 'Sunday', 'opens': '9:0', 'closes': '19:30'}, {'@type': 'OpeningHoursSpecification', 'dayOfWeek': ['Monday', 'Tuesday', 'Wednesday', 'Thursday', 'Friday'], 'opens': '8:0', 'closes': '21:30'}, {'@type': 'OpeningHoursSpecification', 'dayOfWeek': 'Saturday', 'opens': '9:0', 'closes': '21:30'}]","{'@type': 'PostalAddress', 'addressLocality': 'Hicksville', 'addressRegion': 'NY', 'postalCode': '11801', 'addressCountry': 'US', 'streetAddress': '196 W Old Country Rd'}","{'@type': 'GeoCoordinates', 'latitude': 40.7628075, 'longitude': -73.52881359999999}","{'@type': 'AggregateRating', 'ratingValue': 4.8, 'reviewCount': '218'}"
Toskana Pizzeria Restaurant - Westbury,https://www.ubereats.com/nyc-suburbs/food-delivery/toskana-pizzeria-restaurant-westbury/56lNaXfoT6S3AU15c8_VUA,carle-place-new-york,"['Pizza', 'Italian']",,,$,40.7544221,-73.5880754,+5164147585,11590,163 Post Ave,Westbury,New York,"[{'@type': 'OpeningHoursSpecification', 'dayOfWeek': 'Sunday', 'opens': '11:0', 'closes': '22:0'}, {'@type': 'OpeningHoursSpecification', 'dayOfWeek': ['Monday', 'Tuesday', 'Wednesday', 'Thursday', 'Friday', 'Saturday'], 'opens': '10:0', 'closes': '22:0'}]","{'@type': 'PostalAddress', 'addressLocality': 'Westbury', 'addressRegion': 'New York', 'postalCode': '11590', 'addressCountry': 'US', 'streetAddress': '163 Post Ave'}","{'@type': 'GeoCoordinates', 'latitude': 40.7544221, 'longitude': -73.5880754}",{}
Merengue Dominican Restaurant,https://www.ubereats.com/nyc-suburbs/food-delivery/merengue-dominican-restaurant/8pFA5C76S5WUnchCsPkWqQ,carle-place-new-york,"['Dominican', 'Latin American', 'Family Meals']",4.2,156,$,40.738345699999996,-73.6681306,+15168772600,11040,2164 Jericho Turnpike,Garden City Park,NY,"[{'@type': 'OpeningHoursSpecification', 'dayOfWeek': 'Sunday', 'opens': '10:0', 'closes': '22:30'}, {'@type': 'OpeningHoursSpecification', 'dayOfWeek': 'Sunday', 'opens': '9:0', 'closes': '23:0'}, {'@type': 'OpeningHoursSpecification', 'dayOfWeek': ['Monday', 'Tuesday', 'Wednesday'], 'opens': '9:0', 'closes': '22:30'}, {'@type': 'OpeningHoursSpecification', 'dayOfWeek': ['Thursday', 'Friday', 'Saturday'], 'opens': '9:0', 'closes': '23:0'}, {'@type': 'OpeningHoursSpecification', 'dayOfWeek': ['Thursday', 'Friday', 'Saturday'], 'opens': '9:0', 'closes': '23:0'}]","{'@type': 'PostalAddress', 'addressLocality': 'Garden City Park', 'addressRegion': 'NY', 'postalCode': '11040', 'addressCountry': 'US', 'streetAddress': '2164 Jericho Turnpike'}","{'@type': 'GeoCoordinates', 'latitude': 40.738345699999996, 'longitude': -73.6681306}","{'@type': 'AggregateRating', 'ratingValue': 4.2, 'reviewCount': '156'}"
Texas Chicken & Burgers (Hicksville),https://www.ubereats.com/nyc-suburbs/food-delivery/texas-chicken-%26-burgers-hicksville/dym0VkpvSQCXe6jApp5_kQ,carle-place-new-york,"['Burgers', 'Sandwich', 'Halal', 'Family Meals']",4.4,103,$$,40.7672365,-73.524509,+15168222400,11801,"70 Broadway, unit B",Hicksville,NY,"[{'@type': 'OpeningHoursSpecification', 'dayOfWeek': ['Sunday', 'Monday', 'Tuesday', 'Wednesday', 'Thursday'], 'opens': '11:0', 'closes': '23:30'}, {'@type': 'OpeningHoursSpecification', 'dayOfWeek': ['Friday', 'Saturday'], 'opens': '11:0', 'closes': '0:0'}]","{'@type': 'PostalAddress', 'addressLocality': 'Hicksville', 'addressRegion': 'NY', 'postalCode': '11801', 'addressCountry': 'US', 'streetAddress': '70 Broadway, unit B'}","{'@type': 'GeoCoordinates', 'latitude': 40.7672365, 'longitude': -73.524509}","{'@type': 'AggregateRating', 'ratingValue': 4.4, 'reviewCount': '103'}"
Popeis Bethpage,https://www.ubereats.com/nyc-suburbs/food-delivery/popeis-bethpage/2r7PQjobTey7fimg7ut8ow,carle-place-new-york,"['Diner', 'Burgers', 'Sandwich']",4.8,54,$$,40.73513519999999,-73.4954845,+15168229169,11714,384 N Wantagh Ave,NYC Suburbs,NY,"[{'@type': 'OpeningHoursSpecification', 'dayOfWeek': 'Sunday', 'opens': '14:0', 'closes': '14:0'}, {'@type': 'OpeningHoursSpecification', 'dayOfWeek': 'Sunday', 'opens': '14:0', 'closes': '21:30'}, {'@type': 'OpeningHoursSpecification', 'dayOfWeek': 'Monday', 'opens': '12:0', 'closes': '14:0'}, {'@type': 'OpeningHoursSpecification', 'dayOfWeek': 'Monday', 'opens': '15:0', 'closes': '21:0'}, {'@type': 'OpeningHoursSpecification', 'dayOfWeek': ['Tuesday', 'Wednesday'], 'opens': '14:0', 'closes': '16:0'}, {'@type': 'OpeningHoursSpecification', 'dayOfWeek': ['Tuesday', 'Wednesday'], 'opens': '15:0', 'closes': '21:0'}, {'@type': 'OpeningHoursSpecification', 'dayOfWeek': 'Thursday', 'opens': '15:0', 'closes': '16:0'}, {'@type': 'OpeningHoursSpecification', 'dayOfWeek': 'Thursday', 'opens': '15:0', 'closes': '21:0'}, {'@type': 'OpeningHoursSpecification', 'dayOfWeek': ['Friday', 'Saturday'], 'opens': '14:0', 'closes': '16:0'}, {'@type': 'OpeningHoursSpecification', 'dayOfWeek': ['Friday', 'Saturday'], 'opens': '14:0', 'closes': '21:30'}]","{'@type': 'PostalAddress', 'addressLocality': 'NYC Suburbs', 'addressRegion': 'NY', 'postalCode': '11714', 'addressCountry': 'US', 'streetAddress': '384 N Wantagh Ave'}","{'@type': 'GeoCoordinates', 'latitude': 40.73513519999999, 'longitude': -73.4954845}","{'@type': 'AggregateRating', 'ratingValue': 4.8, 'reviewCount': '54'}"
Texas Chicken & Burgers (Hempstead),https://www.ubereats.com/nyc-suburbs/food-delivery/texas-chicken-%26-burgers-hempstead/9dlulkgVRZ6QWsp0hdYYzA,carle-place-new-york,"['Burgers', 'American', 'Sandwiches', 'Family Meals']",4.6,341,$,40.7078508,-73.6906162,+15162332314,11003,1349 Hempstead Turnpike,Elmont,New York,"[{'@type': 'OpeningHoursSpecification', 'dayOfWeek': ['Monday', 'Tuesday', 'Wednesday', 'Thursday', 'Friday', 'Saturday', 'Sunday'], 'opens': '11:30', 'closes': '1:30'}]","{'@type': 'PostalAddress', 'addressLocality': 'Elmont', 'addressRegion': 'New York', 'postalCode': '11003', 'addressCountry': 'US', 'streetAddress': '1349 Hempstead Turnpike'}","{'@type': 'GeoCoordinates', 'latitude': 40.7078508, 'longitude': -73.6906162}","{'@type': 'AggregateRating', 'ratingValue': 4.6, 'reviewCount': '341'}"
Rich In Health516,https://www.ubereats.com/nyc-suburbs/food-delivery/rich-in-health516/MMZUGdRgRQOkcTXB6frgrA,carle-place-new-york,"['Sandwiches', 'American', 'Healthy']",,,$,40.7184398,-73.5909276,+15167940552,11553,1200 Hempstead Turnpike,Uniondale,NY,"[{'@type': 'OpeningHoursSpecification', 'dayOfWeek': ['Monday', 'Tuesday', 'Wednesday', 'Thursday', 'Friday', 'Saturday'], 'opens': '11:0', 'closes': '19:0'}]","{'@type': 'PostalAddress', 'addressLocality': 'Uniondale', 'addressRegion': 'NY', 'postalCode': '11553', 'addressCountry': 'US', 'streetAddress': '1200 Hempstead Turnpike'}","{'@type': 'GeoCoordinates', 'latitude': 40.7184398, 'longitude': -73.5909276}",{}
Taco Bell (1939 Hempstead Turnpike),https://www.ubereats.com/nyc-suburbs/food-delivery/taco-bell-1939-hempstead-turnpike/PKCYaLmYRmKUSC26IHm15g,carle-place-new-york,"['Burritos', 'Fast Food', 'Mexican']",4.2,173,$,40.7246184,-73.5645199,+15162222147,11554,1939 Hempstead Turnpike,East Meadow,NY,"[{'@type': 'OpeningHoursSpecification', 'dayOfWeek': ['Monday', 'Tuesday', 'Wednesday', 'Thursday', 'Friday', 'Saturday', 'Sunday'], 'opens': '14:0', 'closes': '17:0'}, {'@type': 'OpeningHoursSpecification', 'dayOfWeek': ['Monday', 'Tuesday', 'Wednesday', 'Thursday', 'Friday', 'Saturday', 'Sunday'], 'opens': '8:0', 'closes': '1:30'}, {'@type': 'OpeningHoursSpecification', 'dayOfWeek': ['Monday', 'Tuesday', 'Wednesday', 'Thursday', 'Friday', 'Saturday', 'Sunday'], 'opens': '8:0', 'closes': '10:30'}]","{'@type': 'PostalAddress', 'addressLocality': 'East Meadow', 'addressRegion': 'NY', 'postalCode': '11554', 'addressCountry': 'US', 'streetAddress': '1939 Hempstead Turnpike'}","{'@type': 'GeoCoordinates', 'latitude': 40.7246184, 'longitude': -73.5645199}","{'@type': 'AggregateRating', 'ratingValue': 4.2, 'reviewCount': '173'}"
Smoothie King - Carle Place (225A Glen Cove Rd),https://www.ubereats.com/nyc-suburbs/food-delivery/smoothie-king-carle-place-225a-glen-cove-rd/-QBH29DJQ5ykVqBPU8u_NQ,carle-place-new-york,"['Healthy', 'Vegetarian Friendly', 'Juice and Smoothies']",,,$,40.748706,-73.61776,+15162806585,11514,225 Glen Cove Rd,Carle Place,New York,"[{'@type': 'OpeningHoursSpecification', 'dayOfWeek': 'Sunday', 'opens': '10:30', 'closes': '19:30'}, {'@type': 'OpeningHoursSpecification', 'dayOfWeek': ['Monday', 'Tuesday', 'Wednesday', 'Thursday', 'Friday'], 'opens': '7:30', 'closes': '20:30'}, {'@type': 'OpeningHoursSpecification', 'dayOfWeek': 'Saturday', 'opens': '8:30', 'closes': '20:30'}]","{'@type': 'PostalAddress', 'addressLocality': 'Carle Place', 'addressRegion': 'New York', 'postalCode': '11514', 'addressCountry': 'US', 'streetAddress': '225 Glen Cove Rd'}","{'@type': 'GeoCoordinates', 'latitude': 40.748706, 'longitude': -73.61776}",{}
Panera (165 Old Country Road),https://www.ubereats.com/nyc-suburbs/food-delivery/panera-165-old-country-road/-aa4Jx--Q1CceLt8NgwyWA,carle-place-new-york,"['Breakfast and Brunch', 'salad', 'Sandwich', 'Family Meals']",5.0,27,$,40.743508,-73.61586009999999,+15167392090,11514,165 Old Country Road,Carle Place,NY,"[{'@type': 'OpeningHoursSpecification', 'dayOfWeek': ['Monday', 'Tuesday', 'Wednesday', 'Thursday', 'Friday', 'Saturday', 'Sunday'], 'opens': '10:30', 'closes': '19:30'}]","{'@type': 'PostalAddress', 'addressLocality': 'Carle Place', 'addressRegion': 'NY', 'postalCode': '11514', 'addressCountry': 'US', 'streetAddress': '165 Old Country Road'}","{'@type': 'GeoCoordinates', 'latitude': 40.743508, 'longitude': -73.61586009999999}","{'@type': 'AggregateRating', 'ratingValue': 5, 'reviewCount': '27'}"
Shake Shack  (1570 Union Turnpike),https://www.ubereats.com/nyc-suburbs/food-delivery/shake-shack-1570-union-turnpike/kaIPLAsOQe2UYi8bqZEWXQ,carle-place-new-york,"['American', 'Burgers']",4.5,500,$,40.7541187,-73.6904782,+15166342010,11040,1570 Union Turnpike,New Hyde Park,NY,"[{'@type': 'OpeningHoursSpecification', 'dayOfWeek': ['Monday', 'Tuesday', 'Wednesday', 'Thursday', 'Friday', 'Saturday', 'Sunday'], 'opens': '11:0', 'closes': '20:30'}]","{'@type': 'PostalAddress', 'addressLocality': 'New Hyde Park', 'addressRegion': 'NY', 'postalCode': '11040', 'addressCountry': 'US', 'streetAddress': '1570 Union Turnpike'}","{'@type': 'GeoCoordinates', 'latitude': 40.7541187, 'longitude': -73.6904782}","{'@type': 'AggregateRating', 'ratingValue': 4.5, 'reviewCount': '500'}"
Dunkin' (126 Jericho Turnpike),https://www.ubereats.com/nyc-suburbs/food-delivery/dunkin-126-jericho-turnpike/GY-qo4ypT9ypvWzTWy94ZQ,carle-place-new-york,"['Breakfast and Brunch', 'Donuts']",4.3,39,$,40.74966189999999,-73.6403065,+15162484666,11501,126 Jericho Turnpike,Mineola,NY,"[{'@type': 'OpeningHoursSpecification', 'dayOfWeek': ['Monday', 'Tuesday', 'Wednesday', 'Thursday', 'Friday', 'Saturday', 'Sunday'], 'opens': '0:0', 'closes': '23:59'}]","{'@type': 'PostalAddress', 'addressLocality': 'Mineola', 'addressRegion': 'NY', 'postalCode': '11501', 'addressCountry': 'US', 'streetAddress': '126 Jericho Turnpike'}","{'@type': 'GeoCoordinates', 'latitude': 40.74966189999999, 'longitude': -73.6403065}","{'@type': 'AggregateRating', 'ratingValue': 4.3, 'reviewCount': '39'}"
Plainview Diner,https://www.ubereats.com/nyc-suburbs/food-delivery/plainview-diner/mxg--bLTRRK8epEjZJu14w,carle-place-new-york,"['American', 'New American', 'Breakfast and Brunch']",,,,40.776423,-73.468422,+15168220766,11803,1094 Old Country Rd,Plainview,NY,"[{'@type': 'OpeningHoursSpecification', 'dayOfWeek': 'Sunday', 'opens': '7:0', 'closes': '23:0'}, {'@type': 'OpeningHoursSpecification', 'dayOfWeek': 'Sunday', 'opens': '7:0', 'closes': '0:0'}, {'@type': 'OpeningHoursSpecification', 'dayOfWeek': ['Monday', 'Tuesday', 'Wednesday', 'Thursday'], 'opens': '7:0', 'closes': '23:0'}, {'@type': 'OpeningHoursSpecification', 'dayOfWeek': ['Monday', 'Tuesday', 'Wednesday', 'Thursday'], 'opens': '7:0', 'closes': '23:0'}, {'@type': 'OpeningHoursSpecification', 'dayOfWeek': ['Friday', 'Saturday'], 'opens': '7:0', 'closes': '0:0'}, {'@type': 'OpeningHoursSpecification', 'dayOfWeek': ['Friday', 'Saturday'], 'opens': '7:0', 'closes': '0:0'}]","{'@type': 'PostalAddress', 'addressLocality': 'Plainview', 'addressRegion': 'NY', 'postalCode': '11803', 'addressCountry': 'US', 'streetAddress': '1094 Old Country Rd'}","{'@type': 'GeoCoordinates', 'latitude': 40.776423, 'longitude': -73.468422}",{}
Bo Bo Kitchen,https://www.ubereats.com/nyc-suburbs/food-delivery/bo-bo-kitchen/GRVfufcOTie_7gkwt5mHfg,carle-place-new-york,"['Chinese', 'Asian']",,,$,40.792079,-73.64397799999999,+15164843480,11577,285 Warner Ave,Roslyn Heights,NY,"[{'@type': 'OpeningHoursSpecification', 'dayOfWeek': 'Sunday', 'opens': '12:0', 'closes': '22:0'}, {'@type': 'OpeningHoursSpecification', 'dayOfWeek': ['Monday', 'Tuesday', 'Wednesday', 'Thursday'], 'opens': '10:30', 'closes': '22:0'}, {'@type': 'OpeningHoursSpecification', 'dayOfWeek': 'Friday', 'opens': '10:30', 'closes': '22:30'}, {'@type': 'OpeningHoursSpecification', 'dayOfWeek': 'Saturday', 'opens': '11:0', 'closes': '22:30'}]","{'@type': 'PostalAddress', 'addressLocality': 'Roslyn Heights', 'addressRegion': 'NY', 'postalCode': '11577', 'addressCountry': 'US', 'streetAddress': '285 Warner Ave'}","{'@type': 'GeoCoordinates', 'latitude': 40.792079, 'longitude': -73.64397799999999}",{}
Dunkin' (276 Hillside Ave),https://www.ubereats.com/nyc-suburbs/food-delivery/dunkin-276-hillside-ave/psZXo0XSSaKMLnDFGXS6uw,carle-place-new-york,"['Breakfast and Brunch', 'Donuts']",,,$,40.75479050000001,-73.6502525,+15167474348,11596,276 Hillside Ave,Williston Park,NY,"[{'@type': 'OpeningHoursSpecification', 'dayOfWeek': ['Monday', 'Tuesday', 'Wednesday', 'Thursday', 'Friday', 'Saturday', 'Sunday'], 'opens': '6:15', 'closes': '18:30'}]","{'@type': 'PostalAddress', 'addressLocality': 'Williston Park', 'addressRegion': 'NY', 'postalCode': '11596', 'addressCountry': 'US', 'streetAddress': '276 Hillside Ave'}","{'@type': 'GeoCoordinates', 'latitude': 40.75479050000001, 'longitude': -73.6502525}",{}
McDonald's® - Jericho (Jericho Tpke),https://www.ubereats.com/nyc-suburbs/food-delivery/mcdonalds-jericho-jericho-tpke/FM2fW3FITyG8JT1yUGUYkQ,carle-place-new-york,"['American', 'Fast Food', 'Burgers']",4.4,257,$,40.779582,-73.559955,+15168760140,11590,105 Jericho Turnpike,Westbury,NY,"[{'@type': 'OpeningHoursSpecification', 'dayOfWeek': ['Monday', 'Tuesday', 'Wednesday', 'Thursday', 'Friday', 'Saturday', 'Sunday'], 'opens': '4:0', 'closes': '10:29'}, {'@type': 'OpeningHoursSpecification', 'dayOfWeek': ['Monday', 'Tuesday', 'Wednesday', 'Thursday', 'Friday', 'Saturday', 'Sunday'], 'opens': '10:30', 'closes': '16:59'}, {'@type': 'OpeningHoursSpecification', 'dayOfWeek': ['Monday', 'Tuesday', 'Wednesday', 'Thursday', 'Friday', 'Saturday', 'Sunday'], 'opens': '17:0', 'closes': '3:59'}]","{'@type': 'PostalAddress', 'addressLocality': 'Westbury', 'addressRegion': 'NY', 'postalCode': '11590', 'addressCountry': 'US', 'streetAddress': '105 Jericho Turnpike'}","{'@type': 'GeoCoordinates', 'latitude': 40.779582, 'longitude': -73.559955}","{'@type': 'AggregateRating', 'ratingValue': 4.4, 'reviewCount': '257'}"
Rangsit 11 Thai Kitchen,https://www.ubereats.com/nyc-suburbs/food-delivery/rangsit-11-thai-kitchen/l6BdBqXvSZuc5kYMnrMPsQ,carle-place-new-york,"['Asian', 'Noodles', 'Thai']",4.8,121,$,40.76663209999999,-73.5234728,+15165975771,,,,,"[{'@type': 'OpeningHoursSpecification', 'dayOfWeek': ['Monday', 'Tuesday', 'Wednesday', 'Thursday', 'Friday', 'Saturday'], 'opens': '11:45', 'closes': '19:30'}]",,"{'@type': 'GeoCoordinates', 'latitude': 40.76663209999999, 'longitude': -73.5234728}","{'@type': 'AggregateRating', 'ratingValue': 4.8, 'reviewCount': '121'}"
Wing Zone (1860 Front St.),https://www.ubereats.com/nyc-suburbs/food-delivery/wing-zone-1860-front-st/FUb1YMpEQIek_b1qaaXiMQ,carle-place-new-york,"['Wings', 'Burgers', 'American']",4.6,307,$,40.7186609,-73.5639255,+15168339464,11554,1860 Front St,East Meadow,New York,"[{'@type': 'OpeningHoursSpecification', 'dayOfWeek': 'Sunday', 'opens': '12:0', 'closes': '21:30'}, {'@type': 'OpeningHoursSpecification', 'dayOfWeek': ['Monday', 'Tuesday', 'Wednesday', 'Thursday'], 'opens': '11:0', 'closes': '22:30'}, {'@type': 'OpeningHoursSpecification', 'dayOfWeek': ['Friday', 'Saturday'], 'opens': '11:0', 'closes': '23:30'}]","{'@type': 'PostalAddress', 'addressLocality': 'East Meadow', 'addressRegion': 'New York', 'postalCode': '11554', 'addressCountry': 'US', 'streetAddress': '1860 Front St'}","{'@type': 'GeoCoordinates', 'latitude': 40.7186609, 'longitude': -73.5639255}","{'@type': 'AggregateRating', 'ratingValue': 4.6, 'reviewCount': '307'}"
Ciro's pizza,https://www.ubereats.com/nyc-suburbs/food-delivery/ciros-pizza/EjG-EJ1EQP-j9BgccV1cCw,carle-place-new-york,"['Italian', 'Pasta', 'Comfort Food']",,,$,40.831875,-73.62987749999999,+15166718982,11545,689 Glen Cove Ave,Glen Head,NY,"[{'@type': 'OpeningHoursSpecification', 'dayOfWeek': ['Monday', 'Tuesday', 'Wednesday', 'Thursday', 'Friday', 'Saturday', 'Sunday'], 'opens': '11:0', 'closes': '20:0'}]","{'@type': 'PostalAddress', 'addressLocality': 'Glen Head', 'addressRegion': 'NY', 'postalCode': '11545', 'addressCountry': 'US', 'streetAddress': '689 Glen Cove Ave'}","{'@type': 'GeoCoordinates', 'latitude': 40.831875, 'longitude': -73.62987749999999}",{}
The Halal Guys (2565 Hempstead Turnpike),https://www.ubereats.com/nyc-suburbs/food-delivery/the-halal-guys-2565-hempstead-turnpike/95o-TbcNQoCYqqLAYcKs9Q,carle-place-new-york,"['Halal', 'Gyro', 'Mediterranean']",4.3,100,$$,40.72466,-73.5405017,+15166051667,11554,2565 Hempstead Turnpike,East Meadow,NY,"[{'@type': 'OpeningHoursSpecification', 'dayOfWeek': ['Monday', 'Tuesday', 'Wednesday', 'Thursday', 'Friday', 'Saturday', 'Sunday'], 'opens': '11:0', 'closes': '22:0'}]","{'@type': 'PostalAddress', 'addressLocality': 'East Meadow', 'addressRegion': 'NY', 'postalCode': '11554', 'addressCountry': 'US', 'streetAddress': '2565 Hempstead Turnpike'}","{'@type': 'GeoCoordinates', 'latitude': 40.72466, 'longitude': -73.5405017}","{'@type': 'AggregateRating', 'ratingValue': 4.3, 'reviewCount': '100'}"
Famous Dave's - Carle Place (Corporate Dr),https://www.ubereats.com/nyc-suburbs/food-delivery/famous-daves-carle-place-corporate-dr/5fV4bk3-QLm_bGQsKZCvEQ,carle-place-new-york,"['American', 'BBQ', 'Soul Food', 'Family Meals']",4.6,166,$$,40.740471,-73.599647,+15168327303,11590,1060 Corporate Dr,Westbury,NY,"[{'@type': 'OpeningHoursSpecification', 'dayOfWeek': 'Sunday', 'opens': '11:0', 'closes': '19:30'}, {'@type': 'OpeningHoursSpecification', 'dayOfWeek': ['Monday', 'Tuesday', 'Wednesday', 'Thursday'], 'opens': '11:0', 'closes': '19:30'}, {'@type': 'OpeningHoursSpecification', 'dayOfWeek': ['Monday', 'Tuesday', 'Wednesday', 'Thursday'], 'opens': '11:0', 'closes': '19:30'}, {'@type': 'OpeningHoursSpecification', 'dayOfWeek': ['Friday', 'Saturday'], 'opens': '11:0', 'closes': '19:30'}]","{'@type': 'PostalAddress', 'addressLocality': 'Westbury', 'addressRegion': 'NY', 'postalCode': '11590', 'addressCountry': 'US', 'streetAddress': '1060 Corporate Dr'}","{'@type': 'GeoCoordinates', 'latitude': 40.740471, 'longitude': -73.599647}","{'@type': 'AggregateRating', 'ratingValue': 4.6, 'reviewCount': '166'}"
McDonald's® - Baldwin (Grand Ave),https://www.ubereats.com/nyc-suburbs/food-delivery/mcdonalds-baldwin-grand-ave/eUCUUiAgTR2lG6hEwRidNA,carle-place-new-york,"['American', 'Fast Food', 'Burgers']",4.7,237,$,40.679716,-73.614408,+15165464810,11510,1255 GRAND AVE,BALDWIN,NY,"[{'@type': 'OpeningHoursSpecification', 'dayOfWeek': ['Sunday', 'Monday', 'Tuesday', 'Wednesday', 'Thursday'], 'opens': '5:30', 'closes': '10:59'}, {'@type': 'OpeningHoursSpecification', 'dayOfWeek': ['Sunday', 'Monday', 'Tuesday', 'Wednesday', 'Thursday'], 'opens': '11:0', 'closes': '16:59'}, {'@type': 'OpeningHoursSpecification', 'dayOfWeek': ['Sunday', 'Monday', 'Tuesday', 'Wednesday', 'Thursday'], 'opens': '17:0', 'closes': '23:30'}, {'@type': 'OpeningHoursSpecification', 'dayOfWeek': ['Friday', 'Saturday'], 'opens': '5:30', 'closes': '10:59'}, {'@type': 'OpeningHoursSpecification', 'dayOfWeek': ['Friday', 'Saturday'], 'opens': '11:0', 'closes': '16:59'}, {'@type': 'OpeningHoursSpecification', 'dayOfWeek': ['Friday', 'Saturday'], 'opens': '17:0', 'closes': '0:30'}]","{'@type': 'PostalAddress', 'addressLocality': 'BALDWIN', 'addressRegion': 'NY', 'postalCode': '11510', 'addressCountry': 'US', 'streetAddress': '1255 GRAND AVE'}","{'@type': 'GeoCoordinates', 'latitude': 40.679716, 'longitude': -73.614408}","{'@type': 'AggregateRating', 'ratingValue': 4.7, 'reviewCount': '237'}"
Sawasdee Thai Elevated,https://www.ubereats.com/nyc-suburbs/food-delivery/sawasdee-thai-elevated/r-hv0jRvTBqBTUCmpSJB9w,carle-place-new-york,"['Allergy Friendly', 'Thai', 'Noodles']",4.7,132,$,40.7843199,-73.5016847,+15162619346,11803,395 S Oyster Bay Rd,Plainview,NY,"[{'@type': 'OpeningHoursSpecification', 'dayOfWeek': ['Monday', 'Tuesday', 'Wednesday', 'Thursday', 'Friday', 'Saturday', 'Sunday'], 'opens': '11:30', 'closes': '20:30'}]","{'@type': 'PostalAddress', 'addressLocality': 'Plainview', 'addressRegion': 'NY', 'postalCode': '11803', 'addressCountry': 'US', 'streetAddress': '395 S Oyster Bay Rd'}","{'@type': 'GeoCoordinates', 'latitude': 40.7843199, 'longitude': -73.5016847}","{'@type': 'AggregateRating', 'ratingValue': 4.7, 'reviewCount': '132'}"
Wendy's  (820 Old Country Road),https://www.ubereats.com/nyc-suburbs/food-delivery/wendys-820-old-country-road/6K975iBBRsqyvua-xX2ANg,carle-place-new-york,"['American', 'Burgers', 'Fast Food', 'Breakfast and Brunch']",4.3,161,$,40.7441041,-73.60776419999999,+15162289040,11530,820 Old Country Road,Garden City,NY,"[{'@type': 'OpeningHoursSpecification', 'dayOfWeek': ['Monday', 'Tuesday', 'Wednesday', 'Thursday', 'Friday', 'Saturday', 'Sunday'], 'opens': '10:30', 'closes': '1:30'}, {'@type': 'OpeningHoursSpecification', 'dayOfWeek': ['Monday', 'Tuesday', 'Wednesday', 'Thursday', 'Friday', 'Saturday', 'Sunday'], 'opens': '6:30', 'closes': '10:0'}]","{'@type': 'PostalAddress', 'addressLocality': 'Garden City', 'addressRegion': 'NY', 'postalCode': '11530', 'addressCountry': 'US', 'streetAddress': '820 Old Country Road'}","{'@type': 'GeoCoordinates', 'latitude': 40.7441041, 'longitude': -73.60776419999999}","{'@type': 'AggregateRating', 'ratingValue': 4.3, 'reviewCount': '161'}"
The BBG,https://www.ubereats.com/nyc-suburbs/food-delivery/the-bbg/eXDij9EXQOSu7q4e3Yf-Ig,carle-place-new-york,"['Steakhouse', 'Sandwich', 'Salads']",,,$$$,40.7571063,-73.6421922,+15162130019,11596,75 Hillside Avenue,Williston Park,NY,"[{'@type': 'OpeningHoursSpecification', 'dayOfWeek': 'Sunday', 'opens': '13:0', 'closes': '21:0'}, {'@type': 'OpeningHoursSpecification', 'dayOfWeek': 'Monday', 'opens': '17:0', 'closes': '20:30'}, {'@type': 'OpeningHoursSpecification', 'dayOfWeek': 'Monday', 'opens': '12:0', 'closes': '15:30'}, {'@type': 'OpeningHoursSpecification', 'dayOfWeek': ['Tuesday', 'Wednesday', 'Thursday'], 'opens': '17:0', 'closes': '21:0'}, {'@type': 'OpeningHoursSpecification', 'dayOfWeek': ['Tuesday', 'Wednesday', 'Thursday'], 'opens': '12:0', 'closes': '15:30'}, {'@type': 'OpeningHoursSpecification', 'dayOfWeek': 'Friday', 'opens': '17:0', 'closes': '21:30'}, {'@type': 'OpeningHoursSpecification', 'dayOfWeek': 'Friday', 'opens': '12:0', 'closes': '15:30'}, {'@type': 'OpeningHoursSpecification', 'dayOfWeek': 'Saturday', 'opens': '17:0', 'closes': '22:0'}, {'@type': 'OpeningHoursSpecification', 'dayOfWeek': 'Saturday', 'opens': '13:0', 'closes': '15:30'}]","{'@type': 'PostalAddress', 'addressLocality': 'Williston Park', 'addressRegion': 'NY', 'postalCode': '11596', 'addressCountry': 'US', 'streetAddress': '75 Hillside Avenue'}","{'@type': 'GeoCoordinates', 'latitude': 40.7571063, 'longitude': -73.6421922}",{}
Panda House,https://www.ubereats.com/nyc-suburbs/food-delivery/panda-house/0jUHvqG1SxiYWxG5fk7lgg,carle-place-new-york,"['Chinese', 'Healthy', 'Seafood']",4.6,113,$,40.739929,-73.635426,+15168738300,11501,122 Old Country Rd,Mineola,NY,"[{'@type': 'OpeningHoursSpecification', 'dayOfWeek': ['Monday', 'Tuesday', 'Wednesday', 'Thursday', 'Friday'], 'opens': '11:0', 'closes': '22:30'}, {'@type': 'OpeningHoursSpecification', 'dayOfWeek': ['Monday', 'Tuesday', 'Wednesday', 'Thursday', 'Friday'], 'opens': '11:0', 'closes': '14:0'}, {'@type': 'OpeningHoursSpecification', 'dayOfWeek': 'Saturday', 'opens': '11:0', 'closes': '22:30'}]","{'@type': 'PostalAddress', 'addressLocality': 'Mineola', 'addressRegion': 'NY', 'postalCode': '11501', 'addressCountry': 'US', 'streetAddress': '122 Old Country Rd'}","{'@type': 'GeoCoordinates', 'latitude': 40.739929, 'longitude': -73.635426}","{'@type': 'AggregateRating', 'ratingValue': 4.6, 'reviewCount': '113'}"
DI Carlo's Pizzeria,https://www.ubereats.com/nyc-suburbs/food-delivery/di-carlos-pizzeria/NAHIS1xcRnWsY8JCgFidAg,carle-place-new-york,"['Italian', 'American']",4.9,21,$,40.7529459,-73.5644573,+15163384966,11590,894 Old Country Rd,Westbury,NY,"[{'@type': 'OpeningHoursSpecification', 'dayOfWeek': ['Monday', 'Tuesday', 'Wednesday', 'Thursday', 'Friday', 'Saturday', 'Sunday'], 'opens': '11:0', 'closes': '20:30'}]","{'@type': 'PostalAddress', 'addressLocality': 'Westbury', 'addressRegion': 'NY', 'postalCode': '11590', 'addressCountry': 'US', 'streetAddress': '894 Old Country Rd'}","{'@type': 'GeoCoordinates', 'latitude': 40.7529459, 'longitude': -73.5644573}","{'@type': 'AggregateRating', 'ratingValue': 4.9, 'reviewCount': '21'}"
Halal Rice Box,https://www.ubereats.com/nyc-suburbs/food-delivery/halal-rice-box/zC9maifxRKWYAZw7MOgJLg,carle-place-new-york,"['Halal', 'Mediterranean', 'Healthy']",,,$,40.7050742,-73.638679,+15169437681,11552,20 Hempstead Turnpike,West Hempstead,NY,"[{'@type': 'OpeningHoursSpecification', 'dayOfWeek': 'Sunday', 'opens': '12:0', 'closes': '21:0'}, {'@type': 'OpeningHoursSpecification', 'dayOfWeek': ['Monday', 'Tuesday', 'Wednesday', 'Thursday'], 'opens': '11:0', 'closes': '22:0'}, {'@type': 'OpeningHoursSpecification', 'dayOfWeek': ['Friday', 'Saturday'], 'opens': '12:0', 'closes': '2:0'}]","{'@type': 'PostalAddress', 'addressLocality': 'West Hempstead', 'addressRegion': 'NY', 'postalCode': '11552', 'addressCountry': 'US', 'streetAddress': '20 Hempstead Turnpike'}","{'@type': 'GeoCoordinates', 'latitude': 40.7050742, 'longitude': -73.638679}",{}
Casa Ofelias Mexican Resturant,https://www.ubereats.com/nyc-suburbs/food-delivery/casa-ofelias-mexican-resturant/W1v_uQTERnGoK6-uP-CXwQ,carle-place-new-york,"['Mexican', 'Latin American', 'New Mexican']",4.2,10,$,40.6788214,-73.6144479,+15165473402,11510,1293a Grand Ave,Baldwin,NY,"[{'@type': 'OpeningHoursSpecification', 'dayOfWeek': ['Monday', 'Tuesday', 'Wednesday', 'Thursday', 'Friday', 'Saturday', 'Sunday'], 'opens': '11:0', 'closes': '22:0'}]","{'@type': 'PostalAddress', 'addressLocality': 'Baldwin', 'addressRegion': 'NY', 'postalCode': '11510', 'addressCountry': 'US', 'streetAddress': '1293a Grand Ave'}","{'@type': 'GeoCoordinates', 'latitude': 40.6788214, 'longitude': -73.6144479}","{'@type': 'AggregateRating', 'ratingValue': 4.2, 'reviewCount': '10'}"
Lucky Fortune I,https://www.ubereats.com/nyc-suburbs/food-delivery/lucky-fortune-i/lMsNWc4-RCGGctjpftyz8w,carle-place-new-york,"['Japanese', 'Sushi', 'Asian']",4.7,300,$,40.679534,-73.61510109999999,+15162809273,11510,1260 Grand Ave,Baldwin,NY,"[{'@type': 'OpeningHoursSpecification', 'dayOfWeek': 'Sunday', 'opens': '12:0', 'closes': '22:30'}, {'@type': 'OpeningHoursSpecification', 'dayOfWeek': 'Sunday', 'opens': '11:0', 'closes': '22:30'}, {'@type': 'OpeningHoursSpecification', 'dayOfWeek': ['Monday', 'Tuesday', 'Wednesday', 'Thursday'], 'opens': '11:0', 'closes': '22:29'}, {'@type': 'OpeningHoursSpecification', 'dayOfWeek': ['Monday', 'Tuesday', 'Wednesday', 'Thursday'], 'opens': '12:0', 'closes': '15:30'}, {'@type': 'OpeningHoursSpecification', 'dayOfWeek': ['Monday', 'Tuesday', 'Wednesday', 'Thursday'], 'opens': '11:0', 'closes': '22:30'}, {'@type': 'OpeningHoursSpecification', 'dayOfWeek': ['Friday', 'Saturday'], 'opens': '11:0', 'closes': '23:30'}, {'@type': 'OpeningHoursSpecification', 'dayOfWeek': ['Friday', 'Saturday'], 'opens': '12:0', 'closes': '15:30'}, {'@type': 'OpeningHoursSpecification', 'dayOfWeek': ['Friday', 'Saturday'], 'opens': '11:0', 'closes': '22:30'}]","{'@type': 'PostalAddress', 'addressLocality': 'Baldwin', 'addressRegion': 'NY', 'postalCode': '11510', 'addressCountry': 'US', 'streetAddress': '1260 Grand Ave'}","{'@type': 'GeoCoordinates', 'latitude': 40.679534, 'longitude': -73.61510109999999}","{'@type': 'AggregateRating', 'ratingValue': 4.7, 'reviewCount': '300'}"
Taco Bell (1709 Merrick Rd),https://www.ubereats.com/nyc-suburbs/food-delivery/taco-bell-1709-merrick-rd/wYbF8NpoQHO1H9EnP2mrDQ,carle-place-new-york,"['Burritos', 'Fast Food', 'Mexican']",4.1,336,$,40.6541387,-73.5589297,+15163780922,11566,1709,Merrick,NY,"[{'@type': 'OpeningHoursSpecification', 'dayOfWeek': ['Monday', 'Tuesday', 'Wednesday', 'Thursday', 'Friday', 'Saturday', 'Sunday'], 'opens': '14:0', 'closes': '17:0'}, {'@type': 'OpeningHoursSpecification', 'dayOfWeek': ['Monday', 'Tuesday', 'Wednesday', 'Thursday', 'Friday', 'Saturday', 'Sunday'], 'opens': '9:0', 'closes': '2:30'}, {'@type': 'OpeningHoursSpecification', 'dayOfWeek': ['Monday', 'Tuesday', 'Wednesday', 'Thursday', 'Friday', 'Saturday', 'Sunday'], 'opens': '8:0', 'closes': '10:30'}]","{'@type': 'PostalAddress', 'addressLocality': 'Merrick', 'addressRegion': 'NY', 'postalCode': '11566', 'addressCountry': 'US', 'streetAddress': '1709'}","{'@type': 'GeoCoordinates', 'latitude': 40.6541387, 'longitude': -73.5589297}","{'@type': 'AggregateRating', 'ratingValue': 4.1, 'reviewCount': '336'}"
Roslyn Heights Deli,https://www.ubereats.com/nyc-suburbs/food-delivery/roslyn-heights-deli/2SIxfITmQmO-MShtFpwMMg,carle-place-new-york,"['Breakfast and Brunch', 'Sandwich', 'Salads']",,,$,40.78938269999999,-73.65179959999999,+15166251420,11577,82 Mineola Ave,Roslyn Heights,NY,"[{'@type': 'OpeningHoursSpecification', 'dayOfWeek': ['Monday', 'Tuesday', 'Wednesday', 'Thursday', 'Friday'], 'opens': '6:0', 'closes': '15:0'}, {'@type': 'OpeningHoursSpecification', 'dayOfWeek': 'Saturday', 'opens': '6:0', 'closes': '14:0'}]","{'@type': 'PostalAddress', 'addressLocality': 'Roslyn Heights', 'addressRegion': 'NY', 'postalCode': '11577', 'addressCountry': 'US', 'streetAddress': '82 Mineola Ave'}","{'@type': 'GeoCoordinates', 'latitude': 40.78938269999999, 'longitude': -73.65179959999999}",{}
Mac and Melts,https://www.ubereats.com/nyc-suburbs/food-delivery/mac-and-melts/rsClBkt8SbWUqiVBukxN0w,carle-place-new-york,"['Comfort Food', 'New American', 'Burgers']",4.7,22,$,40.732312,-73.608815,+15162469610,11530,684 Stewart Ave,Garden City,NY,"[{'@type': 'OpeningHoursSpecification', 'dayOfWeek': ['Monday', 'Tuesday', 'Wednesday', 'Thursday', 'Friday', 'Saturday'], 'opens': '12:0', 'closes': '19:0'}]","{'@type': 'PostalAddress', 'addressLocality': 'Garden City', 'addressRegion': 'NY', 'postalCode': '11530', 'addressCountry': 'US', 'streetAddress': '684 Stewart Ave'}","{'@type': 'GeoCoordinates', 'latitude': 40.732312, 'longitude': -73.608815}","{'@type': 'AggregateRating', 'ratingValue': 4.7, 'reviewCount': '22'}"
Hondumex,https://www.ubereats.com/nyc-suburbs/food-delivery/hondumex/ZSicrcH3RP6Fc0pg0SWn1A,carle-place-new-york,"['Mexican', 'Latin American', 'New Mexican']",4.1,26,$,40.7083929,-73.6244841,+15168337506,11550,58 Main St,Hempstead,NY,"[{'@type': 'OpeningHoursSpecification', 'dayOfWeek': ['Monday', 'Tuesday', 'Wednesday', 'Thursday', 'Friday', 'Saturday', 'Sunday'], 'opens': '6:0', 'closes': '23:0'}]","{'@type': 'PostalAddress', 'addressLocality': 'Hempstead', 'addressRegion': 'NY', 'postalCode': '11550', 'addressCountry': 'US', 'streetAddress': '58 Main St'}","{'@type': 'GeoCoordinates', 'latitude': 40.7083929, 'longitude': -73.6244841}","{'@type': 'AggregateRating', 'ratingValue': 4.1, 'reviewCount': '26'}"
,https://www.ubereats.com/nyc-suburbs/food-delivery/the-halal-bros-ny-bellerose-manor/-wgasC_aQz6YLfy45MvHgg,carle-place-new-york,,,,,,,,,,,,,,,
joy hing,https://www.ubereats.com/nyc-suburbs/food-delivery/joy-hing/glYZUEX6REqyJwl7brtd1g,carle-place-new-york,"['Chinese', 'Asian', 'Asian Fusion']",,,$,40.74370679999999,-73.65965700000001,+16466447609,11040,2449A Jericho Turnpike,Garden City Park,NY,"[{'@type': 'OpeningHoursSpecification', 'dayOfWeek': ['Monday', 'Tuesday', 'Wednesday', 'Thursday', 'Friday', 'Saturday'], 'opens': '11:0', 'closes': '21:30'}, {'@type': 'OpeningHoursSpecification', 'dayOfWeek': ['Monday', 'Tuesday', 'Wednesday', 'Thursday', 'Friday', 'Saturday'], 'opens': '11:0', 'closes': '15:0'}]","{'@type': 'PostalAddress', 'addressLocality': 'Garden City Park', 'addressRegion': 'NY', 'postalCode': '11040', 'addressCountry': 'US', 'streetAddress': '2449A Jericho Turnpike'}","{'@type': 'GeoCoordinates', 'latitude': 40.74370679999999, 'longitude': -73.65965700000001}",{}
El Parral,https://www.ubereats.com/nyc-suburbs/food-delivery/el-parral/z-ya004yRXyNFQIwzG8qkg,carle-place-new-york,"['Spanish', 'Italian', 'Steak']",4.4,21,$$,40.826501,-73.50182,+15169212844,11791,8 Berry Hill Rd,Syosset,NY,"[{'@type': 'OpeningHoursSpecification', 'dayOfWeek': 'Sunday', 'opens': '15:0', 'closes': '20:0'}, {'@type': 'OpeningHoursSpecification', 'dayOfWeek': ['Tuesday', 'Wednesday', 'Thursday'], 'opens': '16:0', 'closes': '20:0'}, {'@type': 'OpeningHoursSpecification', 'dayOfWeek': ['Friday', 'Saturday'], 'opens': '14:0', 'closes': '21:0'}]","{'@type': 'PostalAddress', 'addressLocality': 'Syosset', 'addressRegion': 'NY', 'postalCode': '11791', 'addressCountry': 'US', 'streetAddress': '8 Berry Hill Rd'}","{'@type': 'GeoCoordinates', 'latitude': 40.826501, 'longitude': -73.50182}","{'@type': 'AggregateRating', 'ratingValue': 4.4, 'reviewCount': '21'}"
Nopal II,https://www.ubereats.com/nyc-suburbs/food-delivery/nopal-ii/5fjaDYPFQtuMt8AjmMOsBg,carle-place-new-york,['Latin American'],4.6,68,$$,40.6881,-73.5952,+15163078814,11553,961 Nassau Rd,Uniondale,New York,"[{'@type': 'OpeningHoursSpecification', 'dayOfWeek': ['Monday', 'Tuesday', 'Wednesday', 'Thursday', 'Friday', 'Saturday', 'Sunday'], 'opens': '10:0', 'closes': '23:20'}]","{'@type': 'PostalAddress', 'addressLocality': 'Uniondale', 'addressRegion': 'New York', 'postalCode': '11553', 'addressCountry': 'US', 'streetAddress': '961 Nassau Rd'}","{'@type': 'GeoCoordinates', 'latitude': 40.6881, 'longitude': -73.5952}","{'@type': 'AggregateRating', 'ratingValue': 4.6, 'reviewCount': '68'}"
,https://www.ubereats.com/nyc-suburbs/food-delivery/kebab-house/DlQ-XCSiRYyuBYyFAxuAUQ,carle-place-new-york,,,,,,,,,,,,,,,
Keyla Deli,https://www.ubereats.com/nyc-suburbs/food-delivery/keyla-deli/zNvUi70BRhCcDAtp_2cx9A,carle-place-new-york,"['American', 'Breakfast and Brunch', 'Sandwich', 'Deli']",4.6,57,$,40.7094431,-73.6279502,+15164856344,11550,113 N Franklin St,Hempstead,NY,"[{'@type': 'OpeningHoursSpecification', 'dayOfWeek': 'Sunday', 'opens': '6:0', 'closes': '23:0'}, {'@type': 'OpeningHoursSpecification', 'dayOfWeek': 'Sunday', 'opens': '10:30', 'closes': '22:30'}, {'@type': 'OpeningHoursSpecification', 'dayOfWeek': 'Sunday', 'opens': '6:0', 'closes': '23:0'}, {'@type': 'OpeningHoursSpecification', 'dayOfWeek': ['Monday', 'Tuesday', 'Wednesday', 'Thursday', 'Friday'], 'opens': '5:30', 'closes': '0:0'}, {'@type': 'OpeningHoursSpecification', 'dayOfWeek': ['Monday', 'Tuesday', 'Wednesday', 'Thursday', 'Friday'], 'opens': '11:0', 'closes': '22:30'}, {'@type': 'OpeningHoursSpecification', 'dayOfWeek': ['Monday', 'Tuesday', 'Wednesday', 'Thursday', 'Friday'], 'opens': '5:30', 'closes': '0:0'}, {'@type': 'OpeningHoursSpecification', 'dayOfWeek': 'Saturday', 'opens': '5:30', 'closes': '0:0'}, {'@type': 'OpeningHoursSpecification', 'dayOfWeek': 'Saturday', 'opens': '10:30', 'closes': '23:0'}, {'@type': 'OpeningHoursSpecification', 'dayOfWeek': 'Saturday', 'opens': '5:30', 'closes': '0:0'}]","{'@type': 'PostalAddress', 'addressLocality': 'Hempstead', 'addressRegion': 'NY', 'postalCode': '11550', 'addressCountry': 'US', 'streetAddress': '113 N Franklin St'}","{'@type': 'GeoCoordinates', 'latitude': 40.7094431, 'longitude': -73.6279502}","{'@type': 'AggregateRating', 'ratingValue': 4.6, 'reviewCount': '57'}"
Williston Townhouse Diner,https://www.ubereats.com/nyc-suburbs/food-delivery/williston-townhouse-diner/2si8ugMPRmWa1jIy_-mHaA,carle-place-new-york,"['Breakfast and Brunch', 'Sandwich', 'Salads']",,,$,40.7569904,-73.6439169,+15163133618,11596,112 Hillside Avenue,Williston Park,NY,"[{'@type': 'OpeningHoursSpecification', 'dayOfWeek': ['Monday', 'Tuesday', 'Wednesday', 'Thursday', 'Friday', 'Saturday', 'Sunday'], 'opens': '7:30', 'closes': '21:30'}]","{'@type': 'PostalAddress', 'addressLocality': 'Williston Park', 'addressRegion': 'NY', 'postalCode': '11596', 'addressCountry': 'US', 'streetAddress': '112 Hillside Avenue'}","{'@type': 'GeoCoordinates', 'latitude': 40.7569904, 'longitude': -73.6439169}",{}
Dunkin' (579 Peninsula Blvd),https://www.ubereats.com/nyc-suburbs/food-delivery/dunkin-579-peninsula-blvd/hzUVYfHtTFGPYXWNLbcZ3Q,carle-place-new-york,"['Breakfast and Brunch', 'Donuts']",,,$,40.69802079999999,-73.62891189999999,+15162921004,11550,579 Peninsula Blvd,Hempstead,NY,"[{'@type': 'OpeningHoursSpecification', 'dayOfWeek': ['Monday', 'Tuesday', 'Wednesday', 'Thursday', 'Friday', 'Saturday', 'Sunday'], 'opens': '5:0', 'closes': '22:0'}]","{'@type': 'PostalAddress', 'addressLocality': 'Hempstead', 'addressRegion': 'NY', 'postalCode': '11550', 'addressCountry': 'US', 'streetAddress': '579 Peninsula Blvd'}","{'@type': 'GeoCoordinates', 'latitude': 40.69802079999999, 'longitude': -73.62891189999999}",{}
Toss'd ,https://www.ubereats.com/nyc-suburbs/food-delivery/tossd/u97r7bx5Tqy5hB0qpbNTyA,carle-place-new-york,"['Healthy', 'Vegetarian', 'Salads']",,,$,40.721525,-73.688688,+15164378449,11001,55 Covert Ave,Floral Park,New York,"[{'@type': 'OpeningHoursSpecification', 'dayOfWeek': 'Sunday', 'opens': '11:30', 'closes': '20:30'}, {'@type': 'OpeningHoursSpecification', 'dayOfWeek': ['Monday', 'Tuesday', 'Wednesday', 'Thursday', 'Friday', 'Saturday'], 'opens': '11:0', 'closes': '21:30'}]","{'@type': 'PostalAddress', 'addressLocality': 'Floral Park', 'addressRegion': 'New York', 'postalCode': '11001', 'addressCountry': 'US', 'streetAddress': '55 Covert Ave'}","{'@type': 'GeoCoordinates', 'latitude': 40.721525, 'longitude': -73.688688}",{}
Lisbon Cafe,https://www.ubereats.com/nyc-suburbs/food-delivery/lisbon-cafe/e6v-2WZmTf6N8P3XCbuZmA,carle-place-new-york,"['Salads', 'Seafood', 'Pasta']",,,$,40.7506977,-73.6063152,+15162805216,11514,490 Westbury Ave,Carle Place,NY,"[{'@type': 'OpeningHoursSpecification', 'dayOfWeek': ['Sunday', 'Monday'], 'opens': '0:0', 'closes': '20:0'}, {'@type': 'OpeningHoursSpecification', 'dayOfWeek': ['Wednesday', 'Thursday', 'Friday', 'Saturday'], 'opens': '0:0', 'closes': '20:0'}]","{'@type': 'PostalAddress', 'addressLocality': 'Carle Place', 'addressRegion': 'NY', 'postalCode': '11514', 'addressCountry': 'US', 'streetAddress': '490 Westbury Ave'}","{'@type': 'GeoCoordinates', 'latitude': 40.7506977, 'longitude': -73.6063152}",{}
Morrison's,https://www.ubereats.com/nyc-suburbs/food-delivery/morrisons/DZaiXApjTNKtfVrOv5mDPg,carle-place-new-york,"['American', 'Burgers', 'Allergy Friendly']",4.6,32,$$,40.784593,-73.501126,+15169328460,11803,430 Woodbury Rd,Plainview,New York,"[{'@type': 'OpeningHoursSpecification', 'dayOfWeek': 'Sunday', 'opens': '12:0', 'closes': '20:0'}, {'@type': 'OpeningHoursSpecification', 'dayOfWeek': 'Sunday', 'opens': '12:0', 'closes': '15:30'}, {'@type': 'OpeningHoursSpecification', 'dayOfWeek': ['Monday', 'Tuesday', 'Wednesday', 'Thursday'], 'opens': '12:0', 'closes': '21:0'}, {'@type': 'OpeningHoursSpecification', 'dayOfWeek': ['Monday', 'Tuesday', 'Wednesday', 'Thursday'], 'opens': '12:0', 'closes': '15:30'}, {'@type': 'OpeningHoursSpecification', 'dayOfWeek': ['Friday', 'Saturday'], 'opens': '12:0', 'closes': '22:0'}, {'@type': 'OpeningHoursSpecification', 'dayOfWeek': ['Friday', 'Saturday'], 'opens': '12:0', 'closes': '15:30'}]","{'@type': 'PostalAddress', 'addressLocality': 'Plainview', 'addressRegion': 'New York', 'postalCode': '11803', 'addressCountry': 'US', 'streetAddress': '430 Woodbury Rd'}","{'@type': 'GeoCoordinates', 'latitude': 40.784593, 'longitude': -73.501126}","{'@type': 'AggregateRating', 'ratingValue': 4.6, 'reviewCount': '32'}"
Starbucks (Port Washington),https://www.ubereats.com/nyc-suburbs/food-delivery/starbucks-port-washington/6KOHlpMARGaWXT7I24hAmA,carle-place-new-york,"['Bakery', 'Breakfast and Brunch', 'Cafe', 'Coffee & Tea']",4.6,147,$,40.8303803,-73.6884484,+15169445082,11050,72 MAIN ST,Port Washington,NY,"[{'@type': 'OpeningHoursSpecification', 'dayOfWeek': ['Monday', 'Tuesday', 'Wednesday', 'Thursday', 'Friday', 'Saturday', 'Sunday'], 'opens': '6:0', 'closes': '20:0'}]","{'@type': 'PostalAddress', 'addressLocality': 'Port Washington', 'addressRegion': 'NY', 'postalCode': '11050', 'addressCountry': 'US', 'streetAddress': '72 MAIN ST'}","{'@type': 'GeoCoordinates', 'latitude': 40.8303803, 'longitude': -73.6884484}","{'@type': 'AggregateRating', 'ratingValue': 4.6, 'reviewCount': '147'}"
KFC - South Hempstead,https://www.ubereats.com/nyc-suburbs/food-delivery/kfc-south-hempstead/UFgFMTx2Qd6vHlSWiaaCAw,carle-place-new-york,"['American', 'Southern', 'Fast Food']",3.9,100,$$,40.680517,-73.6145,+15163078439,11510,1221 Grand Ave,Baldwin,NY,"[{'@type': 'OpeningHoursSpecification', 'dayOfWeek': ['Sunday', 'Monday', 'Tuesday', 'Wednesday', 'Thursday'], 'opens': '10:0', 'closes': '0:30'}, {'@type': 'OpeningHoursSpecification', 'dayOfWeek': ['Friday', 'Saturday'], 'opens': '10:0', 'closes': '1:30'}]","{'@type': 'PostalAddress', 'addressLocality': 'Baldwin', 'addressRegion': 'NY', 'postalCode': '11510', 'addressCountry': 'US', 'streetAddress': '1221 Grand Ave'}","{'@type': 'GeoCoordinates', 'latitude': 40.680517, 'longitude': -73.6145}","{'@type': 'AggregateRating', 'ratingValue': 3.9, 'reviewCount': '100'}"
Cornerstone Pub & Restaurant,https://www.ubereats.com/nyc-suburbs/food-delivery/cornerstone-pub-%26-restaurant/0ekXMJplS06LrS3bFG3PQg,carle-place-new-york,"['Burgers', 'American', 'Sandwiches']",4.9,30,$,40.7472053,-73.64768819999999,+15167416095,11501,288 Jericho Tpke,Mineola,NY,"[{'@type': 'OpeningHoursSpecification', 'dayOfWeek': 'Sunday', 'opens': '12:0', 'closes': '19:30'}, {'@type': 'OpeningHoursSpecification', 'dayOfWeek': ['Monday', 'Tuesday', 'Wednesday', 'Thursday', 'Friday', 'Saturday'], 'opens': '12:0', 'closes': '22:0'}]","{'@type': 'PostalAddress', 'addressLocality': 'Mineola', 'addressRegion': 'NY', 'postalCode': '11501', 'addressCountry': 'US', 'streetAddress': '288 Jericho Tpke'}","{'@type': 'GeoCoordinates', 'latitude': 40.7472053, 'longitude': -73.64768819999999}","{'@type': 'AggregateRating', 'ratingValue': 4.9, 'reviewCount': '30'}"
,https://www.ubereats.com/nyc-suburbs/food-delivery/namaste-authentic-cuisine-bellerose-manor/ilCJYlaqQdyCz0uo_nOKdA,carle-place-new-york,,,,,,,,,,,,,,,
Sushi 560 Inc,https://www.ubereats.com/nyc-suburbs/food-delivery/sushi-560-inc/fNfuDT4MRk-JkF2QsQrXdg,carle-place-new-york,"['Sushi', 'Japanese', 'Asian']",4.5,217,$$,40.742953,-73.480981,+13475568877,11714,560 Stewart Ave,Bethpage,NY,"[{'@type': 'OpeningHoursSpecification', 'dayOfWeek': 'Sunday', 'opens': '12:0', 'closes': '22:0'}, {'@type': 'OpeningHoursSpecification', 'dayOfWeek': 'Sunday', 'opens': '12:0', 'closes': '15:0'}, {'@type': 'OpeningHoursSpecification', 'dayOfWeek': ['Monday', 'Tuesday', 'Wednesday', 'Thursday'], 'opens': '11:0', 'closes': '22:0'}, {'@type': 'OpeningHoursSpecification', 'dayOfWeek': ['Monday', 'Tuesday', 'Wednesday', 'Thursday'], 'opens': '11:0', 'closes': '15:0'}, {'@type': 'OpeningHoursSpecification', 'dayOfWeek': 'Friday', 'opens': '11:0', 'closes': '23:0'}, {'@type': 'OpeningHoursSpecification', 'dayOfWeek': 'Friday', 'opens': '11:0', 'closes': '15:0'}, {'@type': 'OpeningHoursSpecification', 'dayOfWeek': 'Saturday', 'opens': '12:0', 'closes': '23:0'}, {'@type': 'OpeningHoursSpecification', 'dayOfWeek': 'Saturday', 'opens': '12:0', 'closes': '15:0'}]","{'@type': 'PostalAddress', 'addressLocality': 'Bethpage', 'addressRegion': 'NY', 'postalCode': '11714', 'addressCountry': 'US', 'streetAddress': '560 Stewart Ave'}","{'@type': 'GeoCoordinates', 'latitude': 40.742953, 'longitude': -73.480981}","{'@type': 'AggregateRating', 'ratingValue': 4.5, 'reviewCount': '217'}"
Yard Flavors,https://www.ubereats.com/nyc-suburbs/food-delivery/yard-flavors/MwtRbGoXSZ6-WAb0KGeXuA,carle-place-new-york,"['Jamaican', 'Caribbean', 'Chicken']",4.4,370,$$,40.708469,-73.710185,+15162331699,11003,466 Hempstead Turnpike,Elmont,New York,"[{'@type': 'OpeningHoursSpecification', 'dayOfWeek': 'Sunday', 'opens': '7:0', 'closes': '11:0'}, {'@type': 'OpeningHoursSpecification', 'dayOfWeek': 'Sunday', 'opens': '10:45', 'closes': '17:45'}, {'@type': 'OpeningHoursSpecification', 'dayOfWeek': 'Sunday', 'opens': '10:45', 'closes': '17:45'}, {'@type': 'OpeningHoursSpecification', 'dayOfWeek': 'Sunday', 'opens': '7:0', 'closes': '9:0'}, {'@type': 'OpeningHoursSpecification', 'dayOfWeek': ['Monday', 'Tuesday', 'Wednesday', 'Thursday', 'Friday', 'Saturday'], 'opens': '7:0', 'closes': '11:0'}, {'@type': 'OpeningHoursSpecification', 'dayOfWeek': ['Monday', 'Tuesday', 'Wednesday', 'Thursday', 'Friday', 'Saturday'], 'opens': '10:45', 'closes': '20:45'}, {'@type': 'OpeningHoursSpecification', 'dayOfWeek': ['Monday', 'Tuesday', 'Wednesday', 'Thursday', 'Friday', 'Saturday'], 'opens': '10:45', 'closes': '20:45'}, {'@type': 'OpeningHoursSpecification', 'dayOfWeek': ['Monday', 'Tuesday', 'Wednesday', 'Thursday', 'Friday', 'Saturday'], 'opens': '7:0', 'closes': '9:0'}]","{'@type': 'PostalAddress', 'addressLocality': 'Elmont', 'addressRegion': 'New York', 'postalCode': '11003', 'addressCountry': 'US', 'streetAddress': '466 Hempstead Turnpike'}","{'@type': 'GeoCoordinates', 'latitude': 40.708469, 'longitude': -73.710185}","{'@type': 'AggregateRating', 'ratingValue': 4.4, 'reviewCount': '370'}"
Dunkin' (597 Hicksville Rd),https://www.ubereats.com/nyc-suburbs/food-delivery/dunkin-597-hicksville-rd/XT4u-b5SR8ulQPQIIH_J6w,carle-place-new-york,"['Breakfast and Brunch', 'Donuts']",4.8,11,$,40.74101629999999,-73.496438,+15168222132,11714,597 Hicksville Rd,Bethpage,NY,"[{'@type': 'OpeningHoursSpecification', 'dayOfWeek': ['Monday', 'Tuesday', 'Wednesday', 'Thursday', 'Friday', 'Saturday', 'Sunday'], 'opens': '6:0', 'closes': '18:0'}]","{'@type': 'PostalAddress', 'addressLocality': 'Bethpage', 'addressRegion': 'NY', 'postalCode': '11714', 'addressCountry': 'US', 'streetAddress': '597 Hicksville Rd'}","{'@type': 'GeoCoordinates', 'latitude': 40.74101629999999, 'longitude': -73.496438}","{'@type': 'AggregateRating', 'ratingValue': 4.8, 'reviewCount': '11'}"
Kotobuki - Roslyn,https://www.ubereats.com/nyc-suburbs/food-delivery/kotobuki-roslyn/rT-xN1q5Sp607LSJp0a8lg,carle-place-new-york,"['Sushi', 'Asian', 'Japanese']",4.1,133,$,40.8038549,-73.6451068,+15166215312,11576,1530 Old Northern Blvd,Roslyn,NY,"[{'@type': 'OpeningHoursSpecification', 'dayOfWeek': 'Sunday', 'opens': '17:0', 'closes': '21:30'}, {'@type': 'OpeningHoursSpecification', 'dayOfWeek': 'Monday', 'opens': '12:0', 'closes': '14:30'}, {'@type': 'OpeningHoursSpecification', 'dayOfWeek': 'Monday', 'opens': '17:30', 'closes': '22:0'}, {'@type': 'OpeningHoursSpecification', 'dayOfWeek': ['Tuesday', 'Wednesday', 'Thursday'], 'opens': '12:0', 'closes': '14:30'}, {'@type': 'OpeningHoursSpecification', 'dayOfWeek': ['Tuesday', 'Wednesday', 'Thursday'], 'opens': '17:30', 'closes': '21:45'}, {'@type': 'OpeningHoursSpecification', 'dayOfWeek': 'Friday', 'opens': '12:0', 'closes': '14:30'}, {'@type': 'OpeningHoursSpecification', 'dayOfWeek': 'Friday', 'opens': '17:30', 'closes': '22:30'}, {'@type': 'OpeningHoursSpecification', 'dayOfWeek': 'Saturday', 'opens': '17:30', 'closes': '22:30'}]","{'@type': 'PostalAddress', 'addressLocality': 'Roslyn', 'addressRegion': 'NY', 'postalCode': '11576', 'addressCountry': 'US', 'streetAddress': '1530 Old Northern Blvd'}","{'@type': 'GeoCoordinates', 'latitude': 40.8038549, 'longitude': -73.6451068}","{'@type': 'AggregateRating', 'ratingValue': 4.1, 'reviewCount': '133'}"
Bagel Boss (Jericho),https://www.ubereats.com/nyc-suburbs/food-delivery/bagel-boss-jericho/q5qax6oJTOCeax5yjdGDOA,carle-place-new-york,"['Sandwiches', 'American', 'Healthy']",4.6,109,$$,40.7769237,-73.56773199999999,+15163340300,,,,,"[{'@type': 'OpeningHoursSpecification', 'dayOfWeek': ['Monday', 'Tuesday', 'Wednesday', 'Thursday', 'Friday', 'Saturday', 'Sunday'], 'opens': '5:0', 'closes': '14:0'}]",,"{'@type': 'GeoCoordinates', 'latitude': 40.7769237, 'longitude': -73.56773199999999}","{'@type': 'AggregateRating', 'ratingValue': 4.6, 'reviewCount': '109'}"
Dunkin' (100 North Broadway),https://www.ubereats.com/nyc-suburbs/food-delivery/dunkin-100-north-broadway/mNbxY2aJSNS6p0Yc2FO4Pw,carle-place-new-york,"['Breakfast and Brunch', 'Donuts']",4.7,27,$,40.7710077,-73.52712249999999,+15169323594,11801,100 North Broadway,Hicksville,NY,"[{'@type': 'OpeningHoursSpecification', 'dayOfWeek': 'Sunday', 'opens': '6:30', 'closes': '19:30'}, {'@type': 'OpeningHoursSpecification', 'dayOfWeek': ['Monday', 'Tuesday', 'Wednesday', 'Thursday', 'Friday', 'Saturday'], 'opens': '5:30', 'closes': '19:30'}]","{'@type': 'PostalAddress', 'addressLocality': 'Hicksville', 'addressRegion': 'NY', 'postalCode': '11801', 'addressCountry': 'US', 'streetAddress': '100 North Broadway'}","{'@type': 'GeoCoordinates', 'latitude': 40.7710077, 'longitude': -73.52712249999999}","{'@type': 'AggregateRating', 'ratingValue': 4.7, 'reviewCount': '27'}"
Dunkin' (1051 Willis Ave),https://www.ubereats.com/nyc-suburbs/food-delivery/dunkin-1051-willis-ave/Y23rge6DSf-agdYt8xVIjg,carle-place-new-york,"['Breakfast and Brunch', 'Donuts']",,,$,40.7722661,-73.6494091,+15167465999,11507,1051 Willis Ave,Albertson,NY,"[{'@type': 'OpeningHoursSpecification', 'dayOfWeek': ['Monday', 'Tuesday', 'Wednesday', 'Thursday', 'Friday', 'Saturday', 'Sunday'], 'opens': '6:30', 'closes': '20:30'}]","{'@type': 'PostalAddress', 'addressLocality': 'Albertson', 'addressRegion': 'NY', 'postalCode': '11507', 'addressCountry': 'US', 'streetAddress': '1051 Willis Ave'}","{'@type': 'GeoCoordinates', 'latitude': 40.7722661, 'longitude': -73.6494091}",{}
Chipotle Mexican Grill (420 Jericho Tpke),https://www.ubereats.com/nyc-suburbs/food-delivery/chipotle-mexican-grill-420-jericho-tpke/RNx0BfiyQG6JPFZyn-qhjA,carle-place-new-york,"['Healthy', 'Mexican']",4.5,352,$,40.8098855,-73.5005001,+15167628862,11791,420 Jericho Tpke,Syosset,NY,"[{'@type': 'OpeningHoursSpecification', 'dayOfWeek': ['Monday', 'Tuesday', 'Wednesday', 'Thursday', 'Friday', 'Saturday', 'Sunday'], 'opens': '10:45', 'closes': '21:40'}]","{'@type': 'PostalAddress', 'addressLocality': 'Syosset', 'addressRegion': 'NY', 'postalCode': '11791', 'addressCountry': 'US', 'streetAddress': '420 Jericho Tpke'}","{'@type': 'GeoCoordinates', 'latitude': 40.8098855, 'longitude': -73.5005001}","{'@type': 'AggregateRating', 'ratingValue': 4.5, 'reviewCount': '352'}"
MOE'S (2565 Hempstead Turnpike),https://www.ubereats.com/nyc-suburbs/food-delivery/moes-2565-hempstead-turnpike/pva06pjaSOyuwNxwgWtNoQ,carle-place-new-york,"['Mexican', 'Fast Food', 'Salads', 'Family Meals']",4.5,207,$$,40.72466,-73.5405017,+15165205160,11554,2565 Hempstead Turnpike,East Meadow,NY,"[{'@type': 'OpeningHoursSpecification', 'dayOfWeek': 'Sunday', 'opens': '11:0', 'closes': '20:45'}, {'@type': 'OpeningHoursSpecification', 'dayOfWeek': ['Monday', 'Tuesday', 'Wednesday', 'Thursday', 'Friday', 'Saturday'], 'opens': '11:0', 'closes': '21:45'}]","{'@type': 'PostalAddress', 'addressLocality': 'East Meadow', 'addressRegion': 'NY', 'postalCode': '11554', 'addressCountry': 'US', 'streetAddress': '2565 Hempstead Turnpike'}","{'@type': 'GeoCoordinates', 'latitude': 40.72466, 'longitude': -73.5405017}","{'@type': 'AggregateRating', 'ratingValue': 4.5, 'reviewCount': '207'}"
Pita Station,https://www.ubereats.com/nyc-suburbs/food-delivery/pita-station/urE-rnC8Rry-g-KusgEkPA,carle-place-new-york,"['Mediterranean', 'Burgers', 'Salads', 'Desserts', 'Sandwich', 'Family Meals']",4.6,29,$,40.7986982,-73.6999563,+15164395460,11030,444 Plandome Road,Manhasset,444 Plandome Road,"[{'@type': 'OpeningHoursSpecification', 'dayOfWeek': ['Monday', 'Tuesday', 'Wednesday', 'Thursday', 'Friday', 'Saturday', 'Sunday'], 'opens': '11:0', 'closes': '20:0'}]","{'@type': 'PostalAddress', 'addressLocality': 'Manhasset', 'addressRegion': '444 Plandome Road', 'postalCode': '11030', 'addressCountry': 'US', 'streetAddress': '444 Plandome Road'}","{'@type': 'GeoCoordinates', 'latitude': 40.7986982, 'longitude': -73.6999563}","{'@type': 'AggregateRating', 'ratingValue': 4.6, 'reviewCount': '29'}"
Wendy's  (191 Jericho Turnpike),https://www.ubereats.com/nyc-suburbs/food-delivery/wendys-191-jericho-turnpike/7f2mZLEQQguDPRICJSpzow,carle-place-new-york,"['American', 'Burgers', 'Fast Food', 'Breakfast and Brunch']",4.2,399,$,40.72905069999999,-73.70357729999999,+15163521290,11001,191 Jericho Turnpike,Floral Park,NY,"[{'@type': 'OpeningHoursSpecification', 'dayOfWeek': ['Monday', 'Tuesday', 'Wednesday', 'Thursday', 'Friday', 'Saturday', 'Sunday'], 'opens': '10:30', 'closes': '23:30'}, {'@type': 'OpeningHoursSpecification', 'dayOfWeek': ['Monday', 'Tuesday', 'Wednesday', 'Thursday', 'Friday', 'Saturday', 'Sunday'], 'opens': '6:30', 'closes': '10:0'}]","{'@type': 'PostalAddress', 'addressLocality': 'Floral Park', 'addressRegion': 'NY', 'postalCode': '11001', 'addressCountry': 'US', 'streetAddress': '191 Jericho Turnpike'}","{'@type': 'GeoCoordinates', 'latitude': 40.72905069999999, 'longitude': -73.70357729999999}","{'@type': 'AggregateRating', 'ratingValue': 4.2, 'reviewCount': '399'}"
Greek Corner,https://www.ubereats.com/nyc-suburbs/food-delivery/greek-corner/r40jsFcZRF2tj8Hmd-sOyA,carle-place-new-york,"['Greek', 'Comfort Food', 'Desserts']",,,$,40.700675600000174,-73.68123117301639,+15163260300,,,,,"[{'@type': 'OpeningHoursSpecification', 'dayOfWeek': 'Sunday', 'opens': '11:0', 'closes': '22:0'}, {'@type': 'OpeningHoursSpecification', 'dayOfWeek': ['Monday', 'Tuesday'], 'opens': '10:0', 'closes': '22:0'}, {'@type': 'OpeningHoursSpecification', 'dayOfWeek': 'Wednesday', 'opens': '10:9', 'closes': '21:0'}, {'@type': 'OpeningHoursSpecification', 'dayOfWeek': 'Wednesday', 'opens': '10:0', 'closes': '22:0'}, {'@type': 'OpeningHoursSpecification', 'dayOfWeek': ['Thursday', 'Friday', 'Saturday'], 'opens': '10:0', 'closes': '22:0'}]",,"{'@type': 'GeoCoordinates', 'latitude': 40.700675600000174, 'longitude': -73.68123117301639}",{}
Cassariano,https://www.ubereats.com/nyc-suburbs/food-delivery/cassariano/y1j1JvM4QOW4AbnV6LnUdg,carle-place-new-york,"['Italian', 'Pasta', 'Salads']",,,$$,40.755935,-73.623581,+15162808990,11501,348 E Jericho Turnpike,Mineola,NY,"[{'@type': 'OpeningHoursSpecification', 'dayOfWeek': 'Sunday', 'opens': '14:0', 'closes': '22:0'}, {'@type': 'OpeningHoursSpecification', 'dayOfWeek': 'Sunday', 'opens': '13:0', 'closes': '21:0'}, {'@type': 'OpeningHoursSpecification', 'dayOfWeek': ['Tuesday', 'Wednesday', 'Thursday', 'Friday', 'Saturday'], 'opens': '14:0', 'closes': '22:0'}]","{'@type': 'PostalAddress', 'addressLocality': 'Mineola', 'addressRegion': 'NY', 'postalCode': '11501', 'addressCountry': 'US', 'streetAddress': '348 E Jericho Turnpike'}","{'@type': 'GeoCoordinates', 'latitude': 40.755935, 'longitude': -73.623581}",{}
GALLIFOOD,https://www.ubereats.com/nyc-suburbs/food-delivery/gallifood/4AcymWhQTu2Wk2NruIBcoQ,carle-place-new-york,"['Indian', 'Chicken', 'Desserts']",,,,40.759066,-73.5138284,+16464996900,11801,400 S Broadway,Hicksville,NY,"[{'@type': 'OpeningHoursSpecification', 'dayOfWeek': 'Sunday', 'opens': '9:0', 'closes': '19:0'}, {'@type': 'OpeningHoursSpecification', 'dayOfWeek': 'Saturday', 'opens': '9:0', 'closes': '19:0'}]","{'@type': 'PostalAddress', 'addressLocality': 'Hicksville', 'addressRegion': 'NY', 'postalCode': '11801', 'addressCountry': 'US', 'streetAddress': '400 S Broadway'}","{'@type': 'GeoCoordinates', 'latitude': 40.759066, 'longitude': -73.5138284}",{}
IHOP (533 Old Country Road),https://www.ubereats.com/nyc-suburbs/food-delivery/ihop-533-old-country-road/dKvJmmV1Sd6h6G7phkmLHw,carle-place-new-york,"['American', 'Breakfast and Brunch', 'burger', 'Comfort Food', 'Dinner', 'Omelette', 'salad', 'Traditional American', 'Family Meals']",4.4,238,$,40.74729869999999,-73.5936878,+15162805000,11590,533 Old Country Road,Westbury,NY,"[{'@type': 'OpeningHoursSpecification', 'dayOfWeek': ['Sunday', 'Monday', 'Tuesday', 'Wednesday', 'Thursday'], 'opens': '7:0', 'closes': '19:50'}, {'@type': 'OpeningHoursSpecification', 'dayOfWeek': ['Friday', 'Saturday'], 'opens': '7:0', 'closes': '20:50'}]","{'@type': 'PostalAddress', 'addressLocality': 'Westbury', 'addressRegion': 'NY', 'postalCode': '11590', 'addressCountry': 'US', 'streetAddress': '533 Old Country Road'}","{'@type': 'GeoCoordinates', 'latitude': 40.74729869999999, 'longitude': -73.5936878}","{'@type': 'AggregateRating', 'ratingValue': 4.4, 'reviewCount': '238'}"
Olinda's cafe And  restaurant,https://www.ubereats.com/nyc-suburbs/food-delivery/olindas-cafe-and-restaurant/pUead0dcQIWl4rRLGZ04Lg,carle-place-new-york,"['Spanish', 'Seafood', 'Mediterranean']",,,$,40.7048419,-73.64693539999999,+15163079119,11552,221 Hempstead Turnpike,West Hempstead,NY,"[{'@type': 'OpeningHoursSpecification', 'dayOfWeek': 'Sunday', 'opens': '9:0', 'closes': '21:30'}, {'@type': 'OpeningHoursSpecification', 'dayOfWeek': 'Sunday', 'opens': '8:0', 'closes': '22:0'}, {'@type': 'OpeningHoursSpecification', 'dayOfWeek': ['Monday', 'Tuesday', 'Wednesday', 'Thursday'], 'opens': '9:0', 'closes': '21:30'}, {'@type': 'OpeningHoursSpecification', 'dayOfWeek': ['Monday', 'Tuesday', 'Wednesday', 'Thursday'], 'opens': '8:0', 'closes': '21:0'}, {'@type': 'OpeningHoursSpecification', 'dayOfWeek': ['Friday', 'Saturday'], 'opens': '9:0', 'closes': '21:30'}, {'@type': 'OpeningHoursSpecification', 'dayOfWeek': ['Friday', 'Saturday'], 'opens': '8:0', 'closes': '22:0'}]","{'@type': 'PostalAddress', 'addressLocality': 'West Hempstead', 'addressRegion': 'NY', 'postalCode': '11552', 'addressCountry': 'US', 'streetAddress': '221 Hempstead Turnpike'}","{'@type': 'GeoCoordinates', 'latitude': 40.7048419, 'longitude': -73.64693539999999}",{}
Checkers (2430 Hempstead Turnpike),https://www.ubereats.com/nyc-suburbs/food-delivery/checkers-2430-hempstead-turnpike/wKQwFgr8T0if3HbULV6-yQ,carle-place-new-york,"['American', 'burger']",4.6,178,$,40.7244548,-73.54609239999999,+15167315007,11554,2430 Hempstead Turnpike,East Meadow,NY,"[{'@type': 'OpeningHoursSpecification', 'dayOfWeek': ['Sunday', 'Monday', 'Tuesday', 'Wednesday', 'Thursday'], 'opens': '11:0', 'closes': '1:30'}, {'@type': 'OpeningHoursSpecification', 'dayOfWeek': ['Friday', 'Saturday'], 'opens': '11:0', 'closes': '2:30'}]","{'@type': 'PostalAddress', 'addressLocality': 'East Meadow', 'addressRegion': 'NY', 'postalCode': '11554', 'addressCountry': 'US', 'streetAddress': '2430 Hempstead Turnpike'}","{'@type': 'GeoCoordinates', 'latitude': 40.7244548, 'longitude': -73.54609239999999}","{'@type': 'AggregateRating', 'ratingValue': 4.6, 'reviewCount': '178'}"
Miller's Ale House Levittown,https://www.ubereats.com/nyc-suburbs/food-delivery/millers-ale-house-levittown/EmtSB7f1QD-H03ktA1DKtA,carle-place-new-york,"['American', 'Burgers', 'Wings']",4.1,21,$$,40.7241998,-73.5231074,+15165207000,11756,3046 Hempstead Tpke,Levittown,NY,"[{'@type': 'OpeningHoursSpecification', 'dayOfWeek': ['Monday', 'Tuesday', 'Wednesday', 'Thursday', 'Friday', 'Saturday', 'Sunday'], 'opens': '11:30', 'closes': '22:30'}]","{'@type': 'PostalAddress', 'addressLocality': 'Levittown', 'addressRegion': 'NY', 'postalCode': '11756', 'addressCountry': 'US', 'streetAddress': '3046 Hempstead Tpke'}","{'@type': 'GeoCoordinates', 'latitude': 40.7241998, 'longitude': -73.5231074}","{'@type': 'AggregateRating', 'ratingValue': 4.1, 'reviewCount': '21'}"
Miranda Trattoria,https://www.ubereats.com/nyc-suburbs/food-delivery/miranda-trattoria/1CEOJx57Sb2uXeTqaP473g,carle-place-new-york,"['Seafood', 'Latin American', 'Latin Fusion']",4.8,51,$,40.70806,-73.62761,+15162922333,11550,221 Fulton Ave,Hempstead,NY,"[{'@type': 'OpeningHoursSpecification', 'dayOfWeek': ['Monday', 'Tuesday', 'Wednesday', 'Thursday', 'Friday', 'Saturday', 'Sunday'], 'opens': '10:0', 'closes': '1:40'}]","{'@type': 'PostalAddress', 'addressLocality': 'Hempstead', 'addressRegion': 'NY', 'postalCode': '11550', 'addressCountry': 'US', 'streetAddress': '221 Fulton Ave'}","{'@type': 'GeoCoordinates', 'latitude': 40.70806, 'longitude': -73.62761}","{'@type': 'AggregateRating', 'ratingValue': 4.8, 'reviewCount': '51'}"
Brasas Peru,https://www.ubereats.com/nyc-suburbs/food-delivery/brasas-peru/IgFnPCwlTFqU7DDG_cqcIQ,carle-place-new-york,"['Peruvian', 'Latin American', 'Latin Fusion', 'Chicken', 'Seafood', 'Pasta', 'Steak', 'Family Meals']",4.5,231,$$,40.689965,-73.685096,+15162846852,11010,673 Franklin Ave,Franklin Square,New York,"[{'@type': 'OpeningHoursSpecification', 'dayOfWeek': 'Sunday', 'opens': '9:0', 'closes': '21:30'}, {'@type': 'OpeningHoursSpecification', 'dayOfWeek': ['Monday', 'Tuesday', 'Wednesday', 'Thursday', 'Friday'], 'opens': '11:0', 'closes': '22:0'}, {'@type': 'OpeningHoursSpecification', 'dayOfWeek': ['Monday', 'Tuesday', 'Wednesday', 'Thursday', 'Friday'], 'opens': '11:0', 'closes': '16:0'}, {'@type': 'OpeningHoursSpecification', 'dayOfWeek': 'Saturday', 'opens': '11:0', 'closes': '22:0'}]","{'@type': 'PostalAddress', 'addressLocality': 'Franklin Square', 'addressRegion': 'New York', 'postalCode': '11010', 'addressCountry': 'US', 'streetAddress': '673 Franklin Ave'}","{'@type': 'GeoCoordinates', 'latitude': 40.689965, 'longitude': -73.685096}","{'@type': 'AggregateRating', 'ratingValue': 4.5, 'reviewCount': '231'}"
Gio's Panini's and Wraps,https://www.ubereats.com/nyc-suburbs/food-delivery/gios-paninis-and-wraps/_jFv3v93Tsy0a3O2igphIg,carle-place-new-york,"['Sandwiches', 'American', 'Healthy']",,,$,40.7510829,-73.5750788,+16313566144,11590,625 Old Country Rd,Westbury,NY,"[{'@type': 'OpeningHoursSpecification', 'dayOfWeek': ['Monday', 'Tuesday', 'Wednesday', 'Thursday', 'Friday', 'Saturday', 'Sunday'], 'opens': '11:0', 'closes': '22:0'}]","{'@type': 'PostalAddress', 'addressLocality': 'Westbury', 'addressRegion': 'NY', 'postalCode': '11590', 'addressCountry': 'US', 'streetAddress': '625 Old Country Rd'}","{'@type': 'GeoCoordinates', 'latitude': 40.7510829, 'longitude': -73.5750788}",{}
Pinkberry (630 old country road),https://www.ubereats.com/nyc-suburbs/food-delivery/pinkberry-630-old-country-road/GeGFxc9VSjKNXKCDVf7Izw,carle-place-new-york,"['Ice Cream & Frozen Yogurt', 'Comfort Food', 'Desserts']",,,$,40.7379615,-73.612771,+15167463859,11530,630 Old Country Rd,Garden City,NY,"[{'@type': 'OpeningHoursSpecification', 'dayOfWeek': 'Sunday', 'opens': '11:0', 'closes': '19:0'}, {'@type': 'OpeningHoursSpecification', 'dayOfWeek': ['Monday', 'Tuesday', 'Wednesday', 'Thursday', 'Friday', 'Saturday'], 'opens': '10:0', 'closes': '21:30'}]","{'@type': 'PostalAddress', 'addressLocality': 'Garden City', 'addressRegion': 'NY', 'postalCode': '11530', 'addressCountry': 'US', 'streetAddress': '630 Old Country Rd'}","{'@type': 'GeoCoordinates', 'latitude': 40.7379615, 'longitude': -73.612771}",{}
Burger King (1727 Merrick Road),https://www.ubereats.com/nyc-suburbs/food-delivery/burger-king-1727-merrick-road/Z-VNfGsKR2aRBth7jWA-Iw,carle-place-new-york,"['American', 'burger', 'Fast Food']",4.5,62,$,40.654022,-73.55826259999999,+15166238088,11566,1727,Merrick,NY,"[{'@type': 'OpeningHoursSpecification', 'dayOfWeek': ['Sunday', 'Monday', 'Tuesday', 'Wednesday'], 'opens': '9:30', 'closes': '10:29'}, {'@type': 'OpeningHoursSpecification', 'dayOfWeek': ['Sunday', 'Monday', 'Tuesday', 'Wednesday'], 'opens': '10:30', 'closes': '21:30'}, {'@type': 'OpeningHoursSpecification', 'dayOfWeek': ['Thursday', 'Friday', 'Saturday'], 'opens': '9:30', 'closes': '10:29'}, {'@type': 'OpeningHoursSpecification', 'dayOfWeek': ['Thursday', 'Friday', 'Saturday'], 'opens': '10:30', 'closes': '22:30'}]","{'@type': 'PostalAddress', 'addressLocality': 'Merrick', 'addressRegion': 'NY', 'postalCode': '11566', 'addressCountry': 'US', 'streetAddress': '1727'}","{'@type': 'GeoCoordinates', 'latitude': 40.654022, 'longitude': -73.55826259999999}","{'@type': 'AggregateRating', 'ratingValue': 4.5, 'reviewCount': '62'}"
Great Neck Station Bagel & Deli,https://www.ubereats.com/nyc-suburbs/food-delivery/great-neck-station-bagel-%26-deli/kxREd-dMT4mMDo4q21GQQw,carle-place-new-york,"['Breakfast and Brunch', 'Deli', 'Sandwich']",,,$,40.7876629,-73.7263018,+15164667070,11021,33 N Station Plz,Great Neck,NY,"[{'@type': 'OpeningHoursSpecification', 'dayOfWeek': ['Monday', 'Tuesday', 'Wednesday', 'Thursday', 'Friday'], 'opens': '6:0', 'closes': '15:0'}, {'@type': 'OpeningHoursSpecification', 'dayOfWeek': ['Monday', 'Tuesday', 'Wednesday', 'Thursday', 'Friday'], 'opens': '6:0', 'closes': '15:0'}, {'@type': 'OpeningHoursSpecification', 'dayOfWeek': 'Saturday', 'opens': '6:0', 'closes': '12:45'}, {'@type': 'OpeningHoursSpecification', 'dayOfWeek': 'Saturday', 'opens': '6:0', 'closes': '15:0'}]","{'@type': 'PostalAddress', 'addressLocality': 'Great Neck', 'addressRegion': 'NY', 'postalCode': '11021', 'addressCountry': 'US', 'streetAddress': '33 N Station Plz'}","{'@type': 'GeoCoordinates', 'latitude': 40.7876629, 'longitude': -73.7263018}",{}
Bagel Chalet (Merrick Rd),https://www.ubereats.com/nyc-suburbs/food-delivery/bagel-chalet-merrick-rd/7wlPNfO6Q2C7WPXTVBR1Dw,carle-place-new-york,"['American', 'Breakfast and Brunch', 'Desserts']",4.7,326,$,40.657088,-73.5487151,+15163783300,11566,2037,Merrick,NY,"[{'@type': 'OpeningHoursSpecification', 'dayOfWeek': ['Monday', 'Tuesday', 'Wednesday', 'Thursday', 'Friday', 'Saturday', 'Sunday'], 'opens': '5:0', 'closes': '16:0'}]","{'@type': 'PostalAddress', 'addressLocality': 'Merrick', 'addressRegion': 'NY', 'postalCode': '11566', 'addressCountry': 'US', 'streetAddress': '2037'}","{'@type': 'GeoCoordinates', 'latitude': 40.657088, 'longitude': -73.5487151}","{'@type': 'AggregateRating', 'ratingValue': 4.7, 'reviewCount': '326'}"
Passione della Cucina,https://www.ubereats.com/nyc-suburbs/food-delivery/passione-della-cucina/oBx8E2QOSaeSFwPFl0ySvQ,carle-place-new-york,"['Italian', 'Pizza', 'Pasta']",,,$,40.744766,-73.613467,+15167414800,11514,231 Old Country Rd,Carle Place,NY,"[{'@type': 'OpeningHoursSpecification', 'dayOfWeek': 'Sunday', 'opens': '11:0', 'closes': '20:30'}, {'@type': 'OpeningHoursSpecification', 'dayOfWeek': 'Sunday', 'opens': '11:0', 'closes': '19:0'}, {'@type': 'OpeningHoursSpecification', 'dayOfWeek': 'Tuesday', 'opens': '11:0', 'closes': '20:30'}, {'@type': 'OpeningHoursSpecification', 'dayOfWeek': 'Tuesday', 'opens': '11:0', 'closes': '19:0'}, {'@type': 'OpeningHoursSpecification', 'dayOfWeek': ['Wednesday', 'Thursday', 'Friday'], 'opens': '11:0', 'closes': '20:30'}, {'@type': 'OpeningHoursSpecification', 'dayOfWeek': ['Wednesday', 'Thursday', 'Friday'], 'opens': '11:0', 'closes': '15:0'}, {'@type': 'OpeningHoursSpecification', 'dayOfWeek': ['Wednesday', 'Thursday', 'Friday'], 'opens': '11:0', 'closes': '19:0'}, {'@type': 'OpeningHoursSpecification', 'dayOfWeek': 'Saturday', 'opens': '11:0', 'closes': '20:30'}, {'@type': 'OpeningHoursSpecification', 'dayOfWeek': 'Saturday', 'opens': '11:0', 'closes': '19:0'}]","{'@type': 'PostalAddress', 'addressLocality': 'Carle Place', 'addressRegion': 'NY', 'postalCode': '11514', 'addressCountry': 'US', 'streetAddress': '231 Old Country Rd'}","{'@type': 'GeoCoordinates', 'latitude': 40.744766, 'longitude': -73.613467}",{}
Dunkin' (432 Jerusalem Ave),https://www.ubereats.com/nyc-suburbs/food-delivery/dunkin-432-jerusalem-ave/zMjXffkXSVWOtYRRVhZXow,carle-place-new-york,"['Breakfast and Brunch', 'Donuts']",4.9,33,$,40.7493823,-73.5191613,+15165130349,11801,432 Jerusalem Ave,Hicksville,NY,"[{'@type': 'OpeningHoursSpecification', 'dayOfWeek': ['Monday', 'Tuesday', 'Wednesday', 'Thursday', 'Friday', 'Saturday', 'Sunday'], 'opens': '5:30', 'closes': '21:30'}]","{'@type': 'PostalAddress', 'addressLocality': 'Hicksville', 'addressRegion': 'NY', 'postalCode': '11801', 'addressCountry': 'US', 'streetAddress': '432 Jerusalem Ave'}","{'@type': 'GeoCoordinates', 'latitude': 40.7493823, 'longitude': -73.5191613}","{'@type': 'AggregateRating', 'ratingValue': 4.9, 'reviewCount': '33'}"
Ill villagio ,https://www.ubereats.com/nyc-suburbs/food-delivery/ill-villagio/vufFWc5QSFy1zzBxe3WyHw,carle-place-new-york,"['Italian', 'Pasta', 'Sandwich']",,,$$$,40.6776057,-73.6672564,+15167926336,11580,285 N Central Ave,Valley Stream,NY,"[{'@type': 'OpeningHoursSpecification', 'dayOfWeek': ['Tuesday', 'Wednesday', 'Thursday', 'Friday', 'Saturday'], 'opens': '15:0', 'closes': '21:0'}]","{'@type': 'PostalAddress', 'addressLocality': 'Valley Stream', 'addressRegion': 'NY', 'postalCode': '11580', 'addressCountry': 'US', 'streetAddress': '285 N Central Ave'}","{'@type': 'GeoCoordinates', 'latitude': 40.6776057, 'longitude': -73.6672564}",{}
Landmark Diner,https://www.ubereats.com/nyc-suburbs/food-delivery/landmark-diner/9i1kDs32SJ2jQ7jHVKjqXg,carle-place-new-york,"['American', 'Diner', 'Breakfast and Brunch']",,,$,40.7978912,-73.6676473,+15166274830,11576,1027 Northern Blvd,Roslyn,NY,"[{'@type': 'OpeningHoursSpecification', 'dayOfWeek': 'Wednesday', 'opens': '11:0', 'closes': '21:0'}]","{'@type': 'PostalAddress', 'addressLocality': 'Roslyn', 'addressRegion': 'NY', 'postalCode': '11576', 'addressCountry': 'US', 'streetAddress': '1027 Northern Blvd'}","{'@type': 'GeoCoordinates', 'latitude': 40.7978912, 'longitude': -73.6676473}",{}
McDonald's® - Rockville Centre (Sunrise Hwy),https://www.ubereats.com/nyc-suburbs/food-delivery/mcdonalds-rockville-centre-sunrise-hwy/-cCzxkt1QFuC7dyZCBBr4Q,carle-place-new-york,"['American', 'Fast Food', 'Burgers']",4.7,123,$,40.656571,-73.628939,+15162559560,11570,618 SUNRISE HWY,ROCKVILLE CENTRE,NY,"[{'@type': 'OpeningHoursSpecification', 'dayOfWeek': 'Sunday', 'opens': '7:0', 'closes': '11:29'}, {'@type': 'OpeningHoursSpecification', 'dayOfWeek': 'Sunday', 'opens': '11:30', 'closes': '16:59'}, {'@type': 'OpeningHoursSpecification', 'dayOfWeek': 'Sunday', 'opens': '17:0', 'closes': '22:35'}, {'@type': 'OpeningHoursSpecification', 'dayOfWeek': ['Monday', 'Tuesday', 'Wednesday', 'Thursday', 'Friday'], 'opens': '7:0', 'closes': '10:59'}, {'@type': 'OpeningHoursSpecification', 'dayOfWeek': ['Monday', 'Tuesday', 'Wednesday', 'Thursday', 'Friday'], 'opens': '11:0', 'closes': '16:59'}, {'@type': 'OpeningHoursSpecification', 'dayOfWeek': ['Monday', 'Tuesday', 'Wednesday', 'Thursday', 'Friday'], 'opens': '17:0', 'closes': '22:35'}, {'@type': 'OpeningHoursSpecification', 'dayOfWeek': 'Saturday', 'opens': '7:0', 'closes': '11:29'}, {'@type': 'OpeningHoursSpecification', 'dayOfWeek': 'Saturday', 'opens': '11:30', 'closes': '16:59'}, {'@type': 'OpeningHoursSpecification', 'dayOfWeek': 'Saturday', 'opens': '17:0', 'closes': '22:35'}]","{'@type': 'PostalAddress', 'addressLocality': 'ROCKVILLE CENTRE', 'addressRegion': 'NY', 'postalCode': '11570', 'addressCountry': 'US', 'streetAddress': '618 SUNRISE HWY'}","{'@type': 'GeoCoordinates', 'latitude': 40.656571, 'longitude': -73.628939}","{'@type': 'AggregateRating', 'ratingValue': 4.7, 'reviewCount': '123'}"
Deli y Mas,https://www.ubereats.com/nyc-suburbs/food-delivery/deli-y-mas/XKn8Y0NJT6q7ImRyv-rdew,carle-place-new-york,"['Latin American', 'Mexican', 'Vegetarian']",,,$,40.7113364,-73.6099722,+15163619830,11550,618 Fulton Ave,Hempstead,NY,"[{'@type': 'OpeningHoursSpecification', 'dayOfWeek': ['Monday', 'Tuesday', 'Wednesday', 'Thursday', 'Friday', 'Saturday', 'Sunday'], 'opens': '0:0', 'closes': '23:59'}]","{'@type': 'PostalAddress', 'addressLocality': 'Hempstead', 'addressRegion': 'NY', 'postalCode': '11550', 'addressCountry': 'US', 'streetAddress': '618 Fulton Ave'}","{'@type': 'GeoCoordinates', 'latitude': 40.7113364, 'longitude': -73.6099722}",{}
The Captain's Boil (1226 Old Country Road),https://www.ubereats.com/nyc-suburbs/food-delivery/the-captains-boil-1226-old-country-road/FielB2uTQtKdMh60E8lYZg,carle-place-new-york,"['Seafood', 'American', 'Southern']",,,$,40.7450043,-73.6012322,+15162285176,11590,1226 Old Country Road,Westbury,NY,"[{'@type': 'OpeningHoursSpecification', 'dayOfWeek': ['Monday', 'Tuesday', 'Wednesday', 'Thursday', 'Friday', 'Saturday', 'Sunday'], 'opens': '11:0', 'closes': '21:0'}]","{'@type': 'PostalAddress', 'addressLocality': 'Westbury', 'addressRegion': 'NY', 'postalCode': '11590', 'addressCountry': 'US', 'streetAddress': '1226 Old Country Road'}","{'@type': 'GeoCoordinates', 'latitude': 40.7450043, 'longitude': -73.6012322}",{}
Salisbury Tavern,https://www.ubereats.com/nyc-suburbs/food-delivery/salisbury-tavern/XBhzeNFeR3elS77UjMZelw,carle-place-new-york,"['American', 'Burgers', 'Sandwiches']",,,$,40.7479313,-73.55189,+15164772050,11590,850 Carman Ave,Westbury,NY,"[{'@type': 'OpeningHoursSpecification', 'dayOfWeek': 'Sunday', 'opens': '12:0', 'closes': '20:30'}, {'@type': 'OpeningHoursSpecification', 'dayOfWeek': 'Monday', 'opens': '15:0', 'closes': '21:30'}, {'@type': 'OpeningHoursSpecification', 'dayOfWeek': 'Monday', 'opens': '15:0', 'closes': '18:0'}, {'@type': 'OpeningHoursSpecification', 'dayOfWeek': 'Tuesday', 'opens': '15:0', 'closes': '18:0'}, {'@type': 'OpeningHoursSpecification', 'dayOfWeek': ['Wednesday', 'Thursday'], 'opens': '15:0', 'closes': '21:30'}, {'@type': 'OpeningHoursSpecification', 'dayOfWeek': ['Wednesday', 'Thursday'], 'opens': '15:0', 'closes': '18:0'}, {'@type': 'OpeningHoursSpecification', 'dayOfWeek': 'Friday', 'opens': '15:0', 'closes': '18:30'}, {'@type': 'OpeningHoursSpecification', 'dayOfWeek': 'Friday', 'opens': '15:0', 'closes': '18:0'}, {'@type': 'OpeningHoursSpecification', 'dayOfWeek': 'Saturday', 'opens': '12:0', 'closes': '18:0'}]","{'@type': 'PostalAddress', 'addressLocality': 'Westbury', 'addressRegion': 'NY', 'postalCode': '11590', 'addressCountry': 'US', 'streetAddress': '850 Carman Ave'}","{'@type': 'GeoCoordinates', 'latitude': 40.7479313, 'longitude': -73.55189}",{}
Quickbites,https://www.ubereats.com/nyc-suburbs/food-delivery/quickbites/xJZ5t7YzSTmbb4IWUxFcqw,carle-place-new-york,"['Burgers', 'American', 'Sandwiches']",,,$,40.7729238,-73.51684879999999,+15164907777,11801,5 Bethpage Rd,Hicksville,NY,"[{'@type': 'OpeningHoursSpecification', 'dayOfWeek': ['Monday', 'Tuesday', 'Wednesday', 'Thursday', 'Friday', 'Saturday', 'Sunday'], 'opens': '9:0', 'closes': '19:30'}]","{'@type': 'PostalAddress', 'addressLocality': 'Hicksville', 'addressRegion': 'NY', 'postalCode': '11801', 'addressCountry': 'US', 'streetAddress': '5 Bethpage Rd'}","{'@type': 'GeoCoordinates', 'latitude': 40.7729238, 'longitude': -73.51684879999999}",{}
Dunkin' (336 N Broadway),https://www.ubereats.com/nyc-suburbs/food-delivery/dunkin-336-n-broadway/rskfErZ5QxirM73rJ7PJ2g,carle-place-new-york,"['Breakfast and Brunch', 'Donuts']",,,$,40.7806556,-73.5323109,+15169385768,11753,336 N Broadway,Jericho,NY,"[{'@type': 'OpeningHoursSpecification', 'dayOfWeek': ['Monday', 'Tuesday', 'Wednesday', 'Thursday', 'Friday', 'Saturday', 'Sunday'], 'opens': '7:0', 'closes': '20:0'}]","{'@type': 'PostalAddress', 'addressLocality': 'Jericho', 'addressRegion': 'NY', 'postalCode': '11753', 'addressCountry': 'US', 'streetAddress': '336 N Broadway'}","{'@type': 'GeoCoordinates', 'latitude': 40.7806556, 'longitude': -73.5323109}",{}
PoSing Kitchen,https://www.ubereats.com/nyc-suburbs/food-delivery/posing-kitchen/cvUkQJqARCSU_pnvcyo6vg,carle-place-new-york,"['Chinese', 'Asian', 'Asian Fusion']",4.7,18,$,40.70132230000001,-73.55096329999999,+15164834840,11710,2042 N Jerusalem Rd,North Bellmore,NY,"[{'@type': 'OpeningHoursSpecification', 'dayOfWeek': 'Sunday', 'opens': '11:0', 'closes': '15:30'}, {'@type': 'OpeningHoursSpecification', 'dayOfWeek': 'Sunday', 'opens': '12:0', 'closes': '21:30'}, {'@type': 'OpeningHoursSpecification', 'dayOfWeek': ['Tuesday', 'Wednesday', 'Thursday', 'Friday', 'Saturday'], 'opens': '11:0', 'closes': '15:30'}, {'@type': 'OpeningHoursSpecification', 'dayOfWeek': ['Tuesday', 'Wednesday', 'Thursday', 'Friday', 'Saturday'], 'opens': '11:0', 'closes': '21:30'}]","{'@type': 'PostalAddress', 'addressLocality': 'North Bellmore', 'addressRegion': 'NY', 'postalCode': '11710', 'addressCountry': 'US', 'streetAddress': '2042 N Jerusalem Rd'}","{'@type': 'GeoCoordinates', 'latitude': 40.70132230000001, 'longitude': -73.55096329999999}","{'@type': 'AggregateRating', 'ratingValue': 4.7, 'reviewCount': '18'}"
Bassin Bleu,https://www.ubereats.com/nyc-suburbs/food-delivery/bassin-bleu/o3mcfPotR6GiXlBnNv8hwg,carle-place-new-york,['Haitian'],4.7,54,$,40.702035,-73.606361,+15164939332,11550,310 Jerusalem Ave,Hempstead,New York,"[{'@type': 'OpeningHoursSpecification', 'dayOfWeek': 'Sunday', 'opens': '9:0', 'closes': '19:0'}, {'@type': 'OpeningHoursSpecification', 'dayOfWeek': 'Monday', 'opens': '0:0', 'closes': '0:30'}, {'@type': 'OpeningHoursSpecification', 'dayOfWeek': ['Tuesday', 'Wednesday', 'Thursday'], 'opens': '9:0', 'closes': '21:0'}, {'@type': 'OpeningHoursSpecification', 'dayOfWeek': ['Friday', 'Saturday'], 'opens': '9:0', 'closes': '22:0'}]","{'@type': 'PostalAddress', 'addressLocality': 'Hempstead', 'addressRegion': 'New York', 'postalCode': '11550', 'addressCountry': 'US', 'streetAddress': '310 Jerusalem Ave'}","{'@type': 'GeoCoordinates', 'latitude': 40.702035, 'longitude': -73.606361}","{'@type': 'AggregateRating', 'ratingValue': 4.7, 'reviewCount': '54'}"
Carvel (270 Hillside Avenue),https://www.ubereats.com/nyc-suburbs/food-delivery/carvel-270-hillside-avenue/S0bM0-EoTtmWUG2ikz2K3g,carle-place-new-york,"['Ice Cream & Frozen Yogurt', 'Pastry', 'Comfort Food']",4.5,115,$$,40.7549082,-73.6500188,+15167471057,11596,270 Hillside Avenue,NYC Suburbs,NY,"[{'@type': 'OpeningHoursSpecification', 'dayOfWeek': ['Sunday', 'Monday', 'Tuesday'], 'opens': '11:0', 'closes': '22:0'}, {'@type': 'OpeningHoursSpecification', 'dayOfWeek': 'Wednesday', 'opens': '11:0', 'closes': '18:0'}, {'@type': 'OpeningHoursSpecification', 'dayOfWeek': ['Thursday', 'Friday', 'Saturday'], 'opens': '11:0', 'closes': '22:0'}]","{'@type': 'PostalAddress', 'addressLocality': 'NYC Suburbs', 'addressRegion': 'NY', 'postalCode': '11596', 'addressCountry': 'US', 'streetAddress': '270 Hillside Avenue'}","{'@type': 'GeoCoordinates', 'latitude': 40.7549082, 'longitude': -73.6500188}","{'@type': 'AggregateRating', 'ratingValue': 4.5, 'reviewCount': '115'}"
Seventh Street Cafe,https://www.ubereats.com/nyc-suburbs/food-delivery/seventh-street-cafe/n-x1hI1zSQKO0_WgxjuuYg,carle-place-new-york,"['Italian', 'Pasta', 'Comfort Food', 'Allergy Friendly']",,,$,40.7246817,-73.63597,+15167477575,11530,126 7th St,Garden City,NY,"[{'@type': 'OpeningHoursSpecification', 'dayOfWeek': 'Sunday', 'opens': '12:0', 'closes': '21:0'}, {'@type': 'OpeningHoursSpecification', 'dayOfWeek': 'Sunday', 'opens': '19:59', 'closes': '20:0'}, {'@type': 'OpeningHoursSpecification', 'dayOfWeek': 'Sunday', 'opens': '19:59', 'closes': '20:0'}, {'@type': 'OpeningHoursSpecification', 'dayOfWeek': ['Monday', 'Tuesday', 'Wednesday', 'Thursday', 'Friday', 'Saturday'], 'opens': '12:0', 'closes': '21:0'}]","{'@type': 'PostalAddress', 'addressLocality': 'Garden City', 'addressRegion': 'NY', 'postalCode': '11530', 'addressCountry': 'US', 'streetAddress': '126 7th St'}","{'@type': 'GeoCoordinates', 'latitude': 40.7246817, 'longitude': -73.63597}",{}
Sombrero Mexican Grill ,https://www.ubereats.com/nyc-suburbs/food-delivery/sombrero-mexican-grill/WTy7eJVdTDGDqfUI6BdGIg,carle-place-new-york,"['American', 'Sandwiches', 'New Mexican', 'Mexican']",,,$,40.7022581,-73.607801,+15165654996,11550,270 Jerusalem Ave,Hempstead,NY,"[{'@type': 'OpeningHoursSpecification', 'dayOfWeek': ['Monday', 'Tuesday', 'Wednesday', 'Thursday', 'Friday', 'Saturday', 'Sunday'], 'opens': '6:0', 'closes': '22:0'}]","{'@type': 'PostalAddress', 'addressLocality': 'Hempstead', 'addressRegion': 'NY', 'postalCode': '11550', 'addressCountry': 'US', 'streetAddress': '270 Jerusalem Ave'}","{'@type': 'GeoCoordinates', 'latitude': 40.7022581, 'longitude': -73.607801}",{}
,https://www.ubereats.com/nyc-suburbs/food-delivery/gigis-pizza/A7RUm4udQkqFXX-BXKri4g,carle-place-new-york,,,,,,,,,,,,,,,
Subway (508 Hempstead Turnpike),https://www.ubereats.com/nyc-suburbs/food-delivery/subway-508-hempstead-turnpike/cydb43_oRPK41N_5deBQzQ,carle-place-new-york,"['Fast Food', 'Sandwich', 'American']",4.5,20,$,40.706891,-73.658169,+15162806333,11552,508 Hempstead Turnpike,West Hempstead,NY,"[{'@type': 'OpeningHoursSpecification', 'dayOfWeek': 'Sunday', 'opens': '10:0', 'closes': '21:0'}, {'@type': 'OpeningHoursSpecification', 'dayOfWeek': ['Monday', 'Tuesday', 'Wednesday', 'Thursday', 'Friday', 'Saturday'], 'opens': '10:0', 'closes': '20:30'}]","{'@type': 'PostalAddress', 'addressLocality': 'West Hempstead', 'addressRegion': 'NY', 'postalCode': '11552', 'addressCountry': 'US', 'streetAddress': '508 Hempstead Turnpike'}","{'@type': 'GeoCoordinates', 'latitude': 40.706891, 'longitude': -73.658169}","{'@type': 'AggregateRating', 'ratingValue': 4.5, 'reviewCount': '20'}"
388 Italian Restaurant & Catering,https://www.ubereats.com/nyc-suburbs/food-delivery/388-italian-restaurant-%26-catering/F455lTuXS-26Io4t7wcI6Q,carle-place-new-york,"['Italian', 'Pasta', 'Comfort Food', 'American']",4.2,10,$,40.7789138,-73.6497122,+15166213888,11577,388 Willis Ave.,Roslyn Heights,New York,"[{'@type': 'OpeningHoursSpecification', 'dayOfWeek': ['Monday', 'Tuesday', 'Wednesday', 'Thursday', 'Friday', 'Saturday', 'Sunday'], 'opens': '12:0', 'closes': '20:30'}]","{'@type': 'PostalAddress', 'addressLocality': 'Roslyn Heights', 'addressRegion': 'New York', 'postalCode': '11577', 'addressCountry': 'US', 'streetAddress': '388 Willis Ave.'}","{'@type': 'GeoCoordinates', 'latitude': 40.7789138, 'longitude': -73.6497122}","{'@type': 'AggregateRating', 'ratingValue': 4.2, 'reviewCount': '10'}"
Taco Bell (996 Hempstead Turnpike),https://www.ubereats.com/nyc-suburbs/food-delivery/taco-bell-996-hempstead-turnpike/O-Dipwq8STqyEw2ln1qx9g,carle-place-new-york,"['Burritos', 'Fast Food', 'Mexican']",4.0,404,$,40.70764,-73.67703689999999,+15163589821,11010,996 Hempstead Turnpike,Franklin Square,NY,"[{'@type': 'OpeningHoursSpecification', 'dayOfWeek': ['Sunday', 'Monday', 'Tuesday', 'Wednesday', 'Thursday'], 'opens': '14:0', 'closes': '17:0'}, {'@type': 'OpeningHoursSpecification', 'dayOfWeek': ['Sunday', 'Monday', 'Tuesday', 'Wednesday', 'Thursday'], 'opens': '9:0', 'closes': '1:30'}, {'@type': 'OpeningHoursSpecification', 'dayOfWeek': ['Sunday', 'Monday', 'Tuesday', 'Wednesday', 'Thursday'], 'opens': '8:0', 'closes': '10:30'}, {'@type': 'OpeningHoursSpecification', 'dayOfWeek': ['Friday', 'Saturday'], 'opens': '14:0', 'closes': '17:0'}, {'@type': 'OpeningHoursSpecification', 'dayOfWeek': ['Friday', 'Saturday'], 'opens': '8:0', 'closes': '10:30'}, {'@type': 'OpeningHoursSpecification', 'dayOfWeek': ['Friday', 'Saturday'], 'opens': '9:0', 'closes': '2:30'}]","{'@type': 'PostalAddress', 'addressLocality': 'Franklin Square', 'addressRegion': 'NY', 'postalCode': '11010', 'addressCountry': 'US', 'streetAddress': '996 Hempstead Turnpike'}","{'@type': 'GeoCoordinates', 'latitude': 40.70764, 'longitude': -73.67703689999999}","{'@type': 'AggregateRating', 'ratingValue': 4, 'reviewCount': '404'}"
The Halal House,https://www.ubereats.com/nyc-suburbs/food-delivery/the-halal-house/y3Qh3XDLQtufRGNyKEW6KA,carle-place-new-york,"['Mediterranean', 'Greek', 'Vegetarian', 'Wings', 'Halal']",4.4,34,$,40.7040373,-73.6260179,+13477843918,11550-4919,57 S Franklin St,Hempstead,NY,"[{'@type': 'OpeningHoursSpecification', 'dayOfWeek': ['Sunday', 'Monday', 'Tuesday', 'Wednesday', 'Thursday'], 'opens': '11:0', 'closes': '1:0'}, {'@type': 'OpeningHoursSpecification', 'dayOfWeek': ['Friday', 'Saturday'], 'opens': '11:0', 'closes': '2:0'}]","{'@type': 'PostalAddress', 'addressLocality': 'Hempstead', 'addressRegion': 'NY', 'postalCode': '11550-4919', 'addressCountry': 'US', 'streetAddress': '57 S Franklin St'}","{'@type': 'GeoCoordinates', 'latitude': 40.7040373, 'longitude': -73.6260179}","{'@type': 'AggregateRating', 'ratingValue': 4.4, 'reviewCount': '34'}"
Boba N' Bites,https://www.ubereats.com/nyc-suburbs/food-delivery/boba-n-bites/zpEtKRK9QCeKuHyRLsAntw,carle-place-new-york,"['Bubble Tea', 'Cafe', 'Healthy']",,,,40.6734965,-73.5912313,+15169608952,11575,62 King St,Roosevelt,NY,"[{'@type': 'OpeningHoursSpecification', 'dayOfWeek': 'Sunday', 'opens': '12:0', 'closes': '20:0'}, {'@type': 'OpeningHoursSpecification', 'dayOfWeek': ['Wednesday', 'Thursday'], 'opens': '14:30', 'closes': '20:0'}, {'@type': 'OpeningHoursSpecification', 'dayOfWeek': 'Saturday', 'opens': '12:0', 'closes': '22:0'}]","{'@type': 'PostalAddress', 'addressLocality': 'Roosevelt', 'addressRegion': 'NY', 'postalCode': '11575', 'addressCountry': 'US', 'streetAddress': '62 King St'}","{'@type': 'GeoCoordinates', 'latitude': 40.6734965, 'longitude': -73.5912313}",{}
Subway (186 Glen Cove Rd),https://www.ubereats.com/nyc-suburbs/food-delivery/subway-186-glen-cove-rd/fT1ZNcRoTl2bqeRojwpg0g,carle-place-new-york,"['Fast Food', 'Sandwich', 'American']",,,$,40.746681,-73.617653,+15162485552,,,,,"[{'@type': 'OpeningHoursSpecification', 'dayOfWeek': ['Monday', 'Tuesday', 'Wednesday', 'Thursday', 'Friday', 'Saturday', 'Sunday'], 'opens': '11:0', 'closes': '18:30'}]",,"{'@type': 'GeoCoordinates', 'latitude': 40.746681, 'longitude': -73.617653}",{}
,https://www.ubereats.com/nyc-suburbs/food-delivery/triple-crown-diner/Ej8WivLSQquUgsoRtPCk1A,carle-place-new-york,,,,,,,,,,,,,,,
Costa Nova Waffle,https://www.ubereats.com/nyc-suburbs/food-delivery/costa-nova-waffle/s5kb6bLLT1qZclk0SaPpdA,carle-place-new-york,"['American', 'Breakfast and Brunch', 'Desserts']",4.7,50,$,40.7413156,-73.64066,+15165009802,11501,211 2nd St,Mineola,NY,"[{'@type': 'OpeningHoursSpecification', 'dayOfWeek': 'Sunday', 'opens': '15:30', 'closes': '20:30'}, {'@type': 'OpeningHoursSpecification', 'dayOfWeek': ['Monday', 'Tuesday', 'Wednesday', 'Thursday', 'Friday'], 'opens': '9:0', 'closes': '20:30'}, {'@type': 'OpeningHoursSpecification', 'dayOfWeek': 'Saturday', 'opens': '11:30', 'closes': '20:30'}]","{'@type': 'PostalAddress', 'addressLocality': 'Mineola', 'addressRegion': 'NY', 'postalCode': '11501', 'addressCountry': 'US', 'streetAddress': '211 2nd St'}","{'@type': 'GeoCoordinates', 'latitude': 40.7413156, 'longitude': -73.64066}","{'@type': 'AggregateRating', 'ratingValue': 4.7, 'reviewCount': '50'}"
The Patty Wagon,https://www.ubereats.com/nyc-suburbs/food-delivery/the-patty-wagon/q2YCGxScSVyMVAMlOUv0Zg,carle-place-new-york,"['BBQ', 'American', 'Burgers']",,,$,40.7644857,-73.502237,+15169655718,11801,11 Field Ave,Hicksville,NY,"[{'@type': 'OpeningHoursSpecification', 'dayOfWeek': ['Monday', 'Tuesday', 'Wednesday', 'Thursday', 'Friday', 'Saturday', 'Sunday'], 'opens': '10:0', 'closes': '23:29'}]","{'@type': 'PostalAddress', 'addressLocality': 'Hicksville', 'addressRegion': 'NY', 'postalCode': '11801', 'addressCountry': 'US', 'streetAddress': '11 Field Ave'}","{'@type': 'GeoCoordinates', 'latitude': 40.7644857, 'longitude': -73.502237}",{}
Concrete Jungle Catering,https://www.ubereats.com/nyc-suburbs/food-delivery/concrete-jungle-catering/PjuFE9mKQ6qt2Oi1z6d7XA,carle-place-new-york,"['New American', 'Comfort Food', 'Breakfast and Brunch']",,,$$,40.737549,-73.63564099999999,+15167019040,11530,400 County Seat Dr,Garden City,NY,"[{'@type': 'OpeningHoursSpecification', 'dayOfWeek': ['Monday', 'Tuesday', 'Wednesday', 'Thursday'], 'opens': '10:30', 'closes': '15:0'}, {'@type': 'OpeningHoursSpecification', 'dayOfWeek': ['Monday', 'Tuesday', 'Wednesday', 'Thursday'], 'opens': '9:30', 'closes': '15:0'}, {'@type': 'OpeningHoursSpecification', 'dayOfWeek': ['Monday', 'Tuesday', 'Wednesday', 'Thursday'], 'opens': '9:30', 'closes': '15:0'}, {'@type': 'OpeningHoursSpecification', 'dayOfWeek': 'Friday', 'opens': '10:30', 'closes': '15:0'}, {'@type': 'OpeningHoursSpecification', 'dayOfWeek': 'Friday', 'opens': '9:30', 'closes': '15:0'}, {'@type': 'OpeningHoursSpecification', 'dayOfWeek': 'Friday', 'opens': '9:30', 'closes': '15:0'}, {'@type': 'OpeningHoursSpecification', 'dayOfWeek': 'Friday', 'opens': '18:0', 'closes': '21:0'}]","{'@type': 'PostalAddress', 'addressLocality': 'Garden City', 'addressRegion': 'NY', 'postalCode': '11530', 'addressCountry': 'US', 'streetAddress': '400 County Seat Dr'}","{'@type': 'GeoCoordinates', 'latitude': 40.737549, 'longitude': -73.63564099999999}",{}
A&A Deli - Shlomo Grocery Inc.,https://www.ubereats.com/nyc-suburbs/food-delivery/a%26a-deli-shlomo-grocery-inc/XQxbYGCxQvq_gntgkFzGLQ,carle-place-new-york,"['Sandwiches', 'American', 'Healthy']",,,$,40.7001131,-73.6239325,+15163953770,11550,171 S Franklin St #A,Hempstead,NY,"[{'@type': 'OpeningHoursSpecification', 'dayOfWeek': ['Monday', 'Tuesday', 'Wednesday', 'Thursday', 'Friday', 'Saturday', 'Sunday'], 'opens': '6:0', 'closes': '23:0'}]","{'@type': 'PostalAddress', 'addressLocality': 'Hempstead', 'addressRegion': 'NY', 'postalCode': '11550', 'addressCountry': 'US', 'streetAddress': '171 S Franklin St #A'}","{'@type': 'GeoCoordinates', 'latitude': 40.7001131, 'longitude': -73.6239325}",{}
Ravagh Persian Grill (Nassau),https://www.ubereats.com/nyc-suburbs/food-delivery/ravagh-persian-grill-nassau/j9fvqJttRdGnF1rBTqp3dQ,carle-place-new-york,"['Middle Eastern', 'Mediterranean', 'Persian']",4.8,45,$,40.7860865,-73.648815,+15164847100,11577,210 Mineola Ave,Roslyn Heights,NY,"[{'@type': 'OpeningHoursSpecification', 'dayOfWeek': 'Sunday', 'opens': '11:0', 'closes': '21:0'}, {'@type': 'OpeningHoursSpecification', 'dayOfWeek': 'Sunday', 'opens': '11:0', 'closes': '22:0'}, {'@type': 'OpeningHoursSpecification', 'dayOfWeek': ['Monday', 'Tuesday', 'Wednesday', 'Thursday', 'Friday'], 'opens': '11:0', 'closes': '21:0'}, {'@type': 'OpeningHoursSpecification', 'dayOfWeek': ['Monday', 'Tuesday', 'Wednesday', 'Thursday', 'Friday'], 'opens': '11:0', 'closes': '15:0'}, {'@type': 'OpeningHoursSpecification', 'dayOfWeek': ['Monday', 'Tuesday', 'Wednesday', 'Thursday', 'Friday'], 'opens': '15:0', 'closes': '22:0'}, {'@type': 'OpeningHoursSpecification', 'dayOfWeek': 'Saturday', 'opens': '11:0', 'closes': '21:0'}, {'@type': 'OpeningHoursSpecification', 'dayOfWeek': 'Saturday', 'opens': '11:0', 'closes': '22:30'}]","{'@type': 'PostalAddress', 'addressLocality': 'Roslyn Heights', 'addressRegion': 'NY', 'postalCode': '11577', 'addressCountry': 'US', 'streetAddress': '210 Mineola Ave'}","{'@type': 'GeoCoordinates', 'latitude': 40.7860865, 'longitude': -73.648815}","{'@type': 'AggregateRating', 'ratingValue': 4.8, 'reviewCount': '45'}"
Shake & Burger New York Fried chicken,https://www.ubereats.com/nyc-suburbs/food-delivery/shake-%26-burger-new-york-fried-chicken/S3j7kjqtS0q4HsgGcOTNEg,carle-place-new-york,"['Comfort Food', 'American', 'Burgers']",,,$,40.6806022,-73.5908541,+15165342100,11575,319 Nassau Road,Roosevelt,NY,"[{'@type': 'OpeningHoursSpecification', 'dayOfWeek': ['Sunday', 'Monday', 'Tuesday', 'Wednesday', 'Thursday'], 'opens': '10:0', 'closes': '0:0'}, {'@type': 'OpeningHoursSpecification', 'dayOfWeek': ['Friday', 'Saturday'], 'opens': '10:0', 'closes': '2:0'}]","{'@type': 'PostalAddress', 'addressLocality': 'Roosevelt', 'addressRegion': 'NY', 'postalCode': '11575', 'addressCountry': 'US', 'streetAddress': '319 Nassau Road'}","{'@type': 'GeoCoordinates', 'latitude': 40.6806022, 'longitude': -73.5908541}",{}
Churrasqueira Brasa Rodizio,https://www.ubereats.com/nyc-suburbs/food-delivery/churrasqueira-brasa-rodizio/554kYgLQTGaMIM8PGSkK3A,carle-place-new-york,"['Portuguese', 'BBQ', 'Seafood', 'Desserts']",4.8,171,$$,40.738598,-73.652148,+15162808000,11501,100 Herricks Rd,Mineola,NY,"[{'@type': 'OpeningHoursSpecification', 'dayOfWeek': 'Sunday', 'opens': '11:30', 'closes': '20:30'}, {'@type': 'OpeningHoursSpecification', 'dayOfWeek': 'Monday', 'opens': '11:30', 'closes': '21:0'}, {'@type': 'OpeningHoursSpecification', 'dayOfWeek': 'Tuesday', 'opens': '16:30', 'closes': '21:0'}, {'@type': 'OpeningHoursSpecification', 'dayOfWeek': ['Wednesday', 'Thursday', 'Friday', 'Saturday'], 'opens': '11:30', 'closes': '21:0'}]","{'@type': 'PostalAddress', 'addressLocality': 'Mineola', 'addressRegion': 'NY', 'postalCode': '11501', 'addressCountry': 'US', 'streetAddress': '100 Herricks Rd'}","{'@type': 'GeoCoordinates', 'latitude': 40.738598, 'longitude': -73.652148}","{'@type': 'AggregateRating', 'ratingValue': 4.8, 'reviewCount': '171'}"
Mimi's Kitchen,https://www.ubereats.com/nyc-suburbs/food-delivery/mimis-kitchen/57OElt_2Q9-DX8QHnJYfng,carle-place-new-york,"['Chinese', 'Asian', 'Asian Fusion', 'Family Meals']",4.6,500,$,40.6787029,-73.61429609999999,+15163778506,11510,1293 Grand Ave,North Baldwin,NY,"[{'@type': 'OpeningHoursSpecification', 'dayOfWeek': 'Sunday', 'opens': '12:0', 'closes': '22:30'}, {'@type': 'OpeningHoursSpecification', 'dayOfWeek': ['Monday', 'Tuesday', 'Wednesday', 'Thursday'], 'opens': '11:0', 'closes': '22:15'}, {'@type': 'OpeningHoursSpecification', 'dayOfWeek': ['Monday', 'Tuesday', 'Wednesday', 'Thursday'], 'opens': '11:30', 'closes': '15:30'}, {'@type': 'OpeningHoursSpecification', 'dayOfWeek': 'Friday', 'opens': '11:0', 'closes': '23:15'}, {'@type': 'OpeningHoursSpecification', 'dayOfWeek': 'Friday', 'opens': '11:30', 'closes': '15:30'}, {'@type': 'OpeningHoursSpecification', 'dayOfWeek': 'Saturday', 'opens': '11:0', 'closes': '23:15'}]","{'@type': 'PostalAddress', 'addressLocality': 'North Baldwin', 'addressRegion': 'NY', 'postalCode': '11510', 'addressCountry': 'US', 'streetAddress': '1293 Grand Ave'}","{'@type': 'GeoCoordinates', 'latitude': 40.6787029, 'longitude': -73.61429609999999}","{'@type': 'AggregateRating', 'ratingValue': 4.6, 'reviewCount': '500'}"
Casa di Fratelli,https://www.ubereats.com/nyc-suburbs/food-delivery/casa-di-fratelli/c40LyebKRjudFrkz43Juhw,carle-place-new-york,"['Italian', 'Pasta', 'Steak']",4.5,17,$$,40.746847,-73.595924,+15163853700,11590,475-477 Old Country Rd,Westbury,NY,"[{'@type': 'OpeningHoursSpecification', 'dayOfWeek': 'Sunday', 'opens': '15:0', 'closes': '20:0'}, {'@type': 'OpeningHoursSpecification', 'dayOfWeek': 'Sunday', 'opens': '15:0', 'closes': '20:0'}, {'@type': 'OpeningHoursSpecification', 'dayOfWeek': ['Tuesday', 'Wednesday', 'Thursday'], 'opens': '15:0', 'closes': '20:0'}, {'@type': 'OpeningHoursSpecification', 'dayOfWeek': ['Tuesday', 'Wednesday', 'Thursday'], 'opens': '15:0', 'closes': '20:0'}, {'@type': 'OpeningHoursSpecification', 'dayOfWeek': ['Friday', 'Saturday'], 'opens': '15:0', 'closes': '20:0'}, {'@type': 'OpeningHoursSpecification', 'dayOfWeek': ['Friday', 'Saturday'], 'opens': '15:0', 'closes': '20:0'}, {'@type': 'OpeningHoursSpecification', 'dayOfWeek': ['Friday', 'Saturday'], 'opens': '15:0', 'closes': '20:0'}]","{'@type': 'PostalAddress', 'addressLocality': 'Westbury', 'addressRegion': 'NY', 'postalCode': '11590', 'addressCountry': 'US', 'streetAddress': '475-477 Old Country Rd'}","{'@type': 'GeoCoordinates', 'latitude': 40.746847, 'longitude': -73.595924}","{'@type': 'AggregateRating', 'ratingValue': 4.5, 'reviewCount': '17'}"
Checkers (635 Old Country Road),https://www.ubereats.com/nyc-suburbs/food-delivery/checkers-635-old-country-road/O8wUBVjpSzCIljpNoRmW-Q,carle-place-new-york,"['American', 'burger']",4.5,135,$,40.75070360000001,-73.57426219999999,+15163337992,11590,635 old country road,Westbury,NY,"[{'@type': 'OpeningHoursSpecification', 'dayOfWeek': ['Sunday', 'Monday', 'Tuesday', 'Wednesday', 'Thursday'], 'opens': '11:0', 'closes': '1:30'}, {'@type': 'OpeningHoursSpecification', 'dayOfWeek': ['Friday', 'Saturday'], 'opens': '11:0', 'closes': '2:30'}]","{'@type': 'PostalAddress', 'addressLocality': 'Westbury', 'addressRegion': 'NY', 'postalCode': '11590', 'addressCountry': 'US', 'streetAddress': '635 old country road'}","{'@type': 'GeoCoordinates', 'latitude': 40.75070360000001, 'longitude': -73.57426219999999}","{'@type': 'AggregateRating', 'ratingValue': 4.5, 'reviewCount': '135'}"
West End Deli and Pizza,https://www.ubereats.com/nyc-suburbs/food-delivery/west-end-deli-and-pizza/qgxxW75ISxqzr0IB1KuYfw,carle-place-new-york,"['Italian', 'Deli', 'Pasta']",,,$$,40.703987,-73.630844,+15164838190,11550,136 Front St,Hempstead,NY,"[{'@type': 'OpeningHoursSpecification', 'dayOfWeek': 'Sunday', 'opens': '7:0', 'closes': '13:0'}, {'@type': 'OpeningHoursSpecification', 'dayOfWeek': ['Monday', 'Tuesday', 'Wednesday', 'Thursday', 'Friday', 'Saturday'], 'opens': '7:0', 'closes': '20:0'}]","{'@type': 'PostalAddress', 'addressLocality': 'Hempstead', 'addressRegion': 'NY', 'postalCode': '11550', 'addressCountry': 'US', 'streetAddress': '136 Front St'}","{'@type': 'GeoCoordinates', 'latitude': 40.703987, 'longitude': -73.630844}",{}
Taco Bell (511 Old Country Rd),https://www.ubereats.com/nyc-suburbs/food-delivery/taco-bell-511-old-country-rd/HiuqAIXwSkmxNrWQKa2M9A,carle-place-new-york,"['Burritos', 'Fast Food', 'Mexican']",4.3,500,$,40.7470974,-73.5944239,+15163332780,11590,511 Old Country Rd,Westbury,NY,"[{'@type': 'OpeningHoursSpecification', 'dayOfWeek': ['Monday', 'Tuesday', 'Wednesday', 'Thursday', 'Friday', 'Saturday', 'Sunday'], 'opens': '14:0', 'closes': '17:0'}, {'@type': 'OpeningHoursSpecification', 'dayOfWeek': ['Monday', 'Tuesday', 'Wednesday', 'Thursday', 'Friday', 'Saturday', 'Sunday'], 'opens': '9:0', 'closes': '1:30'}, {'@type': 'OpeningHoursSpecification', 'dayOfWeek': ['Monday', 'Tuesday', 'Wednesday', 'Thursday', 'Friday', 'Saturday', 'Sunday'], 'opens': '8:0', 'closes': '10:30'}]","{'@type': 'PostalAddress', 'addressLocality': 'Westbury', 'addressRegion': 'NY', 'postalCode': '11590', 'addressCountry': 'US', 'streetAddress': '511 Old Country Rd'}","{'@type': 'GeoCoordinates', 'latitude': 40.7470974, 'longitude': -73.5944239}","{'@type': 'AggregateRating', 'ratingValue': 4.3, 'reviewCount': '500'}"
SoBol - New Hyde Park,https://www.ubereats.com/nyc-suburbs/food-delivery/sobol-new-hyde-park/hl6IjrbPSsmGipcm16rI3A,carle-place-new-york,"['Juice and Smoothies', 'Breakfast and Brunch', 'Vegetarian']",,,$,40.7332013,-73.683443,+15169869090,11040-4612,1219 Jericho Turnpike,New Hyde Park,NY,"[{'@type': 'OpeningHoursSpecification', 'dayOfWeek': ['Monday', 'Tuesday', 'Wednesday', 'Thursday', 'Friday', 'Saturday', 'Sunday'], 'opens': '7:0', 'closes': '20:0'}]","{'@type': 'PostalAddress', 'addressLocality': 'New Hyde Park', 'addressRegion': 'NY', 'postalCode': '11040-4612', 'addressCountry': 'US', 'streetAddress': '1219 Jericho Turnpike'}","{'@type': 'GeoCoordinates', 'latitude': 40.7332013, 'longitude': -73.683443}",{}
Wendy's  (65 Hempstead Tpke),https://www.ubereats.com/nyc-suburbs/food-delivery/wendys-65-hempstead-tpke/YLN55KxVQsmoc6I2FLOkBQ,carle-place-new-york,"['American', 'Burgers', 'Fast Food', 'Breakfast and Brunch']",3.9,161,$,40.7045623,-73.6404905,+15164892880,11552,65 Hempstead Tpke,W.Hempstead,NY,"[{'@type': 'OpeningHoursSpecification', 'dayOfWeek': ['Monday', 'Tuesday', 'Wednesday', 'Thursday', 'Friday', 'Saturday', 'Sunday'], 'opens': '10:30', 'closes': '1:30'}, {'@type': 'OpeningHoursSpecification', 'dayOfWeek': ['Monday', 'Tuesday', 'Wednesday', 'Thursday', 'Friday', 'Saturday', 'Sunday'], 'opens': '6:30', 'closes': '10:0'}]","{'@type': 'PostalAddress', 'addressLocality': 'W.Hempstead', 'addressRegion': 'NY', 'postalCode': '11552', 'addressCountry': 'US', 'streetAddress': '65 Hempstead Tpke'}","{'@type': 'GeoCoordinates', 'latitude': 40.7045623, 'longitude': -73.6404905}","{'@type': 'AggregateRating', 'ratingValue': 3.9, 'reviewCount': '161'}"
McDonald's® - Merrick (1813 Merrick),https://www.ubereats.com/nyc-suburbs/food-delivery/mcdonalds-merrick-1813-merrick/6Uhoq5RbRXuc6PVkvyXN3Q,carle-place-new-york,"['American', 'Fast Food', 'Burgers']",4.6,176,$,40.653876,-73.555615,+15168684446,11566,1813,MERRICK,NY,"[{'@type': 'OpeningHoursSpecification', 'dayOfWeek': 'Sunday', 'opens': '6:45', 'closes': '11:29'}, {'@type': 'OpeningHoursSpecification', 'dayOfWeek': 'Sunday', 'opens': '11:30', 'closes': '16:59'}, {'@type': 'OpeningHoursSpecification', 'dayOfWeek': 'Sunday', 'opens': '17:0', 'closes': '23:15'}, {'@type': 'OpeningHoursSpecification', 'dayOfWeek': ['Monday', 'Tuesday', 'Wednesday', 'Thursday'], 'opens': '6:45', 'closes': '10:29'}, {'@type': 'OpeningHoursSpecification', 'dayOfWeek': ['Monday', 'Tuesday', 'Wednesday', 'Thursday'], 'opens': '10:30', 'closes': '16:59'}, {'@type': 'OpeningHoursSpecification', 'dayOfWeek': ['Monday', 'Tuesday', 'Wednesday', 'Thursday'], 'opens': '17:0', 'closes': '23:15'}, {'@type': 'OpeningHoursSpecification', 'dayOfWeek': 'Friday', 'opens': '6:45', 'closes': '10:29'}, {'@type': 'OpeningHoursSpecification', 'dayOfWeek': 'Friday', 'opens': '10:30', 'closes': '16:59'}, {'@type': 'OpeningHoursSpecification', 'dayOfWeek': 'Friday', 'opens': '17:0', 'closes': '0:15'}, {'@type': 'OpeningHoursSpecification', 'dayOfWeek': 'Saturday', 'opens': '6:45', 'closes': '10:59'}, {'@type': 'OpeningHoursSpecification', 'dayOfWeek': 'Saturday', 'opens': '11:0', 'closes': '16:59'}, {'@type': 'OpeningHoursSpecification', 'dayOfWeek': 'Saturday', 'opens': '17:0', 'closes': '0:15'}]","{'@type': 'PostalAddress', 'addressLocality': 'MERRICK', 'addressRegion': 'NY', 'postalCode': '11566', 'addressCountry': 'US', 'streetAddress': '1813'}","{'@type': 'GeoCoordinates', 'latitude': 40.653876, 'longitude': -73.555615}","{'@type': 'AggregateRating', 'ratingValue': 4.6, 'reviewCount': '176'}"
Your Mother's House Kitchen & Bar,https://www.ubereats.com/nyc-suburbs/food-delivery/your-mothers-house-kitchen-%26-bar/sBWKpNXZStG0Vdn-y9jepw,carle-place-new-york,"['Burgers', 'American', 'Sandwiches']",4.6,16,$,40.7419599,-73.6620368,+15164939030,11040-4709,2349 Jericho Turnpike,Garden City Park,NY,"[{'@type': 'OpeningHoursSpecification', 'dayOfWeek': 'Sunday', 'opens': '11:30', 'closes': '22:50'}, {'@type': 'OpeningHoursSpecification', 'dayOfWeek': 'Sunday', 'opens': '11:30', 'closes': '15:0'}, {'@type': 'OpeningHoursSpecification', 'dayOfWeek': ['Monday', 'Tuesday', 'Wednesday', 'Thursday', 'Friday'], 'opens': '11:30', 'closes': '22:50'}, {'@type': 'OpeningHoursSpecification', 'dayOfWeek': 'Saturday', 'opens': '11:30', 'closes': '22:50'}, {'@type': 'OpeningHoursSpecification', 'dayOfWeek': 'Saturday', 'opens': '11:30', 'closes': '15:0'}]","{'@type': 'PostalAddress', 'addressLocality': 'Garden City Park', 'addressRegion': 'NY', 'postalCode': '11040-4709', 'addressCountry': 'US', 'streetAddress': '2349 Jericho Turnpike'}","{'@type': 'GeoCoordinates', 'latitude': 40.7419599, 'longitude': -73.6620368}","{'@type': 'AggregateRating', 'ratingValue': 4.6, 'reviewCount': '16'}"
Azerbaijan Grill,https://www.ubereats.com/nyc-suburbs/food-delivery/azerbaijan-grill/LllJwzJ0RyuPcVRaid2Lfg,carle-place-new-york,"['Mediterranean', 'Greek', 'Vegetarian']",4.1,11,$,40.7467931,-73.5886275,+15162280001,11590,1610 Old Country Rd,Westbury,NY,"[{'@type': 'OpeningHoursSpecification', 'dayOfWeek': ['Monday', 'Tuesday', 'Wednesday', 'Thursday', 'Friday', 'Saturday', 'Sunday'], 'opens': '15:0', 'closes': '21:30'}]","{'@type': 'PostalAddress', 'addressLocality': 'Westbury', 'addressRegion': 'NY', 'postalCode': '11590', 'addressCountry': 'US', 'streetAddress': '1610 Old Country Rd'}","{'@type': 'GeoCoordinates', 'latitude': 40.7467931, 'longitude': -73.5886275}","{'@type': 'AggregateRating', 'ratingValue': 4.1, 'reviewCount': '11'}"
Miraj Healthy Grill,https://www.ubereats.com/nyc-suburbs/food-delivery/miraj-healthy-grill/ZLgK7aJ1RKSCxCEm4CZMFA,carle-place-new-york,"['Persian', 'Middle Eastern', 'Iranian', 'Desserts']",4.7,87,$$,40.755597,-73.646039,+15167473181,11596,169-171 Hillside Avenue,Williston Park,NY,"[{'@type': 'OpeningHoursSpecification', 'dayOfWeek': ['Monday', 'Tuesday', 'Wednesday', 'Thursday', 'Friday', 'Saturday', 'Sunday'], 'opens': '12:0', 'closes': '21:0'}, {'@type': 'OpeningHoursSpecification', 'dayOfWeek': ['Monday', 'Tuesday', 'Wednesday', 'Thursday', 'Friday', 'Saturday', 'Sunday'], 'opens': '11:0', 'closes': '16:0'}]","{'@type': 'PostalAddress', 'addressLocality': 'Williston Park', 'addressRegion': 'NY', 'postalCode': '11596', 'addressCountry': 'US', 'streetAddress': '169-171 Hillside Avenue'}","{'@type': 'GeoCoordinates', 'latitude': 40.755597, 'longitude': -73.646039}","{'@type': 'AggregateRating', 'ratingValue': 4.7, 'reviewCount': '87'}"
Umamisubs,https://www.ubereats.com/nyc-suburbs/food-delivery/umamisubs/0GK-Cr08SPCYj2dlU-KeQg,carle-place-new-york,['Sandwich'],,,$,40.755843,-73.645691,+19173002740,11596,159 Hillside Avenue,Williston Park,NY,"[{'@type': 'OpeningHoursSpecification', 'dayOfWeek': ['Monday', 'Tuesday', 'Wednesday', 'Thursday', 'Friday', 'Saturday', 'Sunday'], 'opens': '7:0', 'closes': '23:0'}]","{'@type': 'PostalAddress', 'addressLocality': 'Williston Park', 'addressRegion': 'NY', 'postalCode': '11596', 'addressCountry': 'US', 'streetAddress': '159 Hillside Avenue'}","{'@type': 'GeoCoordinates', 'latitude': 40.755843, 'longitude': -73.645691}",{}
Burrito Blvd,https://www.ubereats.com/nyc-suburbs/food-delivery/burrito-blvd/VRvQXeAORIKHDwsrFtICjg,carle-place-new-york,"['Mexican', 'Latin American', 'New Mexican']",,,$,40.7416358,-73.6401727,+19292043963,,,,,"[{'@type': 'OpeningHoursSpecification', 'dayOfWeek': 'Sunday', 'opens': '11:0', 'closes': '20:0'}, {'@type': 'OpeningHoursSpecification', 'dayOfWeek': ['Monday', 'Tuesday', 'Wednesday', 'Thursday', 'Friday', 'Saturday'], 'opens': '11:0', 'closes': '21:0'}]",,"{'@type': 'GeoCoordinates', 'latitude': 40.7416358, 'longitude': -73.6401727}",{}
Noodles & Company (996 Old Country Road),https://www.ubereats.com/nyc-suburbs/food-delivery/noodles-%26-company-996-old-country-road/hJSXI7pERhCq4G--3i3aCg,carle-place-new-york,"['Healthy', 'Pasta', 'American', 'Italian', 'Comfort Food', 'Chinese', 'Noodles', 'Family Meals']",4.7,353,$,40.742888,-73.605348,+15167944942,11530,996 Old Country Road,Garden City,NY,"[{'@type': 'OpeningHoursSpecification', 'dayOfWeek': ['Monday', 'Tuesday', 'Wednesday', 'Thursday', 'Friday', 'Saturday', 'Sunday'], 'opens': '11:0', 'closes': '20:45'}]","{'@type': 'PostalAddress', 'addressLocality': 'Garden City', 'addressRegion': 'NY', 'postalCode': '11530', 'addressCountry': 'US', 'streetAddress': '996 Old Country Road'}","{'@type': 'GeoCoordinates', 'latitude': 40.742888, 'longitude': -73.605348}","{'@type': 'AggregateRating', 'ratingValue': 4.7, 'reviewCount': '353'}"
The Cottage by Colbeh,https://www.ubereats.com/nyc-suburbs/food-delivery/the-cottage-by-colbeh/ark-ridcQ_-2DNH678zrAg,carle-place-new-york,"['Persian', 'Kosher']",,,$,40.7910188,-73.6535979,+15166212200,11576,1 The Intervale,Roslyn,NY,"[{'@type': 'OpeningHoursSpecification', 'dayOfWeek': ['Sunday', 'Monday', 'Tuesday', 'Wednesday', 'Thursday'], 'opens': '12:0', 'closes': '21:30'}, {'@type': 'OpeningHoursSpecification', 'dayOfWeek': ['Sunday', 'Monday', 'Tuesday', 'Wednesday', 'Thursday'], 'opens': '12:0', 'closes': '21:0'}, {'@type': 'OpeningHoursSpecification', 'dayOfWeek': 'Friday', 'opens': '11:0', 'closes': '17:0'}]","{'@type': 'PostalAddress', 'addressLocality': 'Roslyn', 'addressRegion': 'NY', 'postalCode': '11576', 'addressCountry': 'US', 'streetAddress': '1 The Intervale'}","{'@type': 'GeoCoordinates', 'latitude': 40.7910188, 'longitude': -73.6535979}",{}
Boston Market (100 N. Broadway),https://www.ubereats.com/nyc-suburbs/food-delivery/boston-market-100-n-broadway/JelWUuu3TEayUt9jULxs-w,carle-place-new-york,"['American', 'Fast Food', 'Comfort Food', 'Fried Chicken']",4.7,28,$,40.7710077,-73.52712249999999,+15168221484,11801,100 N. Broadway,Hicksville,NY,"[{'@type': 'OpeningHoursSpecification', 'dayOfWeek': ['Monday', 'Tuesday', 'Wednesday', 'Thursday', 'Friday', 'Saturday', 'Sunday'], 'opens': '11:0', 'closes': '20:45'}]","{'@type': 'PostalAddress', 'addressLocality': 'Hicksville', 'addressRegion': 'NY', 'postalCode': '11801', 'addressCountry': 'US', 'streetAddress': '100 N. Broadway'}","{'@type': 'GeoCoordinates', 'latitude': 40.7710077, 'longitude': -73.52712249999999}","{'@type': 'AggregateRating', 'ratingValue': 4.7, 'reviewCount': '28'}"
Pinot's Palette East Meadow,https://www.ubereats.com/nyc-suburbs/food-delivery/pinots-palette-east-meadow/SGMoLGdQRqqu-M6_jSe-Vw,carle-place-new-york,['American'],,,$$,40.72468689999999,-73.5406857,+17188772086,11554,2557 Hempstead Turnpike,East Meadow,NY,"[{'@type': 'OpeningHoursSpecification', 'dayOfWeek': ['Sunday', 'Monday', 'Tuesday', 'Wednesday'], 'opens': '10:0', 'closes': '1:0'}, {'@type': 'OpeningHoursSpecification', 'dayOfWeek': ['Friday', 'Saturday'], 'opens': '10:0', 'closes': '1:0'}]","{'@type': 'PostalAddress', 'addressLocality': 'East Meadow', 'addressRegion': 'NY', 'postalCode': '11554', 'addressCountry': 'US', 'streetAddress': '2557 Hempstead Turnpike'}","{'@type': 'GeoCoordinates', 'latitude': 40.72468689999999, 'longitude': -73.5406857}",{}
Benihana (920 Merchant's Concourse),https://www.ubereats.com/nyc-suburbs/food-delivery/benihana-920-merchants-concourse/Ekf5r1H-St6r1l5q83gMHQ,carle-place-new-york,"['Japanese', 'Family Meals']",,,$$,40.7453479,-73.5919397,+15162226091,,,,,"[{'@type': 'OpeningHoursSpecification', 'dayOfWeek': ['Sunday', 'Monday', 'Tuesday', 'Wednesday', 'Thursday'], 'opens': '10:30', 'closes': '21:30'}, {'@type': 'OpeningHoursSpecification', 'dayOfWeek': ['Friday', 'Saturday'], 'opens': '10:30', 'closes': '22:30'}]",,"{'@type': 'GeoCoordinates', 'latitude': 40.7453479, 'longitude': -73.5919397}",{}
Ruby Tuesday (1226 Old Country Road),https://www.ubereats.com/nyc-suburbs/food-delivery/ruby-tuesday-1226-old-country-road/T1FAiDwYS5eKDWneeKvF2w,carle-place-new-york,"['Burgers', 'American', 'Sandwiches']",4.1,34,$,40.7450043,-73.6012322,+15162285176,11590,1226 Old Country Road,Westbury,NY,"[{'@type': 'OpeningHoursSpecification', 'dayOfWeek': 'Sunday', 'opens': '11:30', 'closes': '21:0'}, {'@type': 'OpeningHoursSpecification', 'dayOfWeek': 'Sunday', 'opens': '11:0', 'closes': '21:0'}, {'@type': 'OpeningHoursSpecification', 'dayOfWeek': ['Monday', 'Tuesday', 'Wednesday', 'Thursday'], 'opens': '11:30', 'closes': '21:0'}, {'@type': 'OpeningHoursSpecification', 'dayOfWeek': 'Friday', 'opens': '11:30', 'closes': '21:0'}, {'@type': 'OpeningHoursSpecification', 'dayOfWeek': 'Friday', 'opens': '15:0', 'closes': '23:0'}, {'@type': 'OpeningHoursSpecification', 'dayOfWeek': 'Saturday', 'opens': '11:30', 'closes': '21:0'}, {'@type': 'OpeningHoursSpecification', 'dayOfWeek': 'Saturday', 'opens': '11:0', 'closes': '23:0'}]","{'@type': 'PostalAddress', 'addressLocality': 'Westbury', 'addressRegion': 'NY', 'postalCode': '11590', 'addressCountry': 'US', 'streetAddress': '1226 Old Country Road'}","{'@type': 'GeoCoordinates', 'latitude': 40.7450043, 'longitude': -73.6012322}","{'@type': 'AggregateRating', 'ratingValue': 4.1, 'reviewCount': '34'}"
All Sea Seafood Eatery,https://www.ubereats.com/nyc-suburbs/food-delivery/all-sea-seafood-eatery/wIWoVy_dSpa-Lt9hBa_UMQ,carle-place-new-york,"['Seafood', 'American', 'Southern']",,,$,40.6997222,-73.5912608,+15164164401,11553,702 Jerusalem Ave,Uniondale,NY,"[{'@type': 'OpeningHoursSpecification', 'dayOfWeek': 'Sunday', 'opens': '8:0', 'closes': '0:0'}, {'@type': 'OpeningHoursSpecification', 'dayOfWeek': ['Tuesday', 'Wednesday', 'Thursday'], 'opens': '8:0', 'closes': '22:30'}, {'@type': 'OpeningHoursSpecification', 'dayOfWeek': ['Friday', 'Saturday'], 'opens': '8:0', 'closes': '0:0'}]","{'@type': 'PostalAddress', 'addressLocality': 'Uniondale', 'addressRegion': 'NY', 'postalCode': '11553', 'addressCountry': 'US', 'streetAddress': '702 Jerusalem Ave'}","{'@type': 'GeoCoordinates', 'latitude': 40.6997222, 'longitude': -73.5912608}",{}
Popeyes (23 Old Country Rd),https://www.ubereats.com/nyc-suburbs/food-delivery/popeyes-23-old-country-rd/PeOrAyJpT4GDwWvsn1qO8w,carle-place-new-york,"['American', 'Fast Food', 'Southern', 'Wings']",4.4,312,$,40.74751,-73.591807,+15163333321,11590,23 Old Country Rd,Westbury,NY,"[{'@type': 'OpeningHoursSpecification', 'dayOfWeek': ['Sunday', 'Monday', 'Tuesday', 'Wednesday', 'Thursday'], 'opens': '10:30', 'closes': '20:30'}, {'@type': 'OpeningHoursSpecification', 'dayOfWeek': ['Friday', 'Saturday'], 'opens': '10:30', 'closes': '21:30'}]","{'@type': 'PostalAddress', 'addressLocality': 'Westbury', 'addressRegion': 'NY', 'postalCode': '11590', 'addressCountry': 'US', 'streetAddress': '23 Old Country Rd'}","{'@type': 'GeoCoordinates', 'latitude': 40.74751, 'longitude': -73.591807}","{'@type': 'AggregateRating', 'ratingValue': 4.4, 'reviewCount': '312'}"
McDonald's® - Hempstead (Hempstead Village Commons at Peninsula Blvd),https://www.ubereats.com/nyc-suburbs/food-delivery/mcdonalds-hempstead-hempstead-village-commons-at-peninsula-blvd/-kWh3D8TS4mpfkS_ggDr6w,carle-place-new-york,"['American', 'Fast Food', 'Burgers']",4.3,500,$,40.704265,-73.625517,+15165389880,11550,340 PENINSULA BLVD,HEMPSTEAD,NY,"[{'@type': 'OpeningHoursSpecification', 'dayOfWeek': ['Monday', 'Tuesday', 'Wednesday', 'Thursday', 'Friday', 'Saturday', 'Sunday'], 'opens': '4:1', 'closes': '10:59'}, {'@type': 'OpeningHoursSpecification', 'dayOfWeek': ['Monday', 'Tuesday', 'Wednesday', 'Thursday', 'Friday', 'Saturday', 'Sunday'], 'opens': '11:0', 'closes': '16:59'}, {'@type': 'OpeningHoursSpecification', 'dayOfWeek': ['Monday', 'Tuesday', 'Wednesday', 'Thursday', 'Friday', 'Saturday', 'Sunday'], 'opens': '17:0', 'closes': '4:0'}]","{'@type': 'PostalAddress', 'addressLocality': 'HEMPSTEAD', 'addressRegion': 'NY', 'postalCode': '11550', 'addressCountry': 'US', 'streetAddress': '340 PENINSULA BLVD'}","{'@type': 'GeoCoordinates', 'latitude': 40.704265, 'longitude': -73.625517}","{'@type': 'AggregateRating', 'ratingValue': 4.3, 'reviewCount': '500'}"
Chen's Express Kitchen (Front St),https://www.ubereats.com/nyc-suburbs/food-delivery/chens-express-kitchen-front-st/pYqiZIn6SxWPopMhlEbWsg,carle-place-new-york,"['Chinese', 'Asian', 'Asian Fusion']",,,$,40.70972400000001,-73.58760149999999,+15165381388,11553,1148 Front Street,Uniondale,NY,"[{'@type': 'OpeningHoursSpecification', 'dayOfWeek': ['Monday', 'Tuesday', 'Wednesday', 'Thursday', 'Friday', 'Saturday', 'Sunday'], 'opens': '11:30', 'closes': '22:0'}, {'@type': 'OpeningHoursSpecification', 'dayOfWeek': ['Monday', 'Tuesday', 'Wednesday', 'Thursday', 'Friday', 'Saturday', 'Sunday'], 'opens': '11:30', 'closes': '16:0'}]","{'@type': 'PostalAddress', 'addressLocality': 'Uniondale', 'addressRegion': 'NY', 'postalCode': '11553', 'addressCountry': 'US', 'streetAddress': '1148 Front Street'}","{'@type': 'GeoCoordinates', 'latitude': 40.70972400000001, 'longitude': -73.58760149999999}",{}
Burger King (865 Carman Ave),https://www.ubereats.com/nyc-suburbs/food-delivery/burger-king-865-carman-ave/1FUoCPLVTgy5-mjtbfbDRg,carle-place-new-york,"['American', 'burger', 'Fast Food']",4.2,15,$,40.74783679999999,-73.5526952,+15162807451,11590,865 Carman Ave,Westbury,NY,"[{'@type': 'OpeningHoursSpecification', 'dayOfWeek': ['Monday', 'Tuesday', 'Wednesday', 'Thursday', 'Friday', 'Saturday', 'Sunday'], 'opens': '6:30', 'closes': '10:29'}, {'@type': 'OpeningHoursSpecification', 'dayOfWeek': ['Monday', 'Tuesday', 'Wednesday', 'Thursday', 'Friday', 'Saturday', 'Sunday'], 'opens': '10:30', 'closes': '22:30'}]","{'@type': 'PostalAddress', 'addressLocality': 'Westbury', 'addressRegion': 'NY', 'postalCode': '11590', 'addressCountry': 'US', 'streetAddress': '865 Carman Ave'}","{'@type': 'GeoCoordinates', 'latitude': 40.74783679999999, 'longitude': -73.5526952}","{'@type': 'AggregateRating', 'ratingValue': 4.2, 'reviewCount': '15'}"
Cancun,https://www.ubereats.com/nyc-suburbs/food-delivery/cancun/JwDRHHRZR-W4vMEmWldnDQ,carle-place-new-york,"['Mexican', 'Latin American', 'New Mexican']",4.9,14,$,40.7150577,-73.5444589,+15168099107,10024,339 Newbridge Rd,New York,NY,"[{'@type': 'OpeningHoursSpecification', 'dayOfWeek': 'Sunday', 'opens': '12:0', 'closes': '21:0'}, {'@type': 'OpeningHoursSpecification', 'dayOfWeek': ['Tuesday', 'Wednesday', 'Thursday', 'Friday', 'Saturday'], 'opens': '11:0', 'closes': '21:0'}]","{'@type': 'PostalAddress', 'addressLocality': 'New York', 'addressRegion': 'NY', 'postalCode': '10024', 'addressCountry': 'US', 'streetAddress': '339 Newbridge Rd'}","{'@type': 'GeoCoordinates', 'latitude': 40.7150577, 'longitude': -73.5444589}","{'@type': 'AggregateRating', 'ratingValue': 4.9, 'reviewCount': '14'}"
Kucks Delicatessen,https://www.ubereats.com/nyc-suburbs/food-delivery/kucks-delicatessen/qTqLGrnqR1S9VYJ6wq8sFA,carle-place-new-york,"['Sandwiches', 'American', 'Salads', 'Breakfast and Brunch', 'Allergy Friendly']",4.8,23,$,40.7428323,-73.6409516,+15167464729,11501,141,Mineola,NY,"[{'@type': 'OpeningHoursSpecification', 'dayOfWeek': ['Monday', 'Tuesday', 'Wednesday', 'Thursday', 'Friday'], 'opens': '6:0', 'closes': '16:0'}, {'@type': 'OpeningHoursSpecification', 'dayOfWeek': 'Saturday', 'opens': '7:0', 'closes': '14:0'}]","{'@type': 'PostalAddress', 'addressLocality': 'Mineola', 'addressRegion': 'NY', 'postalCode': '11501', 'addressCountry': 'US', 'streetAddress': '141'}","{'@type': 'GeoCoordinates', 'latitude': 40.7428323, 'longitude': -73.6409516}","{'@type': 'AggregateRating', 'ratingValue': 4.8, 'reviewCount': '23'}"
El Manguito Deli,https://www.ubereats.com/nyc-suburbs/food-delivery/el-manguito-deli/IRb3KO-kTKG7YprtOSGMAg,carle-place-new-york,"['Salvadorian', 'Latin American']",4.6,30,$,40.7340099,-73.67965199999999,+15162702626,11040,1511 Jericho Turnpike,NYC Suburbs,NY,"[{'@type': 'OpeningHoursSpecification', 'dayOfWeek': 'Monday', 'opens': '6:0', 'closes': '18:0'}, {'@type': 'OpeningHoursSpecification', 'dayOfWeek': 'Monday', 'opens': '6:0', 'closes': '11:0'}, {'@type': 'OpeningHoursSpecification', 'dayOfWeek': 'Monday', 'opens': '11:0', 'closes': '16:0'}, {'@type': 'OpeningHoursSpecification', 'dayOfWeek': 'Monday', 'opens': '10:0', 'closes': '19:0'}, {'@type': 'OpeningHoursSpecification', 'dayOfWeek': 'Monday', 'opens': '6:0', 'closes': '17:0'}, {'@type': 'OpeningHoursSpecification', 'dayOfWeek': 'Tuesday', 'opens': '6:0', 'closes': '18:0'}, {'@type': 'OpeningHoursSpecification', 'dayOfWeek': 'Tuesday', 'opens': '6:0', 'closes': '11:0'}, {'@type': 'OpeningHoursSpecification', 'dayOfWeek': 'Tuesday', 'opens': '11:0', 'closes': '16:0'}, {'@type': 'OpeningHoursSpecification', 'dayOfWeek': 'Tuesday', 'opens': '6:0', 'closes': '19:0'}, {'@type': 'OpeningHoursSpecification', 'dayOfWeek': 'Tuesday', 'opens': '6:0', 'closes': '17:0'}, {'@type': 'OpeningHoursSpecification', 'dayOfWeek': 'Wednesday', 'opens': '6:0', 'closes': '18:0'}, {'@type': 'OpeningHoursSpecification', 'dayOfWeek': 'Wednesday', 'opens': '6:0', 'closes': '11:0'}, {'@type': 'OpeningHoursSpecification', 'dayOfWeek': 'Wednesday', 'opens': '11:0', 'closes': '16:0'}, {'@type': 'OpeningHoursSpecification', 'dayOfWeek': 'Wednesday', 'opens': '6:0', 'closes': '19:0'}, {'@type': 'OpeningHoursSpecification', 'dayOfWeek': 'Wednesday', 'opens': '6:0', 'closes': '17:0'}, {'@type': 'OpeningHoursSpecification', 'dayOfWeek': 'Thursday', 'opens': '6:0', 'closes': '18:0'}, {'@type': 'OpeningHoursSpecification', 'dayOfWeek': 'Thursday', 'opens': '6:0', 'closes': '11:0'}, {'@type': 'OpeningHoursSpecification', 'dayOfWeek': 'Thursday', 'opens': '11:0', 'closes': '16:0'}, {'@type': 'OpeningHoursSpecification', 'dayOfWeek': 'Thursday', 'opens': '6:0', 'closes': '19:0'}, {'@type': 'OpeningHoursSpecification', 'dayOfWeek': 'Thursday', 'opens': '6:0', 'closes': '17:0'}, {'@type': 'OpeningHoursSpecification', 'dayOfWeek': 'Friday', 'opens': '6:0', 'closes': '18:0'}, {'@type': 'OpeningHoursSpecification', 'dayOfWeek': 'Friday', 'opens': '6:0', 'closes': '11:0'}, {'@type': 'OpeningHoursSpecification', 'dayOfWeek': 'Friday', 'opens': '11:0', 'closes': '16:0'}, {'@type': 'OpeningHoursSpecification', 'dayOfWeek': 'Friday', 'opens': '10:0', 'closes': '19:0'}, {'@type': 'OpeningHoursSpecification', 'dayOfWeek': 'Friday', 'opens': '6:0', 'closes': '17:0'}, {'@type': 'OpeningHoursSpecification', 'dayOfWeek': 'Saturday', 'opens': '6:0', 'closes': '17:0'}, {'@type': 'OpeningHoursSpecification', 'dayOfWeek': 'Saturday', 'opens': '6:0', 'closes': '11:0'}]","{'@type': 'PostalAddress', 'addressLocality': 'NYC Suburbs', 'addressRegion': 'NY', 'postalCode': '11040', 'addressCountry': 'US', 'streetAddress': '1511 Jericho Turnpike'}","{'@type': 'GeoCoordinates', 'latitude': 40.7340099, 'longitude': -73.67965199999999}","{'@type': 'AggregateRating', 'ratingValue': 4.6, 'reviewCount': '30'}"
The Cuban - Garden City,https://www.ubereats.com/nyc-suburbs/food-delivery/the-cuban-garden-city/r5JK55FxSKi6ckBz7HlW9w,carle-place-new-york,"['Cuban', 'Salads', 'Comfort Food']",4.2,38,$,40.7355691,-73.59759799999999,+15162805342,11530,987 Stewart Ave,Garden City,NY,"[{'@type': 'OpeningHoursSpecification', 'dayOfWeek': 'Sunday', 'opens': '11:30', 'closes': '22:0'}, {'@type': 'OpeningHoursSpecification', 'dayOfWeek': ['Monday', 'Tuesday', 'Wednesday', 'Thursday', 'Friday'], 'opens': '15:0', 'closes': '22:0'}, {'@type': 'OpeningHoursSpecification', 'dayOfWeek': ['Monday', 'Tuesday', 'Wednesday', 'Thursday', 'Friday'], 'opens': '11:30', 'closes': '15:0'}, {'@type': 'OpeningHoursSpecification', 'dayOfWeek': 'Saturday', 'opens': '15:0', 'closes': '23:0'}, {'@type': 'OpeningHoursSpecification', 'dayOfWeek': 'Saturday', 'opens': '11:30', 'closes': '15:0'}]","{'@type': 'PostalAddress', 'addressLocality': 'Garden City', 'addressRegion': 'NY', 'postalCode': '11530', 'addressCountry': 'US', 'streetAddress': '987 Stewart Ave'}","{'@type': 'GeoCoordinates', 'latitude': 40.7355691, 'longitude': -73.59759799999999}","{'@type': 'AggregateRating', 'ratingValue': 4.2, 'reviewCount': '38'}"
Color of Spices - Rockville Centre,https://www.ubereats.com/nyc-suburbs/food-delivery/color-of-spices-rockville-centre/NsPEloC4TKuUOp4Cj6W6cg,carle-place-new-york,['Indian'],4.6,69,$$,40.65717,-73.643033,+15167058888,11570,306 Sunrise Hwy,Rockville Centre,New York,"[{'@type': 'OpeningHoursSpecification', 'dayOfWeek': 'Sunday', 'opens': '11:0', 'closes': '16:0'}, {'@type': 'OpeningHoursSpecification', 'dayOfWeek': 'Sunday', 'opens': '16:0', 'closes': '20:0'}, {'@type': 'OpeningHoursSpecification', 'dayOfWeek': ['Tuesday', 'Wednesday', 'Thursday', 'Friday', 'Saturday'], 'opens': '11:0', 'closes': '16:0'}, {'@type': 'OpeningHoursSpecification', 'dayOfWeek': ['Tuesday', 'Wednesday', 'Thursday', 'Friday', 'Saturday'], 'opens': '16:0', 'closes': '20:0'}]","{'@type': 'PostalAddress', 'addressLocality': 'Rockville Centre', 'addressRegion': 'New York', 'postalCode': '11570', 'addressCountry': 'US', 'streetAddress': '306 Sunrise Hwy'}","{'@type': 'GeoCoordinates', 'latitude': 40.65717, 'longitude': -73.643033}","{'@type': 'AggregateRating', 'ratingValue': 4.6, 'reviewCount': '69'}"
Pista House,https://www.ubereats.com/nyc-suburbs/food-delivery/pista-house/z33A1yanS66vm3ydGzHFxA,carle-place-new-york,"['Indian', 'Indian Curry']",4.2,74,$$,40.7604656,-73.5067588,+15164655604,11801,104 New South Rd,Hicksville,NY,"[{'@type': 'OpeningHoursSpecification', 'dayOfWeek': 'Sunday', 'opens': '11:30', 'closes': '15:30'}, {'@type': 'OpeningHoursSpecification', 'dayOfWeek': 'Sunday', 'opens': '17:30', 'closes': '21:45'}, {'@type': 'OpeningHoursSpecification', 'dayOfWeek': ['Tuesday', 'Wednesday', 'Thursday', 'Friday', 'Saturday'], 'opens': '11:30', 'closes': '15:30'}, {'@type': 'OpeningHoursSpecification', 'dayOfWeek': ['Tuesday', 'Wednesday', 'Thursday', 'Friday', 'Saturday'], 'opens': '17:30', 'closes': '21:45'}]","{'@type': 'PostalAddress', 'addressLocality': 'Hicksville', 'addressRegion': 'NY', 'postalCode': '11801', 'addressCountry': 'US', 'streetAddress': '104 New South Rd'}","{'@type': 'GeoCoordinates', 'latitude': 40.7604656, 'longitude': -73.5067588}","{'@type': 'AggregateRating', 'ratingValue': 4.2, 'reviewCount': '74'}"
Starbucks (7th Street at Garden City),https://www.ubereats.com/nyc-suburbs/food-delivery/starbucks-7th-street-at-garden-city/ev2DK5oHTDms0me3UY16Vg,carle-place-new-york,"['Bakery', 'Breakfast and Brunch', 'Cafe', 'Coffee & Tea']",4.9,186,$,40.7250009,-73.6343274,+15167418295,11530,184 7th St,Garden City,NY,"[{'@type': 'OpeningHoursSpecification', 'dayOfWeek': ['Monday', 'Tuesday', 'Wednesday', 'Thursday', 'Friday', 'Saturday', 'Sunday'], 'opens': '6:0', 'closes': '20:0'}]","{'@type': 'PostalAddress', 'addressLocality': 'Garden City', 'addressRegion': 'NY', 'postalCode': '11530', 'addressCountry': 'US', 'streetAddress': '184 7th St'}","{'@type': 'GeoCoordinates', 'latitude': 40.7250009, 'longitude': -73.6343274}","{'@type': 'AggregateRating', 'ratingValue': 4.9, 'reviewCount': '186'}"
Empire Garden - New Hyde Park,https://www.ubereats.com/nyc-suburbs/food-delivery/empire-garden-new-hyde-park/i59mS2e3TVC40mSH7M-Exw,carle-place-new-york,"['Chinese', 'Asian']",,,$,40.749304,-73.682611,+15163588888,11040,1656 Hillside Avenue,New Hyde Park,New York,"[{'@type': 'OpeningHoursSpecification', 'dayOfWeek': ['Sunday', 'Monday', 'Tuesday', 'Wednesday', 'Thursday'], 'opens': '11:0', 'closes': '21:30'}, {'@type': 'OpeningHoursSpecification', 'dayOfWeek': ['Friday', 'Saturday'], 'opens': '11:0', 'closes': '22:0'}]","{'@type': 'PostalAddress', 'addressLocality': 'New Hyde Park', 'addressRegion': 'New York', 'postalCode': '11040', 'addressCountry': 'US', 'streetAddress': '1656 Hillside Avenue'}","{'@type': 'GeoCoordinates', 'latitude': 40.749304, 'longitude': -73.682611}",{}
New Country Deli aka Jagermeister Deli,https://www.ubereats.com/nyc-suburbs/food-delivery/new-country-deli-aka-jagermeister-deli/_rjZgKmjTvC6e1cN39_w2A,carle-place-new-york,"['Salad / Sandwiches', 'Breakfast and Brunch']",,,,40.79912,-73.51831,+15162799586,11791,231 Robbins Lane,Syosset,NY,"[{'@type': 'OpeningHoursSpecification', 'dayOfWeek': ['Monday', 'Tuesday', 'Wednesday', 'Thursday', 'Friday', 'Saturday'], 'opens': '5:0', 'closes': '14:0'}]","{'@type': 'PostalAddress', 'addressLocality': 'Syosset', 'addressRegion': 'NY', 'postalCode': '11791', 'addressCountry': 'US', 'streetAddress': '231 Robbins Lane'}","{'@type': 'GeoCoordinates', 'latitude': 40.79912, 'longitude': -73.51831}",{}
Carvel (334 Roslyn Rd),https://www.ubereats.com/nyc-suburbs/food-delivery/carvel-334-roslyn-rd/aB_h5-k9Ss--el1BePeXOw,carle-place-new-york,"['Ice Cream and Frozen Yogurt', 'Desserts']",4.6,16,$,40.7837288,-73.6385076,+15166216495,11577,334 Roslyn Rd,Roslyn Heights,NY,"[{'@type': 'OpeningHoursSpecification', 'dayOfWeek': ['Monday', 'Tuesday', 'Wednesday', 'Thursday', 'Friday', 'Saturday', 'Sunday'], 'opens': '11:0', 'closes': '20:15'}]","{'@type': 'PostalAddress', 'addressLocality': 'Roslyn Heights', 'addressRegion': 'NY', 'postalCode': '11577', 'addressCountry': 'US', 'streetAddress': '334 Roslyn Rd'}","{'@type': 'GeoCoordinates', 'latitude': 40.7837288, 'longitude': -73.6385076}","{'@type': 'AggregateRating', 'ratingValue': 4.6, 'reviewCount': '16'}"
Nopal Restaurant,https://www.ubereats.com/nyc-suburbs/food-delivery/nopal-restaurant/xJTXqjHZQJG8MEzaYO5IKA,carle-place-new-york,['Breakfast and Brunch'],4.0,22,$,40.758408,-73.588204,+15162809900,11590,263b Post Ave,Westbury,New York,"[{'@type': 'OpeningHoursSpecification', 'dayOfWeek': ['Monday', 'Tuesday', 'Wednesday', 'Thursday', 'Friday', 'Saturday', 'Sunday'], 'opens': '11:0', 'closes': '21:50'}]","{'@type': 'PostalAddress', 'addressLocality': 'Westbury', 'addressRegion': 'New York', 'postalCode': '11590', 'addressCountry': 'US', 'streetAddress': '263b Post Ave'}","{'@type': 'GeoCoordinates', 'latitude': 40.758408, 'longitude': -73.588204}","{'@type': 'AggregateRating', 'ratingValue': 4, 'reviewCount': '22'}"
sauly's pizza,https://www.ubereats.com/nyc-suburbs/food-delivery/saulys-pizza/0xbWiDIZSwS6n3Mnh2_eDQ,carle-place-new-york,"['Kosher', 'Healthy', 'American']",,,$,40.6997596,-73.6604631,+17186793780,11552,239 Nassau Blvd,West Hempstead,NY,"[{'@type': 'OpeningHoursSpecification', 'dayOfWeek': ['Sunday', 'Monday', 'Tuesday', 'Wednesday', 'Thursday'], 'opens': '10:0', 'closes': '20:0'}, {'@type': 'OpeningHoursSpecification', 'dayOfWeek': 'Friday', 'opens': '10:0', 'closes': '14:0'}]","{'@type': 'PostalAddress', 'addressLocality': 'West Hempstead', 'addressRegion': 'NY', 'postalCode': '11552', 'addressCountry': 'US', 'streetAddress': '239 Nassau Blvd'}","{'@type': 'GeoCoordinates', 'latitude': 40.6997596, 'longitude': -73.6604631}",{}
Chen’s Hibachi & Sushi,https://www.ubereats.com/nyc-suburbs/food-delivery/chens-hibachi-%26-sushi/vopdIx5vSf2N2ng0AvY6qQ,carle-place-new-york,"['Chinese', 'Asian', 'Asian Fusion']",,,$,40.7062065,-73.65608139999999,+15167508868,11552,472 Hempstead Turnpike,West Hempstead,NY,"[{'@type': 'OpeningHoursSpecification', 'dayOfWeek': ['Monday', 'Tuesday', 'Wednesday', 'Thursday', 'Friday', 'Saturday', 'Sunday'], 'opens': '11:0', 'closes': '21:30'}]","{'@type': 'PostalAddress', 'addressLocality': 'West Hempstead', 'addressRegion': 'NY', 'postalCode': '11552', 'addressCountry': 'US', 'streetAddress': '472 Hempstead Turnpike'}","{'@type': 'GeoCoordinates', 'latitude': 40.7062065, 'longitude': -73.65608139999999}",{}
Bao,https://www.ubereats.com/nyc-suburbs/food-delivery/bao/MInK5p6pTjSPf1Pt8Y_aTQ,carle-place-new-york,"['Chinese', 'Asian', 'Noodles']",,,$,40.72204199999999,-73.607084,+15167508881,11553,315 Oak St,Uniondale,NY,"[{'@type': 'OpeningHoursSpecification', 'dayOfWeek': ['Monday', 'Tuesday', 'Wednesday', 'Thursday', 'Friday'], 'opens': '11:0', 'closes': '20:0'}, {'@type': 'OpeningHoursSpecification', 'dayOfWeek': 'Saturday', 'opens': '11:30', 'closes': '19:30'}]","{'@type': 'PostalAddress', 'addressLocality': 'Uniondale', 'addressRegion': 'NY', 'postalCode': '11553', 'addressCountry': 'US', 'streetAddress': '315 Oak St'}","{'@type': 'GeoCoordinates', 'latitude': 40.72204199999999, 'longitude': -73.607084}",{}
Pind Kebab & Curry,https://www.ubereats.com/nyc-suburbs/food-delivery/pind-kebab-%26-curry/fXkmI9NETAatCDr6PexfmA,carle-place-new-york,"['Indian', 'Vegetarian', 'Asian']",,,$,40.7683358,-73.5244094,+15169337722,11801,55 S Broadway Ste A,Hicksville,NY,"[{'@type': 'OpeningHoursSpecification', 'dayOfWeek': ['Monday', 'Tuesday', 'Wednesday', 'Thursday', 'Friday', 'Saturday', 'Sunday'], 'opens': '11:0', 'closes': '21:45'}]","{'@type': 'PostalAddress', 'addressLocality': 'Hicksville', 'addressRegion': 'NY', 'postalCode': '11801', 'addressCountry': 'US', 'streetAddress': '55 S Broadway Ste A'}","{'@type': 'GeoCoordinates', 'latitude': 40.7683358, 'longitude': -73.5244094}",{}
Bengali Sweet Shop,https://www.ubereats.com/nyc-suburbs/food-delivery/bengali-sweet-shop/hE0Prrg6SB6KJE4mqDQP6g,carle-place-new-york,"['Indian', 'Vegetarian', 'Asian']",,,$,40.76104369999999,-73.5153071,+15169353391,11801,343 S Broadway,Hicksville,NY,"[{'@type': 'OpeningHoursSpecification', 'dayOfWeek': ['Monday', 'Tuesday', 'Wednesday', 'Thursday', 'Friday', 'Saturday', 'Sunday'], 'opens': '12:0', 'closes': '20:0'}]","{'@type': 'PostalAddress', 'addressLocality': 'Hicksville', 'addressRegion': 'NY', 'postalCode': '11801', 'addressCountry': 'US', 'streetAddress': '343 S Broadway'}","{'@type': 'GeoCoordinates', 'latitude': 40.76104369999999, 'longitude': -73.5153071}",{}
Burger King (4201 Hempstead Turnpike),https://www.ubereats.com/nyc-suburbs/food-delivery/burger-king-4201-hempstead-turnpike/nwogdWuARH2TmHxWnsWzHA,carle-place-new-york,"['American', 'burger', 'Fast Food']",4.5,24,$,40.7261472,-73.4810854,+15167313294,11714,4201 Hempstead Turnpike,Bethpage,NY,"[{'@type': 'OpeningHoursSpecification', 'dayOfWeek': ['Monday', 'Tuesday', 'Wednesday', 'Thursday', 'Friday', 'Saturday', 'Sunday'], 'opens': '8:30', 'closes': '10:29'}, {'@type': 'OpeningHoursSpecification', 'dayOfWeek': ['Monday', 'Tuesday', 'Wednesday', 'Thursday', 'Friday', 'Saturday', 'Sunday'], 'opens': '10:30', 'closes': '22:30'}]","{'@type': 'PostalAddress', 'addressLocality': 'Bethpage', 'addressRegion': 'NY', 'postalCode': '11714', 'addressCountry': 'US', 'streetAddress': '4201 Hempstead Turnpike'}","{'@type': 'GeoCoordinates', 'latitude': 40.7261472, 'longitude': -73.4810854}","{'@type': 'AggregateRating', 'ratingValue': 4.5, 'reviewCount': '24'}"
SoBol - East Meadow,https://www.ubereats.com/nyc-suburbs/food-delivery/sobol-east-meadow/PlX6f-xgSU-CwE1OZv7l-Q,carle-place-new-york,"['Healthy', 'Vegetarian', 'Salads']",4.8,102,$,40.7247338,-73.5496524,+15166223355,11554,2332 Hempstead Turnpike,East Meadow,NY,"[{'@type': 'OpeningHoursSpecification', 'dayOfWeek': ['Monday', 'Tuesday', 'Wednesday', 'Thursday', 'Friday', 'Saturday', 'Sunday'], 'opens': '9:0', 'closes': '19:30'}]","{'@type': 'PostalAddress', 'addressLocality': 'East Meadow', 'addressRegion': 'NY', 'postalCode': '11554', 'addressCountry': 'US', 'streetAddress': '2332 Hempstead Turnpike'}","{'@type': 'GeoCoordinates', 'latitude': 40.7247338, 'longitude': -73.5496524}","{'@type': 'AggregateRating', 'ratingValue': 4.8, 'reviewCount': '102'}"
,https://www.ubereats.com/nyc-suburbs/food-delivery/mcdonalds-glen-oaks-shopping-center/_a3D-SnzRm6DTmdgHlvgkA,carle-place-new-york,,,,,,,,,,,,,,,
Haru (2105 Northern Blvd),https://www.ubereats.com/nyc-suburbs/food-delivery/haru-2105-northern-blvd/mGrKgzafTN6gN8192dLEqQ,carle-place-new-york,['Seafood'],,,$$,40.7979429,-73.6701305,+15166273829,11030,2105 Northern Blvd,Manhasset,NY,"[{'@type': 'OpeningHoursSpecification', 'dayOfWeek': ['Sunday', 'Monday', 'Tuesday', 'Wednesday', 'Thursday'], 'opens': '11:30', 'closes': '21:30'}, {'@type': 'OpeningHoursSpecification', 'dayOfWeek': ['Friday', 'Saturday'], 'opens': '11:30', 'closes': '22:30'}]","{'@type': 'PostalAddress', 'addressLocality': 'Manhasset', 'addressRegion': 'NY', 'postalCode': '11030', 'addressCountry': 'US', 'streetAddress': '2105 Northern Blvd'}","{'@type': 'GeoCoordinates', 'latitude': 40.7979429, 'longitude': -73.6701305}",{}
Dunkin' (1600 Hillside Ave),https://www.ubereats.com/nyc-suburbs/food-delivery/dunkin-1600-hillside-ave/Fd0t4cnMRSWxbrbLqXqR9w,carle-place-new-york,"['Breakfast and Brunch', 'Donuts']",4.9,48,$,40.7484254,-73.6842131,+15163522600,11040,1600 Hillside Ave,New Hyde Park,NY,"[{'@type': 'OpeningHoursSpecification', 'dayOfWeek': ['Monday', 'Tuesday', 'Wednesday', 'Thursday', 'Friday', 'Saturday', 'Sunday'], 'opens': '6:30', 'closes': '18:30'}]","{'@type': 'PostalAddress', 'addressLocality': 'New Hyde Park', 'addressRegion': 'NY', 'postalCode': '11040', 'addressCountry': 'US', 'streetAddress': '1600 Hillside Ave'}","{'@type': 'GeoCoordinates', 'latitude': 40.7484254, 'longitude': -73.6842131}","{'@type': 'AggregateRating', 'ratingValue': 4.9, 'reviewCount': '48'}"
Mulcahy's Pub and Concert Hall,https://www.ubereats.com/nyc-suburbs/food-delivery/mulcahys-pub-and-concert-hall/FGhzshFtQsigBhF7CG1sLw,carle-place-new-york,"['Pub', 'Comfort Food']",,,$,40.672397,-73.509991,+15167837577,11793,3232-3234 Railroad Ave,Wantagh,New York,"[{'@type': 'OpeningHoursSpecification', 'dayOfWeek': ['Thursday', 'Friday', 'Saturday'], 'opens': '16:0', 'closes': '22:0'}]","{'@type': 'PostalAddress', 'addressLocality': 'Wantagh', 'addressRegion': 'New York', 'postalCode': '11793', 'addressCountry': 'US', 'streetAddress': '3232-3234 Railroad Ave'}","{'@type': 'GeoCoordinates', 'latitude': 40.672397, 'longitude': -73.509991}",{}
Subway (1341 Jerusalem Ave),https://www.ubereats.com/nyc-suburbs/food-delivery/subway-1341-jerusalem-ave/uQ0aMKz6QBSgZ9xxCLAQzg,carle-place-new-york,"['Fast Food', 'Sandwich', 'American']",4.3,23,$,40.6944271,-73.5702135,+15165067161,11566,1341 Jerusalem Ave,North Merrick,NY,"[{'@type': 'OpeningHoursSpecification', 'dayOfWeek': ['Monday', 'Tuesday', 'Wednesday', 'Thursday', 'Friday', 'Saturday', 'Sunday'], 'opens': '9:0', 'closes': '19:30'}]","{'@type': 'PostalAddress', 'addressLocality': 'North Merrick', 'addressRegion': 'NY', 'postalCode': '11566', 'addressCountry': 'US', 'streetAddress': '1341 Jerusalem Ave'}","{'@type': 'GeoCoordinates', 'latitude': 40.6944271, 'longitude': -73.5702135}","{'@type': 'AggregateRating', 'ratingValue': 4.3, 'reviewCount': '23'}"
Kuttanadan Indian,https://www.ubereats.com/nyc-suburbs/food-delivery/kuttanadan-indian/7HeTL85OTU20DSR6AFLbmA,carle-place-new-york,"['Indian', 'Vegetarian', 'Asian']",,,$,40.7257665,-73.7186799,+17185515367,11001,248-54 Jericho Turnpike,Floral Park,NY,"[{'@type': 'OpeningHoursSpecification', 'dayOfWeek': ['Sunday', 'Monday', 'Tuesday', 'Wednesday', 'Thursday'], 'opens': '13:0', 'closes': '23:0'}, {'@type': 'OpeningHoursSpecification', 'dayOfWeek': ['Friday', 'Saturday'], 'opens': '13:0', 'closes': '0:0'}]","{'@type': 'PostalAddress', 'addressLocality': 'Floral Park', 'addressRegion': 'NY', 'postalCode': '11001', 'addressCountry': 'US', 'streetAddress': '248-54 Jericho Turnpike'}","{'@type': 'GeoCoordinates', 'latitude': 40.7257665, 'longitude': -73.7186799}",{}
New China Sea,https://www.ubereats.com/nyc-suburbs/food-delivery/new-china-sea/r-k36Y5kSyOHPVBcFa4IMQ,carle-place-new-york,"['Chinese', 'Asian']",4.3,32,$,40.660455,-73.6290408,+15167661959,11570,536 Lakeview Ave,Rockville Centre,NY,"[{'@type': 'OpeningHoursSpecification', 'dayOfWeek': ['Sunday', 'Monday', 'Tuesday', 'Wednesday', 'Thursday'], 'opens': '11:30', 'closes': '21:30'}, {'@type': 'OpeningHoursSpecification', 'dayOfWeek': ['Sunday', 'Monday', 'Tuesday', 'Wednesday', 'Thursday'], 'opens': '11:45', 'closes': '15:0'}, {'@type': 'OpeningHoursSpecification', 'dayOfWeek': ['Friday', 'Saturday'], 'opens': '11:30', 'closes': '22:30'}, {'@type': 'OpeningHoursSpecification', 'dayOfWeek': ['Friday', 'Saturday'], 'opens': '11:45', 'closes': '15:0'}]","{'@type': 'PostalAddress', 'addressLocality': 'Rockville Centre', 'addressRegion': 'NY', 'postalCode': '11570', 'addressCountry': 'US', 'streetAddress': '536 Lakeview Ave'}","{'@type': 'GeoCoordinates', 'latitude': 40.660455, 'longitude': -73.6290408}","{'@type': 'AggregateRating', 'ratingValue': 4.3, 'reviewCount': '32'}"
Havana Central - Nassau,https://www.ubereats.com/nyc-suburbs/food-delivery/havana-central-nassau/tY8kwQ7_Tfy3uCEm50-SdQ,carle-place-new-york,"['Cuban', 'Seafood', 'Vegetarian Friendly']",4.1,61,$$,40.739,-73.6146,+15167397900,11530,630 Old Country Rd,Garden City,NY,"[{'@type': 'OpeningHoursSpecification', 'dayOfWeek': ['Sunday', 'Monday', 'Tuesday', 'Wednesday', 'Thursday'], 'opens': '12:0', 'closes': '20:30'}, {'@type': 'OpeningHoursSpecification', 'dayOfWeek': ['Friday', 'Saturday'], 'opens': '12:0', 'closes': '22:0'}]","{'@type': 'PostalAddress', 'addressLocality': 'Garden City', 'addressRegion': 'NY', 'postalCode': '11530', 'addressCountry': 'US', 'streetAddress': '630 Old Country Rd'}","{'@type': 'GeoCoordinates', 'latitude': 40.739, 'longitude': -73.6146}","{'@type': 'AggregateRating', 'ratingValue': 4.1, 'reviewCount': '61'}"
Mei Ho Kitchen,https://www.ubereats.com/nyc-suburbs/food-delivery/mei-ho-kitchen/QbVA81FbQnyxC81T7zJp-A,carle-place-new-york,['Chinese'],4.6,138,$,40.70302,-73.593251,+15165057708,11553,504,Uniondale,NY,"[{'@type': 'OpeningHoursSpecification', 'dayOfWeek': 'Sunday', 'opens': '12:0', 'closes': '22:0'}, {'@type': 'OpeningHoursSpecification', 'dayOfWeek': ['Monday', 'Tuesday', 'Wednesday', 'Thursday', 'Friday', 'Saturday'], 'opens': '11:30', 'closes': '15:30'}, {'@type': 'OpeningHoursSpecification', 'dayOfWeek': ['Monday', 'Tuesday', 'Wednesday', 'Thursday', 'Friday', 'Saturday'], 'opens': '11:30', 'closes': '22:0'}]","{'@type': 'PostalAddress', 'addressLocality': 'Uniondale', 'addressRegion': 'NY', 'postalCode': '11553', 'addressCountry': 'US', 'streetAddress': '504'}","{'@type': 'GeoCoordinates', 'latitude': 40.70302, 'longitude': -73.593251}","{'@type': 'AggregateRating', 'ratingValue': 4.6, 'reviewCount': '138'}"
Subway (211 Post Ave),https://www.ubereats.com/nyc-suburbs/food-delivery/subway-211-post-ave/AYbtaESOQuaMB__MX_UqzQ,carle-place-new-york,"['Fast Food', 'Sandwich', 'American']",4.7,49,$,40.75622449999999,-73.58814439999999,+15163071270,11590,211 Post Ave,Westbury,NY,"[{'@type': 'OpeningHoursSpecification', 'dayOfWeek': 'Sunday', 'opens': '10:0', 'closes': '20:30'}, {'@type': 'OpeningHoursSpecification', 'dayOfWeek': ['Monday', 'Tuesday', 'Wednesday', 'Thursday', 'Friday'], 'opens': '10:0', 'closes': '21:30'}, {'@type': 'OpeningHoursSpecification', 'dayOfWeek': 'Saturday', 'opens': '10:0', 'closes': '20:30'}]","{'@type': 'PostalAddress', 'addressLocality': 'Westbury', 'addressRegion': 'NY', 'postalCode': '11590', 'addressCountry': 'US', 'streetAddress': '211 Post Ave'}","{'@type': 'GeoCoordinates', 'latitude': 40.75622449999999, 'longitude': -73.58814439999999}","{'@type': 'AggregateRating', 'ratingValue': 4.7, 'reviewCount': '49'}"
Kam fong,https://www.ubereats.com/nyc-suburbs/food-delivery/kam-fong/99veE9z1TsOfaj4FWiK4zA,carle-place-new-york,"['Chinese: Other', 'Rolls', 'Chicken']",4.6,16,,40.7800619,-73.5314934,+16462805146,11753,324 N Broadway 324,Jericho,NY,"[{'@type': 'OpeningHoursSpecification', 'dayOfWeek': 'Sunday', 'opens': '11:0', 'closes': '22:0'}, {'@type': 'OpeningHoursSpecification', 'dayOfWeek': 'Sunday', 'opens': '12:0', 'closes': '21:0'}, {'@type': 'OpeningHoursSpecification', 'dayOfWeek': 'Sunday', 'opens': '12:0', 'closes': '15:30'}, {'@type': 'OpeningHoursSpecification', 'dayOfWeek': 'Monday', 'opens': '11:0', 'closes': '15:30'}, {'@type': 'OpeningHoursSpecification', 'dayOfWeek': ['Tuesday', 'Wednesday', 'Thursday', 'Friday', 'Saturday'], 'opens': '11:0', 'closes': '22:0'}, {'@type': 'OpeningHoursSpecification', 'dayOfWeek': ['Tuesday', 'Wednesday', 'Thursday', 'Friday', 'Saturday'], 'opens': '11:0', 'closes': '15:30'}]","{'@type': 'PostalAddress', 'addressLocality': 'Jericho', 'addressRegion': 'NY', 'postalCode': '11753', 'addressCountry': 'US', 'streetAddress': '324 N Broadway 324'}","{'@type': 'GeoCoordinates', 'latitude': 40.7800619, 'longitude': -73.5314934}","{'@type': 'AggregateRating', 'ratingValue': 4.6, 'reviewCount': '16'}"
Hibachi Sushi Ya,https://www.ubereats.com/nyc-suburbs/food-delivery/hibachi-sushi-ya/iNGGGoiBS-epheFN6GWjUw,carle-place-new-york,"['Japanese', 'Sushi']",4.5,113,$$,40.7428997,-73.6626696,+15167412288,11040,2311 Jericho Tpke,New Hyde Park,NY,"[{'@type': 'OpeningHoursSpecification', 'dayOfWeek': 'Sunday', 'opens': '12:0', 'closes': '20:50'}, {'@type': 'OpeningHoursSpecification', 'dayOfWeek': ['Monday', 'Tuesday', 'Wednesday', 'Thursday'], 'opens': '12:0', 'closes': '20:50'}, {'@type': 'OpeningHoursSpecification', 'dayOfWeek': ['Monday', 'Tuesday', 'Wednesday', 'Thursday'], 'opens': '11:30', 'closes': '14:45'}, {'@type': 'OpeningHoursSpecification', 'dayOfWeek': 'Friday', 'opens': '12:0', 'closes': '21:50'}, {'@type': 'OpeningHoursSpecification', 'dayOfWeek': 'Friday', 'opens': '11:30', 'closes': '14:45'}, {'@type': 'OpeningHoursSpecification', 'dayOfWeek': 'Saturday', 'opens': '12:0', 'closes': '21:50'}]","{'@type': 'PostalAddress', 'addressLocality': 'New Hyde Park', 'addressRegion': 'NY', 'postalCode': '11040', 'addressCountry': 'US', 'streetAddress': '2311 Jericho Tpke'}","{'@type': 'GeoCoordinates', 'latitude': 40.7428997, 'longitude': -73.6626696}","{'@type': 'AggregateRating', 'ratingValue': 4.5, 'reviewCount': '113'}"
Revel Restaurant & Bar,https://www.ubereats.com/nyc-suburbs/food-delivery/revel-restaurant-%26-bar/usR93mu9QuWVM75XKa8dHw,carle-place-new-york,"['New American', 'Bar Food', 'Burgers']",,,$$$,40.727471,-73.63482,+15162469111,11530,835 Franklin Ave,Garden City,NY,"[{'@type': 'OpeningHoursSpecification', 'dayOfWeek': 'Sunday', 'opens': '11:0', 'closes': '15:0'}, {'@type': 'OpeningHoursSpecification', 'dayOfWeek': 'Sunday', 'opens': '16:0', 'closes': '21:0'}, {'@type': 'OpeningHoursSpecification', 'dayOfWeek': 'Sunday', 'opens': '16:0', 'closes': '20:0'}, {'@type': 'OpeningHoursSpecification', 'dayOfWeek': 'Sunday', 'opens': '12:0', 'closes': '15:0'}, {'@type': 'OpeningHoursSpecification', 'dayOfWeek': 'Monday', 'opens': '12:0', 'closes': '15:0'}, {'@type': 'OpeningHoursSpecification', 'dayOfWeek': ['Tuesday', 'Wednesday', 'Thursday', 'Friday'], 'opens': '16:0', 'closes': '21:0'}, {'@type': 'OpeningHoursSpecification', 'dayOfWeek': ['Tuesday', 'Wednesday', 'Thursday', 'Friday'], 'opens': '12:0', 'closes': '15:0'}, {'@type': 'OpeningHoursSpecification', 'dayOfWeek': 'Saturday', 'opens': '11:0', 'closes': '15:0'}, {'@type': 'OpeningHoursSpecification', 'dayOfWeek': 'Saturday', 'opens': '16:0', 'closes': '21:0'}, {'@type': 'OpeningHoursSpecification', 'dayOfWeek': 'Saturday', 'opens': '12:0', 'closes': '15:0'}]","{'@type': 'PostalAddress', 'addressLocality': 'Garden City', 'addressRegion': 'NY', 'postalCode': '11530', 'addressCountry': 'US', 'streetAddress': '835 Franklin Ave'}","{'@type': 'GeoCoordinates', 'latitude': 40.727471, 'longitude': -73.63482}",{}
Guacamole Mexican Grill,https://www.ubereats.com/nyc-suburbs/food-delivery/guacamole-mexican-grill/R0D8amBcRK2rfPeo9kG02Q,carle-place-new-york,"['Mexican', 'Spanish', 'Vegetarian Friendly']",4.4,167,$,40.707026,-73.672723,+15162165440,11010,885 Hempstead Turnpike,Franklin Square,New York,"[{'@type': 'OpeningHoursSpecification', 'dayOfWeek': 'Sunday', 'opens': '12:0', 'closes': '20:0'}, {'@type': 'OpeningHoursSpecification', 'dayOfWeek': 'Sunday', 'opens': '0:0', 'closes': '0:1'}, {'@type': 'OpeningHoursSpecification', 'dayOfWeek': ['Monday', 'Tuesday', 'Wednesday', 'Thursday'], 'opens': '11:0', 'closes': '21:0'}, {'@type': 'OpeningHoursSpecification', 'dayOfWeek': ['Monday', 'Tuesday', 'Wednesday', 'Thursday'], 'opens': '11:30', 'closes': '15:30'}, {'@type': 'OpeningHoursSpecification', 'dayOfWeek': 'Friday', 'opens': '11:0', 'closes': '22:0'}, {'@type': 'OpeningHoursSpecification', 'dayOfWeek': 'Friday', 'opens': '11:30', 'closes': '15:30'}, {'@type': 'OpeningHoursSpecification', 'dayOfWeek': 'Saturday', 'opens': '11:0', 'closes': '22:0'}, {'@type': 'OpeningHoursSpecification', 'dayOfWeek': 'Saturday', 'opens': '0:0', 'closes': '0:1'}]","{'@type': 'PostalAddress', 'addressLocality': 'Franklin Square', 'addressRegion': 'New York', 'postalCode': '11010', 'addressCountry': 'US', 'streetAddress': '885 Hempstead Turnpike'}","{'@type': 'GeoCoordinates', 'latitude': 40.707026, 'longitude': -73.672723}","{'@type': 'AggregateRating', 'ratingValue': 4.4, 'reviewCount': '167'}"
Burger Village - Hicksville,https://www.ubereats.com/nyc-suburbs/food-delivery/burger-village-hicksville/XXXcb1r8SwmpBNkspCqKiA,carle-place-new-york,"['American', 'Burgers', 'Salads']",4.7,46,$$,40.7725,-73.5302,+15165975336,,216 Broadway Mall,Hicksville,New York,"[{'@type': 'OpeningHoursSpecification', 'dayOfWeek': 'Sunday', 'opens': '9:0', 'closes': '22:0'}, {'@type': 'OpeningHoursSpecification', 'dayOfWeek': ['Monday', 'Tuesday', 'Wednesday', 'Thursday', 'Friday'], 'opens': '11:0', 'closes': '22:0'}, {'@type': 'OpeningHoursSpecification', 'dayOfWeek': 'Saturday', 'opens': '9:0', 'closes': '22:0'}]","{'@type': 'PostalAddress', 'addressLocality': 'Hicksville', 'addressRegion': 'New York', 'postalCode': '', 'addressCountry': 'US', 'streetAddress': '216 Broadway Mall'}","{'@type': 'GeoCoordinates', 'latitude': 40.7725, 'longitude': -73.5302}","{'@type': 'AggregateRating', 'ratingValue': 4.7, 'reviewCount': '46'}"
Dunkin' (976 Hempstead Tpke),https://www.ubereats.com/nyc-suburbs/food-delivery/dunkin-976-hempstead-tpke/0xuAWuriQ_GL2zAC0qBk5g,carle-place-new-york,"['Breakfast and Brunch', 'Donuts']",4.5,90,$,40.7157237,-73.5986331,+15164852953,11553,976 Hempstead Tpke,Uniondale,NY,"[{'@type': 'OpeningHoursSpecification', 'dayOfWeek': ['Monday', 'Tuesday', 'Wednesday', 'Thursday', 'Friday', 'Saturday', 'Sunday'], 'opens': '0:0', 'closes': '23:59'}]","{'@type': 'PostalAddress', 'addressLocality': 'Uniondale', 'addressRegion': 'NY', 'postalCode': '11553', 'addressCountry': 'US', 'streetAddress': '976 Hempstead Tpke'}","{'@type': 'GeoCoordinates', 'latitude': 40.7157237, 'longitude': -73.5986331}","{'@type': 'AggregateRating', 'ratingValue': 4.5, 'reviewCount': '90'}"
KFC / Taco Bell - Greenvale,https://www.ubereats.com/nyc-suburbs/food-delivery/kfc-taco-bell-greenvale/BIZLXxNGSMijE4xPKnkgug,carle-place-new-york,"['American', 'Southern', 'Fast Food']",4.5,64,$$,40.813052,-73.627066,+15166219445,11548,56 Glen Cove Rd,Greenvale,NY,"[{'@type': 'OpeningHoursSpecification', 'dayOfWeek': ['Monday', 'Tuesday', 'Wednesday', 'Thursday', 'Friday', 'Saturday', 'Sunday'], 'opens': '11:0', 'closes': '23:0'}]","{'@type': 'PostalAddress', 'addressLocality': 'Greenvale', 'addressRegion': 'NY', 'postalCode': '11548', 'addressCountry': 'US', 'streetAddress': '56 Glen Cove Rd'}","{'@type': 'GeoCoordinates', 'latitude': 40.813052, 'longitude': -73.627066}","{'@type': 'AggregateRating', 'ratingValue': 4.5, 'reviewCount': '64'}"
Murphys Bar & Grill,https://www.ubereats.com/nyc-suburbs/food-delivery/murphys-bar-%26-grill/hAINv5snQ-m9vyOW-A9ePA,carle-place-new-york,"['Traditional American', 'Bar Food']",,,$$,40.738926,-73.640432,+15167411776,11501,234 Old Country Rd,Mineola,NY,"[{'@type': 'OpeningHoursSpecification', 'dayOfWeek': ['Monday', 'Tuesday', 'Wednesday', 'Thursday', 'Friday', 'Saturday', 'Sunday'], 'opens': '11:0', 'closes': '1:0'}]","{'@type': 'PostalAddress', 'addressLocality': 'Mineola', 'addressRegion': 'NY', 'postalCode': '11501', 'addressCountry': 'US', 'streetAddress': '234 Old Country Rd'}","{'@type': 'GeoCoordinates', 'latitude': 40.738926, 'longitude': -73.640432}",{}
Tong Kwong Kitchen,https://www.ubereats.com/nyc-suburbs/food-delivery/tong-kwong-kitchen/_59LIXW5R5qR9VIEvxg0Sw,carle-place-new-york,"['Chinese', 'Asian', 'Asian Fusion']",4.6,71,$,40.6898074,-73.6231851,+15165386836,11550,507 S Franklin St,Hempstead,NY,"[{'@type': 'OpeningHoursSpecification', 'dayOfWeek': 'Sunday', 'opens': '12:0', 'closes': '22:25'}, {'@type': 'OpeningHoursSpecification', 'dayOfWeek': ['Monday', 'Tuesday', 'Wednesday', 'Thursday'], 'opens': '11:0', 'closes': '15:0'}, {'@type': 'OpeningHoursSpecification', 'dayOfWeek': ['Monday', 'Tuesday', 'Wednesday', 'Thursday'], 'opens': '11:0', 'closes': '22:25'}, {'@type': 'OpeningHoursSpecification', 'dayOfWeek': ['Friday', 'Saturday'], 'opens': '11:0', 'closes': '15:0'}, {'@type': 'OpeningHoursSpecification', 'dayOfWeek': ['Friday', 'Saturday'], 'opens': '11:0', 'closes': '22:50'}]","{'@type': 'PostalAddress', 'addressLocality': 'Hempstead', 'addressRegion': 'NY', 'postalCode': '11550', 'addressCountry': 'US', 'streetAddress': '507 S Franklin St'}","{'@type': 'GeoCoordinates', 'latitude': 40.6898074, 'longitude': -73.6231851}","{'@type': 'AggregateRating', 'ratingValue': 4.6, 'reviewCount': '71'}"
Village Deli,https://www.ubereats.com/nyc-suburbs/food-delivery/village-deli/AsODlSoLS62Ce36sPOmlbQ,carle-place-new-york,"['Burgers', 'American', 'Sandwiches', 'Rolls']",4.7,35,$,40.7117411,-73.6257904,+15164855772,11550,61 W Columbia St,Hempstead,NY,"[{'@type': 'OpeningHoursSpecification', 'dayOfWeek': 'Sunday', 'opens': '6:0', 'closes': '21:0'}, {'@type': 'OpeningHoursSpecification', 'dayOfWeek': ['Monday', 'Tuesday', 'Wednesday', 'Thursday', 'Friday', 'Saturday'], 'opens': '5:30', 'closes': '21:0'}]","{'@type': 'PostalAddress', 'addressLocality': 'Hempstead', 'addressRegion': 'NY', 'postalCode': '11550', 'addressCountry': 'US', 'streetAddress': '61 W Columbia St'}","{'@type': 'GeoCoordinates', 'latitude': 40.7117411, 'longitude': -73.6257904}","{'@type': 'AggregateRating', 'ratingValue': 4.7, 'reviewCount': '35'}"
Sushi House,https://www.ubereats.com/nyc-suburbs/food-delivery/sushi-house/xUo7tOv6QZO2z1g18KBHNA,carle-place-new-york,['Sushi'],4.3,30,$$,40.6533453,-73.62610579999999,+15165947968,11572,402 Merrick Rd,Oceanside,NY,"[{'@type': 'OpeningHoursSpecification', 'dayOfWeek': 'Sunday', 'opens': '11:30', 'closes': '21:30'}, {'@type': 'OpeningHoursSpecification', 'dayOfWeek': 'Sunday', 'opens': '12:0', 'closes': '15:25'}, {'@type': 'OpeningHoursSpecification', 'dayOfWeek': ['Tuesday', 'Wednesday', 'Thursday', 'Friday', 'Saturday'], 'opens': '11:30', 'closes': '21:30'}, {'@type': 'OpeningHoursSpecification', 'dayOfWeek': ['Tuesday', 'Wednesday', 'Thursday', 'Friday', 'Saturday'], 'opens': '12:0', 'closes': '15:25'}]","{'@type': 'PostalAddress', 'addressLocality': 'Oceanside', 'addressRegion': 'NY', 'postalCode': '11572', 'addressCountry': 'US', 'streetAddress': '402 Merrick Rd'}","{'@type': 'GeoCoordinates', 'latitude': 40.6533453, 'longitude': -73.62610579999999}","{'@type': 'AggregateRating', 'ratingValue': 4.3, 'reviewCount': '30'}"
Tulip Bagels - Floral Park,https://www.ubereats.com/nyc-suburbs/food-delivery/tulip-bagels-floral-park/b64y9FZhRi-bgsMM9gAcSQ,carle-place-new-york,['Breakfast and Brunch'],4.6,214,$,40.724066,-73.702436,+15166160065,11001,175 Tulip Ave,Floral Park,New York,"[{'@type': 'OpeningHoursSpecification', 'dayOfWeek': 'Sunday', 'opens': '5:30', 'closes': '13:55'}, {'@type': 'OpeningHoursSpecification', 'dayOfWeek': ['Monday', 'Tuesday', 'Wednesday', 'Thursday', 'Friday'], 'opens': '5:30', 'closes': '12:30'}, {'@type': 'OpeningHoursSpecification', 'dayOfWeek': 'Saturday', 'opens': '5:30', 'closes': '14:0'}]","{'@type': 'PostalAddress', 'addressLocality': 'Floral Park', 'addressRegion': 'New York', 'postalCode': '11001', 'addressCountry': 'US', 'streetAddress': '175 Tulip Ave'}","{'@type': 'GeoCoordinates', 'latitude': 40.724066, 'longitude': -73.702436}","{'@type': 'AggregateRating', 'ratingValue': 4.6, 'reviewCount': '214'}"
Dunns River Lounge,https://www.ubereats.com/nyc-suburbs/food-delivery/dunns-river-lounge/TZR0Dm5qQ5a1oYz1bC_OHw,carle-place-new-york,"['Caribbean', 'Seafood', 'Latin American']",4.4,63,$,40.6594743,-73.6447218,+15167646540,11570,93 N Park Ave,Rockville Centre,NY,"[{'@type': 'OpeningHoursSpecification', 'dayOfWeek': 'Sunday', 'opens': '14:30', 'closes': '19:30'}, {'@type': 'OpeningHoursSpecification', 'dayOfWeek': 'Sunday', 'opens': '10:30', 'closes': '13:30'}, {'@type': 'OpeningHoursSpecification', 'dayOfWeek': 'Sunday', 'opens': '10:30', 'closes': '19:30'}, {'@type': 'OpeningHoursSpecification', 'dayOfWeek': 'Tuesday', 'opens': '12:0', 'closes': '19:30'}, {'@type': 'OpeningHoursSpecification', 'dayOfWeek': 'Tuesday', 'opens': '12:0', 'closes': '19:30'}, {'@type': 'OpeningHoursSpecification', 'dayOfWeek': 'Tuesday', 'opens': '12:0', 'closes': '19:30'}, {'@type': 'OpeningHoursSpecification', 'dayOfWeek': 'Wednesday', 'opens': '12:0', 'closes': '19:30'}, {'@type': 'OpeningHoursSpecification', 'dayOfWeek': 'Wednesday', 'opens': '12:0', 'closes': '19:30'}, {'@type': 'OpeningHoursSpecification', 'dayOfWeek': 'Wednesday', 'opens': '12:0', 'closes': '19:30'}, {'@type': 'OpeningHoursSpecification', 'dayOfWeek': 'Thursday', 'opens': '12:0', 'closes': '19:30'}, {'@type': 'OpeningHoursSpecification', 'dayOfWeek': 'Thursday', 'opens': '12:0', 'closes': '19:30'}, {'@type': 'OpeningHoursSpecification', 'dayOfWeek': 'Thursday', 'opens': '12:0', 'closes': '19:30'}, {'@type': 'OpeningHoursSpecification', 'dayOfWeek': 'Friday', 'opens': '12:0', 'closes': '20:30'}, {'@type': 'OpeningHoursSpecification', 'dayOfWeek': 'Friday', 'opens': '12:0', 'closes': '19:30'}, {'@type': 'OpeningHoursSpecification', 'dayOfWeek': 'Friday', 'opens': '12:0', 'closes': '19:30'}, {'@type': 'OpeningHoursSpecification', 'dayOfWeek': 'Saturday', 'opens': '12:0', 'closes': '20:30'}, {'@type': 'OpeningHoursSpecification', 'dayOfWeek': 'Saturday', 'opens': '12:0', 'closes': '19:30'}]","{'@type': 'PostalAddress', 'addressLocality': 'Rockville Centre', 'addressRegion': 'NY', 'postalCode': '11570', 'addressCountry': 'US', 'streetAddress': '93 N Park Ave'}","{'@type': 'GeoCoordinates', 'latitude': 40.6594743, 'longitude': -73.6447218}","{'@type': 'AggregateRating', 'ratingValue': 4.4, 'reviewCount': '63'}"
Grassroots,https://www.ubereats.com/nyc-suburbs/food-delivery/grassroots/OddFKMpcSnGwkvlWsgwn7w,carle-place-new-york,['American'],,,$,40.8325609,-73.63002589999999,+15166711616,11545,671 Glen Cove Ave,Glen Head,NY,"[{'@type': 'OpeningHoursSpecification', 'dayOfWeek': 'Sunday', 'opens': '9:0', 'closes': '13:0'}, {'@type': 'OpeningHoursSpecification', 'dayOfWeek': 'Sunday', 'opens': '9:0', 'closes': '13:0'}, {'@type': 'OpeningHoursSpecification', 'dayOfWeek': 'Monday', 'opens': '8:0', 'closes': '15:0'}, {'@type': 'OpeningHoursSpecification', 'dayOfWeek': 'Monday', 'opens': '8:0', 'closes': '15:0'}, {'@type': 'OpeningHoursSpecification', 'dayOfWeek': 'Tuesday', 'opens': '8:0', 'closes': '15:0'}, {'@type': 'OpeningHoursSpecification', 'dayOfWeek': 'Tuesday', 'opens': '8:2', 'closes': '19:0'}, {'@type': 'OpeningHoursSpecification', 'dayOfWeek': ['Wednesday', 'Thursday'], 'opens': '8:0', 'closes': '15:0'}, {'@type': 'OpeningHoursSpecification', 'dayOfWeek': ['Wednesday', 'Thursday'], 'opens': '8:0', 'closes': '19:0'}, {'@type': 'OpeningHoursSpecification', 'dayOfWeek': 'Friday', 'opens': '8:0', 'closes': '15:0'}, {'@type': 'OpeningHoursSpecification', 'dayOfWeek': 'Friday', 'opens': '8:0', 'closes': '15:0'}, {'@type': 'OpeningHoursSpecification', 'dayOfWeek': 'Saturday', 'opens': '8:30', 'closes': '14:0'}, {'@type': 'OpeningHoursSpecification', 'dayOfWeek': 'Saturday', 'opens': '9:0', 'closes': '14:0'}]","{'@type': 'PostalAddress', 'addressLocality': 'Glen Head', 'addressRegion': 'NY', 'postalCode': '11545', 'addressCountry': 'US', 'streetAddress': '671 Glen Cove Ave'}","{'@type': 'GeoCoordinates', 'latitude': 40.8325609, 'longitude': -73.63002589999999}",{}
The Wild Feast Cafe,https://www.ubereats.com/nyc-suburbs/food-delivery/the-wild-feast-cafe/UksHxgqMQ9y0lnce2djQjg,carle-place-new-york,"['American', 'Salads', 'Sandwich', 'Allergy Friendly']",4.8,135,$$$,40.6595739,-73.6483263,+15166652124,11570,88 N Village Ave,Rockville Centre,NY,"[{'@type': 'OpeningHoursSpecification', 'dayOfWeek': 'Sunday', 'opens': '11:0', 'closes': '20:0'}, {'@type': 'OpeningHoursSpecification', 'dayOfWeek': ['Monday', 'Tuesday', 'Wednesday', 'Thursday', 'Friday', 'Saturday'], 'opens': '11:0', 'closes': '21:0'}]","{'@type': 'PostalAddress', 'addressLocality': 'Rockville Centre', 'addressRegion': 'NY', 'postalCode': '11570', 'addressCountry': 'US', 'streetAddress': '88 N Village Ave'}","{'@type': 'GeoCoordinates', 'latitude': 40.6595739, 'longitude': -73.6483263}","{'@type': 'AggregateRating', 'ratingValue': 4.8, 'reviewCount': '135'}"
Opa Grille,https://www.ubereats.com/nyc-suburbs/food-delivery/opa-grille/hJLRMLQkSHec9NxRuwk72Q,carle-place-new-york,['Mediterranean'],4.7,47,$,40.754032,-73.657314,+15163079966,11596,432 Hillside Avenue,Williston Park,New York,"[{'@type': 'OpeningHoursSpecification', 'dayOfWeek': 'Sunday', 'opens': '12:0', 'closes': '16:0'}, {'@type': 'OpeningHoursSpecification', 'dayOfWeek': 'Sunday', 'opens': '12:0', 'closes': '20:45'}, {'@type': 'OpeningHoursSpecification', 'dayOfWeek': ['Monday', 'Tuesday', 'Wednesday', 'Thursday', 'Friday', 'Saturday'], 'opens': '11:0', 'closes': '16:0'}, {'@type': 'OpeningHoursSpecification', 'dayOfWeek': ['Monday', 'Tuesday', 'Wednesday', 'Thursday', 'Friday', 'Saturday'], 'opens': '11:0', 'closes': '20:45'}]","{'@type': 'PostalAddress', 'addressLocality': 'Williston Park', 'addressRegion': 'New York', 'postalCode': '11596', 'addressCountry': 'US', 'streetAddress': '432 Hillside Avenue'}","{'@type': 'GeoCoordinates', 'latitude': 40.754032, 'longitude': -73.657314}","{'@type': 'AggregateRating', 'ratingValue': 4.7, 'reviewCount': '47'}"
Borrelli's Italian Restaurant,https://www.ubereats.com/nyc-suburbs/food-delivery/borrellis-italian-restaurant/R0EU8hVrRHWy6QIrf_PAJQ,carle-place-new-york,"['Italian', 'Pasta', 'Comfort Food']",4.9,12,$,40.7225396,-73.57777020000002,+15167940190,11554,1580 Hempstead Tpke,East Meadow,NY,"[{'@type': 'OpeningHoursSpecification', 'dayOfWeek': 'Sunday', 'opens': '10:0', 'closes': '20:0'}, {'@type': 'OpeningHoursSpecification', 'dayOfWeek': 'Sunday', 'opens': '10:0', 'closes': '21:0'}, {'@type': 'OpeningHoursSpecification', 'dayOfWeek': ['Tuesday', 'Wednesday', 'Thursday', 'Friday', 'Saturday'], 'opens': '10:0', 'closes': '20:0'}]","{'@type': 'PostalAddress', 'addressLocality': 'East Meadow', 'addressRegion': 'NY', 'postalCode': '11554', 'addressCountry': 'US', 'streetAddress': '1580 Hempstead Tpke'}","{'@type': 'GeoCoordinates', 'latitude': 40.7225396, 'longitude': -73.57777020000002}","{'@type': 'AggregateRating', 'ratingValue': 4.9, 'reviewCount': '12'}"
,https://www.ubereats.com/nyc-suburbs/food-delivery/alnar-cafe-hyde-park/OE6FbW_lTDGqMxnWeaIHXw,carle-place-new-york,,,,,,,,,,,,,,,
Moe's Southwest Grill (710 Franklin Ave),https://www.ubereats.com/nyc-suburbs/food-delivery/moes-southwest-grill-710-franklin-ave/JiK0b16uTnWcyJRU3E7Pxw,carle-place-new-york,"['Mexican', 'Burritos', 'Tacos', 'Quesadillas', 'Family Meals']",4.4,313,$$,40.689670299999996,-73.6864647,+15168370805,11010,710 Franklin Ave,Franklin Square,NY,"[{'@type': 'OpeningHoursSpecification', 'dayOfWeek': 'Sunday', 'opens': '11:0', 'closes': '21:0'}, {'@type': 'OpeningHoursSpecification', 'dayOfWeek': ['Monday', 'Tuesday', 'Wednesday', 'Thursday', 'Friday', 'Saturday'], 'opens': '11:0', 'closes': '21:45'}]","{'@type': 'PostalAddress', 'addressLocality': 'Franklin Square', 'addressRegion': 'NY', 'postalCode': '11010', 'addressCountry': 'US', 'streetAddress': '710 Franklin Ave'}","{'@type': 'GeoCoordinates', 'latitude': 40.689670299999996, 'longitude': -73.6864647}","{'@type': 'AggregateRating', 'ratingValue': 4.4, 'reviewCount': '313'}"
Chicken Kebab,https://www.ubereats.com/nyc-suburbs/food-delivery/chicken-kebab/uIFLjlHrS4GTrz5KPezsMA,carle-place-new-york,"['Seafood', 'Sandwich', 'Mediterranean']",4.7,67,$$,40.789162,-73.651396,+15166216828,11577,92 Mineola Ave,Roslyn Heights,NY,"[{'@type': 'OpeningHoursSpecification', 'dayOfWeek': ['Monday', 'Tuesday', 'Wednesday', 'Thursday', 'Friday', 'Saturday', 'Sunday'], 'opens': '11:30', 'closes': '20:0'}, {'@type': 'OpeningHoursSpecification', 'dayOfWeek': ['Monday', 'Tuesday', 'Wednesday', 'Thursday', 'Friday', 'Saturday', 'Sunday'], 'opens': '12:0', 'closes': '21:0'}, {'@type': 'OpeningHoursSpecification', 'dayOfWeek': ['Monday', 'Tuesday', 'Wednesday', 'Thursday', 'Friday', 'Saturday', 'Sunday'], 'opens': '11:30', 'closes': '9:0'}]","{'@type': 'PostalAddress', 'addressLocality': 'Roslyn Heights', 'addressRegion': 'NY', 'postalCode': '11577', 'addressCountry': 'US', 'streetAddress': '92 Mineola Ave'}","{'@type': 'GeoCoordinates', 'latitude': 40.789162, 'longitude': -73.651396}","{'@type': 'AggregateRating', 'ratingValue': 4.7, 'reviewCount': '67'}"
Homemade Taqueria (Fulton Ave),https://www.ubereats.com/nyc-suburbs/food-delivery/homemade-taqueria-fulton-ave/D-S_CbOtSlmHBXhIb-rIgA,carle-place-new-york,"['Mexican', 'Latin American']",4.5,223,$,40.707999,-73.626529,+15164836151,11550,243 Fulton Ave,Hempstead,NY,"[{'@type': 'OpeningHoursSpecification', 'dayOfWeek': ['Sunday', 'Monday', 'Tuesday', 'Wednesday', 'Thursday'], 'opens': '11:0', 'closes': '21:45'}, {'@type': 'OpeningHoursSpecification', 'dayOfWeek': ['Friday', 'Saturday'], 'opens': '11:0', 'closes': '22:45'}]","{'@type': 'PostalAddress', 'addressLocality': 'Hempstead', 'addressRegion': 'NY', 'postalCode': '11550', 'addressCountry': 'US', 'streetAddress': '243 Fulton Ave'}","{'@type': 'GeoCoordinates', 'latitude': 40.707999, 'longitude': -73.626529}","{'@type': 'AggregateRating', 'ratingValue': 4.5, 'reviewCount': '223'}"
Subway - Albertson (Willis Ave),https://www.ubereats.com/nyc-suburbs/food-delivery/subway-albertson-willis-ave/_ZWM__k3SvaeaPjkQNGLOA,carle-place-new-york,"['Healthy', 'Sandwich', 'Salads']",,,$,40.777465,-73.650609,+15164842374,11507,1185 Willis Ave,Albertson,NY,"[{'@type': 'OpeningHoursSpecification', 'dayOfWeek': ['Monday', 'Tuesday', 'Wednesday', 'Thursday', 'Friday', 'Saturday', 'Sunday'], 'opens': '10:0', 'closes': '19:30'}]","{'@type': 'PostalAddress', 'addressLocality': 'Albertson', 'addressRegion': 'NY', 'postalCode': '11507', 'addressCountry': 'US', 'streetAddress': '1185 Willis Ave'}","{'@type': 'GeoCoordinates', 'latitude': 40.777465, 'longitude': -73.650609}",{}
Starbucks (Uniondale),https://www.ubereats.com/nyc-suburbs/food-delivery/starbucks-uniondale/jHVNfogfRg6RqGRo1oAtOw,carle-place-new-york,"['Bakery', 'Breakfast and Brunch', 'Cafe', 'Coffee & Tea']",4.7,232,$,40.718892,-73.5896625,+15165659886,11553,1228 HEMP,Uniondale,NY,"[{'@type': 'OpeningHoursSpecification', 'dayOfWeek': ['Monday', 'Tuesday', 'Wednesday', 'Thursday', 'Friday', 'Saturday', 'Sunday'], 'opens': '6:0', 'closes': '20:0'}]","{'@type': 'PostalAddress', 'addressLocality': 'Uniondale', 'addressRegion': 'NY', 'postalCode': '11553', 'addressCountry': 'US', 'streetAddress': '1228 HEMP'}","{'@type': 'GeoCoordinates', 'latitude': 40.718892, 'longitude': -73.5896625}","{'@type': 'AggregateRating', 'ratingValue': 4.7, 'reviewCount': '232'}"
Kreyol Taste Restaurant,https://www.ubereats.com/nyc-suburbs/food-delivery/kreyol-taste-restaurant/nId6ZlCAQWWrcTYLkdVH3g,carle-place-new-york,"['Chicken', 'Wings', 'Breakfast and Brunch']",,,$,40.7031357,-73.59322019999999,+15164893542,11553,498 Uniondale Ave,uniondale,NY,"[{'@type': 'OpeningHoursSpecification', 'dayOfWeek': ['Monday', 'Tuesday', 'Wednesday', 'Thursday', 'Friday', 'Saturday', 'Sunday'], 'opens': '13:0', 'closes': '21:0'}, {'@type': 'OpeningHoursSpecification', 'dayOfWeek': ['Monday', 'Tuesday', 'Wednesday', 'Thursday', 'Friday', 'Saturday', 'Sunday'], 'opens': '13:0', 'closes': '21:0'}, {'@type': 'OpeningHoursSpecification', 'dayOfWeek': ['Monday', 'Tuesday', 'Wednesday', 'Thursday', 'Friday', 'Saturday', 'Sunday'], 'opens': '13:0', 'closes': '21:0'}]","{'@type': 'PostalAddress', 'addressLocality': 'uniondale', 'addressRegion': 'NY', 'postalCode': '11553', 'addressCountry': 'US', 'streetAddress': '498 Uniondale Ave'}","{'@type': 'GeoCoordinates', 'latitude': 40.7031357, 'longitude': -73.59322019999999}",{}
Dunkin' (2062 Lakeville Rd),https://www.ubereats.com/nyc-suburbs/food-delivery/dunkin-2062-lakeville-rd/L5b_VhaOTSml25nxIGptlA,carle-place-new-york,"['Breakfast and Brunch', 'Donuts']",4.6,17,$,40.7522344,-73.700841,+15167758630,11040,2062 Lakeville Rd,New Hyde Park,NY,"[{'@type': 'OpeningHoursSpecification', 'dayOfWeek': ['Monday', 'Tuesday', 'Wednesday', 'Thursday', 'Friday', 'Saturday', 'Sunday'], 'opens': '6:0', 'closes': '21:30'}]","{'@type': 'PostalAddress', 'addressLocality': 'New Hyde Park', 'addressRegion': 'NY', 'postalCode': '11040', 'addressCountry': 'US', 'streetAddress': '2062 Lakeville Rd'}","{'@type': 'GeoCoordinates', 'latitude': 40.7522344, 'longitude': -73.700841}","{'@type': 'AggregateRating', 'ratingValue': 4.6, 'reviewCount': '17'}"
Las Vinas,https://www.ubereats.com/nyc-suburbs/food-delivery/las-vinas/llB0XJWUTFWt-r79cAn1Qg,carle-place-new-york,"['Peruvian', 'Healthy', 'Seafood', 'Family Meals']",4.6,59,$$,40.748836,-73.64286,+15167470194,11501,178 Jericho Turnpike,Mineola,New York,"[{'@type': 'OpeningHoursSpecification', 'dayOfWeek': 'Sunday', 'opens': '12:0', 'closes': '21:0'}, {'@type': 'OpeningHoursSpecification', 'dayOfWeek': ['Monday', 'Tuesday'], 'opens': '16:0', 'closes': '21:25'}, {'@type': 'OpeningHoursSpecification', 'dayOfWeek': ['Wednesday', 'Thursday'], 'opens': '12:0', 'closes': '15:0'}, {'@type': 'OpeningHoursSpecification', 'dayOfWeek': ['Wednesday', 'Thursday'], 'opens': '16:0', 'closes': '21:25'}, {'@type': 'OpeningHoursSpecification', 'dayOfWeek': 'Friday', 'opens': '12:0', 'closes': '15:0'}, {'@type': 'OpeningHoursSpecification', 'dayOfWeek': 'Friday', 'opens': '12:0', 'closes': '21:0'}, {'@type': 'OpeningHoursSpecification', 'dayOfWeek': 'Saturday', 'opens': '12:0', 'closes': '21:0'}]","{'@type': 'PostalAddress', 'addressLocality': 'Mineola', 'addressRegion': 'New York', 'postalCode': '11501', 'addressCountry': 'US', 'streetAddress': '178 Jericho Turnpike'}","{'@type': 'GeoCoordinates', 'latitude': 40.748836, 'longitude': -73.64286}","{'@type': 'AggregateRating', 'ratingValue': 4.6, 'reviewCount': '59'}"
Kabayan Grill,https://www.ubereats.com/nyc-suburbs/food-delivery/kabayan-grill/Wmn8wkxfTdysttnr3uCnKA,carle-place-new-york,"['BBQ', 'Desserts']",3.8,14,$$,40.7153064,-73.5709885,+15165009574,11554,1634 Front Street,East Meadow,NY,"[{'@type': 'OpeningHoursSpecification', 'dayOfWeek': ['Sunday', 'Monday'], 'opens': '9:30', 'closes': '19:30'}, {'@type': 'OpeningHoursSpecification', 'dayOfWeek': ['Sunday', 'Monday'], 'opens': '10:0', 'closes': '18:0'}, {'@type': 'OpeningHoursSpecification', 'dayOfWeek': ['Tuesday', 'Wednesday', 'Thursday'], 'opens': '9:30', 'closes': '19:30'}, {'@type': 'OpeningHoursSpecification', 'dayOfWeek': ['Tuesday', 'Wednesday', 'Thursday'], 'opens': '10:0', 'closes': '20:0'}, {'@type': 'OpeningHoursSpecification', 'dayOfWeek': ['Friday', 'Saturday'], 'opens': '10:0', 'closes': '20:0'}]","{'@type': 'PostalAddress', 'addressLocality': 'East Meadow', 'addressRegion': 'NY', 'postalCode': '11554', 'addressCountry': 'US', 'streetAddress': '1634 Front Street'}","{'@type': 'GeoCoordinates', 'latitude': 40.7153064, 'longitude': -73.5709885}","{'@type': 'AggregateRating', 'ratingValue': 3.8, 'reviewCount': '14'}"
Dunkin' (467 Old Country Rd),https://www.ubereats.com/nyc-suburbs/food-delivery/dunkin-467-old-country-rd/rgaz-18ZThiH605n43Th9A,carle-place-new-york,"['Breakfast and Brunch', 'Donuts']",,,$,40.7466253,-73.596609,+15164144425,11590,467 Old Country Rd,Westbury,NY,"[{'@type': 'OpeningHoursSpecification', 'dayOfWeek': 'Sunday', 'opens': '7:0', 'closes': '14:0'}, {'@type': 'OpeningHoursSpecification', 'dayOfWeek': ['Monday', 'Tuesday', 'Wednesday', 'Thursday', 'Friday'], 'opens': '6:0', 'closes': '17:0'}, {'@type': 'OpeningHoursSpecification', 'dayOfWeek': 'Saturday', 'opens': '7:0', 'closes': '14:0'}]","{'@type': 'PostalAddress', 'addressLocality': 'Westbury', 'addressRegion': 'NY', 'postalCode': '11590', 'addressCountry': 'US', 'streetAddress': '467 Old Country Rd'}","{'@type': 'GeoCoordinates', 'latitude': 40.7466253, 'longitude': -73.596609}",{}
Curbside Mexican Grill,https://www.ubereats.com/nyc-suburbs/food-delivery/curbside-mexican-grill/91frFKnVSPCAgsdPhaWG7Q,carle-place-new-york,"['Mexican', 'Latin American', 'New Mexican']",4.7,35,$,40.6837078,-73.6217593,+15164164169,11550,1131 Long Beach Rd,South Hempstead,NY,"[{'@type': 'OpeningHoursSpecification', 'dayOfWeek': 'Sunday', 'opens': '12:0', 'closes': '21:0'}, {'@type': 'OpeningHoursSpecification', 'dayOfWeek': ['Monday', 'Tuesday', 'Wednesday', 'Thursday', 'Friday', 'Saturday'], 'opens': '11:0', 'closes': '21:0'}]","{'@type': 'PostalAddress', 'addressLocality': 'South Hempstead', 'addressRegion': 'NY', 'postalCode': '11550', 'addressCountry': 'US', 'streetAddress': '1131 Long Beach Rd'}","{'@type': 'GeoCoordinates', 'latitude': 40.6837078, 'longitude': -73.6217593}","{'@type': 'AggregateRating', 'ratingValue': 4.7, 'reviewCount': '35'}"
EVEREST SPICY KITCHEN DBA NAGASAKI JAPANESE RESTAURANT,https://www.ubereats.com/nyc-suburbs/food-delivery/everest-spicy-kitchen-dba-nagasaki-japanese-restaurant/yCNTyzRPTQySPcCmb6quzg,carle-place-new-york,"['Japanese: Ramen', 'Noodles', 'Asian']",,,,40.75488,-73.54199,+16467500546,11801,97 Levittown Parkway SUITE 1,Hicksville,NY,"[{'@type': 'OpeningHoursSpecification', 'dayOfWeek': 'Sunday', 'opens': '10:30', 'closes': '16:30'}, {'@type': 'OpeningHoursSpecification', 'dayOfWeek': 'Sunday', 'opens': '10:30', 'closes': '16:30'}, {'@type': 'OpeningHoursSpecification', 'dayOfWeek': ['Monday', 'Tuesday', 'Wednesday', 'Thursday', 'Friday', 'Saturday'], 'opens': '10:30', 'closes': '17:30'}, {'@type': 'OpeningHoursSpecification', 'dayOfWeek': ['Monday', 'Tuesday', 'Wednesday', 'Thursday', 'Friday', 'Saturday'], 'opens': '10:30', 'closes': '18:0'}]","{'@type': 'PostalAddress', 'addressLocality': 'Hicksville', 'addressRegion': 'NY', 'postalCode': '11801', 'addressCountry': 'US', 'streetAddress': '97 Levittown Parkway SUITE 1'}","{'@type': 'GeoCoordinates', 'latitude': 40.75488, 'longitude': -73.54199}",{}
Starbucks (Merrick),https://www.ubereats.com/nyc-suburbs/food-delivery/starbucks-merrick/0NQxat5wS0eRAYcyZyxe8Q,carle-place-new-york,"['Bakery', 'Breakfast and Brunch', 'Cafe', 'Coffee & Tea']",4.6,249,$,40.6567725,-73.5497274,+15163797467,11566,2015 MERRICK RD,Merrick,NY,"[{'@type': 'OpeningHoursSpecification', 'dayOfWeek': ['Monday', 'Tuesday', 'Wednesday', 'Thursday', 'Friday', 'Saturday', 'Sunday'], 'opens': '6:0', 'closes': '20:0'}]","{'@type': 'PostalAddress', 'addressLocality': 'Merrick', 'addressRegion': 'NY', 'postalCode': '11566', 'addressCountry': 'US', 'streetAddress': '2015 MERRICK RD'}","{'@type': 'GeoCoordinates', 'latitude': 40.6567725, 'longitude': -73.5497274}","{'@type': 'AggregateRating', 'ratingValue': 4.6, 'reviewCount': '249'}"
Wings N Things,https://www.ubereats.com/nyc-suburbs/food-delivery/wings-n-things/l1A_joF4QJCmb0hWkeTXBw,carle-place-new-york,"['Wings', 'Southern', 'Traditional American', 'Family Meals']",4.6,341,$,40.687842,-73.705756,+15163417075,11003,1717 Dutch Broadway,Elmont,New York,"[{'@type': 'OpeningHoursSpecification', 'dayOfWeek': ['Monday', 'Tuesday', 'Wednesday', 'Thursday', 'Friday', 'Saturday', 'Sunday'], 'opens': '11:30', 'closes': '20:0'}]","{'@type': 'PostalAddress', 'addressLocality': 'Elmont', 'addressRegion': 'New York', 'postalCode': '11003', 'addressCountry': 'US', 'streetAddress': '1717 Dutch Broadway'}","{'@type': 'GeoCoordinates', 'latitude': 40.687842, 'longitude': -73.705756}","{'@type': 'AggregateRating', 'ratingValue': 4.6, 'reviewCount': '341'}"
thyme,https://www.ubereats.com/nyc-suburbs/food-delivery/thyme/1mzrHw3cRGGjA15hZkAFTw,carle-place-new-york,"['Burgers', 'American', 'Sandwiches', 'Allergy Friendly']",,,$,40.79954,-73.6501947,+15166252566,11576,8 Tower Pl,Roslyn,NY,"[{'@type': 'OpeningHoursSpecification', 'dayOfWeek': 'Sunday', 'opens': '11:30', 'closes': '20:0'}, {'@type': 'OpeningHoursSpecification', 'dayOfWeek': ['Tuesday', 'Wednesday', 'Thursday', 'Friday'], 'opens': '12:0', 'closes': '20:0'}, {'@type': 'OpeningHoursSpecification', 'dayOfWeek': 'Saturday', 'opens': '11:0', 'closes': '20:0'}]","{'@type': 'PostalAddress', 'addressLocality': 'Roslyn', 'addressRegion': 'NY', 'postalCode': '11576', 'addressCountry': 'US', 'streetAddress': '8 Tower Pl'}","{'@type': 'GeoCoordinates', 'latitude': 40.79954, 'longitude': -73.6501947}",{}
McDonald's® - Uniondale (1110 Hempstead),https://www.ubereats.com/nyc-suburbs/food-delivery/mcdonalds-uniondale-1110-hempstead/Gf6rkQSiRqqCXf_v3pOU0g,carle-place-new-york,"['American', 'Fast Food', 'Burgers']",4.8,187,$,40.717337,-73.5938477,+15162925944,11553,1110 Hempstead Tpke,Uniondale,NY,"[{'@type': 'OpeningHoursSpecification', 'dayOfWeek': 'Sunday', 'opens': '6:45', 'closes': '11:29'}, {'@type': 'OpeningHoursSpecification', 'dayOfWeek': 'Sunday', 'opens': '11:30', 'closes': '16:59'}, {'@type': 'OpeningHoursSpecification', 'dayOfWeek': 'Sunday', 'opens': '17:0', 'closes': '23:15'}, {'@type': 'OpeningHoursSpecification', 'dayOfWeek': ['Monday', 'Tuesday', 'Wednesday', 'Thursday', 'Friday'], 'opens': '6:45', 'closes': '10:29'}, {'@type': 'OpeningHoursSpecification', 'dayOfWeek': ['Monday', 'Tuesday', 'Wednesday', 'Thursday', 'Friday'], 'opens': '10:30', 'closes': '16:59'}, {'@type': 'OpeningHoursSpecification', 'dayOfWeek': ['Monday', 'Tuesday', 'Wednesday', 'Thursday', 'Friday'], 'opens': '17:0', 'closes': '23:15'}, {'@type': 'OpeningHoursSpecification', 'dayOfWeek': 'Saturday', 'opens': '6:45', 'closes': '10:59'}, {'@type': 'OpeningHoursSpecification', 'dayOfWeek': 'Saturday', 'opens': '11:0', 'closes': '16:59'}, {'@type': 'OpeningHoursSpecification', 'dayOfWeek': 'Saturday', 'opens': '17:0', 'closes': '23:15'}]","{'@type': 'PostalAddress', 'addressLocality': 'Uniondale', 'addressRegion': 'NY', 'postalCode': '11553', 'addressCountry': 'US', 'streetAddress': '1110 Hempstead Tpke'}","{'@type': 'GeoCoordinates', 'latitude': 40.717337, 'longitude': -73.5938477}","{'@type': 'AggregateRating', 'ratingValue': 4.8, 'reviewCount': '187'}"
The Inkan Restaurant and Pisco Bar,https://www.ubereats.com/nyc-suburbs/food-delivery/the-inkan-restaurant-and-pisco-bar/bQ_lne_MQ42juB3RTWJN5A,carle-place-new-york,"['Spanish', 'Seafood', 'Peruvian']",,,$,40.7390306,-73.6668591,+15167413747,11040,2224 Jericho Turnpike,Garden City Park,NY,"[{'@type': 'OpeningHoursSpecification', 'dayOfWeek': 'Sunday', 'opens': '0:0', 'closes': '21:0'}, {'@type': 'OpeningHoursSpecification', 'dayOfWeek': ['Tuesday', 'Wednesday', 'Thursday', 'Friday', 'Saturday'], 'opens': '0:0', 'closes': '21:0'}]","{'@type': 'PostalAddress', 'addressLocality': 'Garden City Park', 'addressRegion': 'NY', 'postalCode': '11040', 'addressCountry': 'US', 'streetAddress': '2224 Jericho Turnpike'}","{'@type': 'GeoCoordinates', 'latitude': 40.7390306, 'longitude': -73.6668591}",{}
All Nationalities Deli,https://www.ubereats.com/nyc-suburbs/food-delivery/all-nationalities-deli/9WRedPUcRzKIq5wp9Rn02w,carle-place-new-york,"['Spanish', 'Seafood', 'Mediterranean']",,,$,40.7058263,-73.5408007,+15163083841,11710,2540 N Jerusalem Rd,North Bellmore,NY,"[{'@type': 'OpeningHoursSpecification', 'dayOfWeek': ['Monday', 'Tuesday', 'Wednesday', 'Thursday', 'Friday', 'Saturday'], 'opens': '6:0', 'closes': '16:0'}]","{'@type': 'PostalAddress', 'addressLocality': 'North Bellmore', 'addressRegion': 'NY', 'postalCode': '11710', 'addressCountry': 'US', 'streetAddress': '2540 N Jerusalem Rd'}","{'@type': 'GeoCoordinates', 'latitude': 40.7058263, 'longitude': -73.5408007}",{}
Taqueria el sabor poblano,https://www.ubereats.com/nyc-suburbs/food-delivery/taqueria-el-sabor-poblano/1zghO2zlTwyAlKOTIwG_Yg,carle-place-new-york,"['Mexican', 'Latin American', 'New Mexican', 'Allergy Friendly']",,,$,40.7681577,-73.5210711,+15166051670,11801,60 E Marie St,Hicksville,NY,"[{'@type': 'OpeningHoursSpecification', 'dayOfWeek': ['Monday', 'Tuesday', 'Wednesday', 'Thursday', 'Friday', 'Saturday', 'Sunday'], 'opens': '9:0', 'closes': '20:0'}]","{'@type': 'PostalAddress', 'addressLocality': 'Hicksville', 'addressRegion': 'NY', 'postalCode': '11801', 'addressCountry': 'US', 'streetAddress': '60 E Marie St'}","{'@type': 'GeoCoordinates', 'latitude': 40.7681577, 'longitude': -73.5210711}",{}
,https://www.ubereats.com/nyc-suburbs/food-delivery/harry-sweets-%26-snacks/4x3TNaa8TCWW128EBxeXZw,carle-place-new-york,,,,,,,,,,,,,,,
Anzai,https://www.ubereats.com/nyc-suburbs/food-delivery/anzai/cjhQmqNzQ7u-6qY44tYR0A,carle-place-new-york,"['Asian Fusion', 'Asian', 'Sushi', 'Chinese']",,,$,40.7186361,-73.564025,+15163078883,11554,1856 Front St,East Meadow,NY,"[{'@type': 'OpeningHoursSpecification', 'dayOfWeek': 'Sunday', 'opens': '13:0', 'closes': '21:0'}, {'@type': 'OpeningHoursSpecification', 'dayOfWeek': ['Monday', 'Tuesday', 'Wednesday', 'Thursday'], 'opens': '11:30', 'closes': '21:0'}, {'@type': 'OpeningHoursSpecification', 'dayOfWeek': ['Monday', 'Tuesday', 'Wednesday', 'Thursday'], 'opens': '11:30', 'closes': '15:0'}, {'@type': 'OpeningHoursSpecification', 'dayOfWeek': 'Friday', 'opens': '11:30', 'closes': '22:0'}, {'@type': 'OpeningHoursSpecification', 'dayOfWeek': 'Friday', 'opens': '11:30', 'closes': '15:0'}, {'@type': 'OpeningHoursSpecification', 'dayOfWeek': 'Saturday', 'opens': '12:0', 'closes': '22:0'}, {'@type': 'OpeningHoursSpecification', 'dayOfWeek': 'Saturday', 'opens': '11:30', 'closes': '15:0'}]","{'@type': 'PostalAddress', 'addressLocality': 'East Meadow', 'addressRegion': 'NY', 'postalCode': '11554', 'addressCountry': 'US', 'streetAddress': '1856 Front St'}","{'@type': 'GeoCoordinates', 'latitude': 40.7186361, 'longitude': -73.564025}",{}
Garden Social Beer Garden and Kitchen,https://www.ubereats.com/nyc-suburbs/food-delivery/garden-social-beer-garden-and-kitchen/slMCiL8IRjuzV2CAnIO92A,carle-place-new-york,"['Burgers', 'American', 'Sandwiches']",,,$,40.7227121,-73.5638905,+17189867802,11554,1964 Hempstead Turnpike,East Meadow,NY,"[{'@type': 'OpeningHoursSpecification', 'dayOfWeek': 'Sunday', 'opens': '15:0', 'closes': '20:45'}, {'@type': 'OpeningHoursSpecification', 'dayOfWeek': 'Sunday', 'opens': '12:0', 'closes': '15:0'}, {'@type': 'OpeningHoursSpecification', 'dayOfWeek': ['Tuesday', 'Wednesday', 'Thursday'], 'opens': '15:0', 'closes': '20:45'}, {'@type': 'OpeningHoursSpecification', 'dayOfWeek': 'Friday', 'opens': '15:0', 'closes': '20:45'}, {'@type': 'OpeningHoursSpecification', 'dayOfWeek': 'Friday', 'opens': '12:0', 'closes': '15:0'}, {'@type': 'OpeningHoursSpecification', 'dayOfWeek': 'Saturday', 'opens': '15:0', 'closes': '20:45'}, {'@type': 'OpeningHoursSpecification', 'dayOfWeek': 'Saturday', 'opens': '12:0', 'closes': '15:0'}]","{'@type': 'PostalAddress', 'addressLocality': 'East Meadow', 'addressRegion': 'NY', 'postalCode': '11554', 'addressCountry': 'US', 'streetAddress': '1964 Hempstead Turnpike'}","{'@type': 'GeoCoordinates', 'latitude': 40.7227121, 'longitude': -73.5638905}",{}
Sakana,https://www.ubereats.com/nyc-suburbs/food-delivery/sakana/USpPD97vQ9y1-Lv-w-Tzxw,carle-place-new-york,"['Chinese', 'Asian', 'Asian Fusion']",4.5,75,$,40.7701041,-73.5266738,+15169337673,11801,68 N Broadway,Hicksville,NY,"[{'@type': 'OpeningHoursSpecification', 'dayOfWeek': 'Sunday', 'opens': '12:0', 'closes': '22:0'}, {'@type': 'OpeningHoursSpecification', 'dayOfWeek': 'Sunday', 'opens': '11:30', 'closes': '16:0'}, {'@type': 'OpeningHoursSpecification', 'dayOfWeek': ['Monday', 'Tuesday', 'Wednesday', 'Thursday'], 'opens': '11:0', 'closes': '22:0'}, {'@type': 'OpeningHoursSpecification', 'dayOfWeek': ['Monday', 'Tuesday', 'Wednesday', 'Thursday'], 'opens': '11:30', 'closes': '16:0'}, {'@type': 'OpeningHoursSpecification', 'dayOfWeek': ['Friday', 'Saturday'], 'opens': '11:0', 'closes': '23:0'}, {'@type': 'OpeningHoursSpecification', 'dayOfWeek': ['Friday', 'Saturday'], 'opens': '11:30', 'closes': '16:0'}]","{'@type': 'PostalAddress', 'addressLocality': 'Hicksville', 'addressRegion': 'NY', 'postalCode': '11801', 'addressCountry': 'US', 'streetAddress': '68 N Broadway'}","{'@type': 'GeoCoordinates', 'latitude': 40.7701041, 'longitude': -73.5266738}","{'@type': 'AggregateRating', 'ratingValue': 4.5, 'reviewCount': '75'}"
Previti Pizza & Papazzio Dining ,https://www.ubereats.com/nyc-suburbs/food-delivery/previti-pizza-%26-papazzio-dining/vubhdhtqTWia6gOmcdDCsw,carle-place-new-york,"['Pizza', 'American', 'Italian']",4.7,103,$$,40.751720399999996,-73.6743603,+15163542354,11040,2085 Hillside Ave,New Hyde Park,NY,"[{'@type': 'OpeningHoursSpecification', 'dayOfWeek': ['Sunday', 'Monday', 'Tuesday', 'Wednesday', 'Thursday'], 'opens': '11:0', 'closes': '20:30'}, {'@type': 'OpeningHoursSpecification', 'dayOfWeek': ['Friday', 'Saturday'], 'opens': '11:0', 'closes': '21:30'}]","{'@type': 'PostalAddress', 'addressLocality': 'New Hyde Park', 'addressRegion': 'NY', 'postalCode': '11040', 'addressCountry': 'US', 'streetAddress': '2085 Hillside Ave'}","{'@type': 'GeoCoordinates', 'latitude': 40.751720399999996, 'longitude': -73.6743603}","{'@type': 'AggregateRating', 'ratingValue': 4.7, 'reviewCount': '103'}"
Diwan Indian Restaurant & Bar,https://www.ubereats.com/nyc-suburbs/food-delivery/diwan-indian-restaurant-%26-bar/VpVkre50SLiNE3z2jt3v2Q,carle-place-new-york,"['Chicken', 'Indian Curry', 'Diner']",4.5,37,$,40.7590711,-73.5129085,+15165131057,11801,415 S Broadway,Hicksville,NY,"[{'@type': 'OpeningHoursSpecification', 'dayOfWeek': ['Sunday', 'Monday', 'Tuesday', 'Wednesday', 'Thursday'], 'opens': '11:30', 'closes': '22:0'}, {'@type': 'OpeningHoursSpecification', 'dayOfWeek': ['Friday', 'Saturday'], 'opens': '11:30', 'closes': '22:30'}]","{'@type': 'PostalAddress', 'addressLocality': 'Hicksville', 'addressRegion': 'NY', 'postalCode': '11801', 'addressCountry': 'US', 'streetAddress': '415 S Broadway'}","{'@type': 'GeoCoordinates', 'latitude': 40.7590711, 'longitude': -73.5129085}","{'@type': 'AggregateRating', 'ratingValue': 4.5, 'reviewCount': '37'}"
Margarita's Cafe,https://www.ubereats.com/nyc-suburbs/food-delivery/margaritas-cafe/t_aC7BOiSH6WfWhRIa67_g,carle-place-new-york,"['Mexican', 'Latin American', 'New Mexican']",4.2,56,$,40.71878969999999,-73.5637103,+15167450033,11554,1868 Front St,East Meadow,NY,"[{'@type': 'OpeningHoursSpecification', 'dayOfWeek': 'Sunday', 'opens': '11:30', 'closes': '21:45'}, {'@type': 'OpeningHoursSpecification', 'dayOfWeek': ['Tuesday', 'Wednesday', 'Thursday', 'Friday'], 'opens': '15:0', 'closes': '22:0'}, {'@type': 'OpeningHoursSpecification', 'dayOfWeek': ['Tuesday', 'Wednesday', 'Thursday', 'Friday'], 'opens': '11:30', 'closes': '15:0'}, {'@type': 'OpeningHoursSpecification', 'dayOfWeek': 'Saturday', 'opens': '11:30', 'closes': '21:45'}]","{'@type': 'PostalAddress', 'addressLocality': 'East Meadow', 'addressRegion': 'NY', 'postalCode': '11554', 'addressCountry': 'US', 'streetAddress': '1868 Front St'}","{'@type': 'GeoCoordinates', 'latitude': 40.71878969999999, 'longitude': -73.5637103}","{'@type': 'AggregateRating', 'ratingValue': 4.2, 'reviewCount': '56'}"
McDonald's® - Plainview (Old Country Rd.),https://www.ubereats.com/nyc-suburbs/food-delivery/mcdonalds-plainview-old-country-rd/fYmtPKbXRq2HVG8ONGJyMg,carle-place-new-york,"['American', 'Fast Food', 'Burgers']",4.6,174,$,40.773817,-73.483301,+15169318897,11803,818 OLD COUNTRY RD,PLAINVIEW,NY,"[{'@type': 'OpeningHoursSpecification', 'dayOfWeek': 'Sunday', 'opens': '6:15', 'closes': '11:29'}, {'@type': 'OpeningHoursSpecification', 'dayOfWeek': 'Sunday', 'opens': '11:30', 'closes': '16:59'}, {'@type': 'OpeningHoursSpecification', 'dayOfWeek': 'Sunday', 'opens': '17:0', 'closes': '23:15'}, {'@type': 'OpeningHoursSpecification', 'dayOfWeek': ['Monday', 'Tuesday', 'Wednesday', 'Thursday', 'Friday'], 'opens': '6:15', 'closes': '10:29'}, {'@type': 'OpeningHoursSpecification', 'dayOfWeek': ['Monday', 'Tuesday', 'Wednesday', 'Thursday', 'Friday'], 'opens': '10:30', 'closes': '16:59'}, {'@type': 'OpeningHoursSpecification', 'dayOfWeek': ['Monday', 'Tuesday', 'Wednesday', 'Thursday', 'Friday'], 'opens': '17:0', 'closes': '23:15'}, {'@type': 'OpeningHoursSpecification', 'dayOfWeek': 'Saturday', 'opens': '6:15', 'closes': '10:59'}, {'@type': 'OpeningHoursSpecification', 'dayOfWeek': 'Saturday', 'opens': '11:0', 'closes': '16:59'}, {'@type': 'OpeningHoursSpecification', 'dayOfWeek': 'Saturday', 'opens': '17:0', 'closes': '23:15'}]","{'@type': 'PostalAddress', 'addressLocality': 'PLAINVIEW', 'addressRegion': 'NY', 'postalCode': '11803', 'addressCountry': 'US', 'streetAddress': '818 OLD COUNTRY RD'}","{'@type': 'GeoCoordinates', 'latitude': 40.773817, 'longitude': -73.483301}","{'@type': 'AggregateRating', 'ratingValue': 4.6, 'reviewCount': '174'}"
Subway (890 Old Country Rd),https://www.ubereats.com/nyc-suburbs/food-delivery/subway-890-old-country-rd/K3gYax9WTPOceQLe75Dcug,carle-place-new-york,"['Fast Food', 'Sandwich', 'American']",4.9,14,$,40.7528545,-73.56449690000001,+15162802703,11590,890 Old Country Rd,Westbury,NY,"[{'@type': 'OpeningHoursSpecification', 'dayOfWeek': 'Sunday', 'opens': '10:0', 'closes': '19:30'}, {'@type': 'OpeningHoursSpecification', 'dayOfWeek': ['Monday', 'Tuesday', 'Wednesday', 'Thursday', 'Friday'], 'opens': '10:0', 'closes': '20:30'}, {'@type': 'OpeningHoursSpecification', 'dayOfWeek': 'Saturday', 'opens': '10:0', 'closes': '19:30'}]","{'@type': 'PostalAddress', 'addressLocality': 'Westbury', 'addressRegion': 'NY', 'postalCode': '11590', 'addressCountry': 'US', 'streetAddress': '890 Old Country Rd'}","{'@type': 'GeoCoordinates', 'latitude': 40.7528545, 'longitude': -73.56449690000001}","{'@type': 'AggregateRating', 'ratingValue': 4.9, 'reviewCount': '14'}"
Buffalo's Cafe (Levittown),https://www.ubereats.com/nyc-suburbs/food-delivery/buffalos-cafe-levittown/mTiDw2LXQYKROWn2IrU4eg,carle-place-new-york,"['Wings', 'Chicken', 'American']",,,$,40.72673380000001,-73.5118664,+15165209464,11756,3345 Hempstead Turnpike,Levittown,NY,"[{'@type': 'OpeningHoursSpecification', 'dayOfWeek': ['Sunday', 'Monday', 'Tuesday', 'Wednesday', 'Thursday'], 'opens': '11:0', 'closes': '20:0'}, {'@type': 'OpeningHoursSpecification', 'dayOfWeek': ['Friday', 'Saturday'], 'opens': '11:0', 'closes': '21:0'}]","{'@type': 'PostalAddress', 'addressLocality': 'Levittown', 'addressRegion': 'NY', 'postalCode': '11756', 'addressCountry': 'US', 'streetAddress': '3345 Hempstead Turnpike'}","{'@type': 'GeoCoordinates', 'latitude': 40.72673380000001, 'longitude': -73.5118664}",{}
Great Wall Restaurant,https://www.ubereats.com/nyc-suburbs/food-delivery/great-wall-restaurant/1kQthu1CSwq2k0oaY3KEsw,carle-place-new-york,"['Chinese', 'Asian']",4.5,194,$,40.7319146,-73.6081755,+15162271133,11530,692 Stewart Ave,Garden City,NY,"[{'@type': 'OpeningHoursSpecification', 'dayOfWeek': 'Sunday', 'opens': '11:0', 'closes': '15:0'}, {'@type': 'OpeningHoursSpecification', 'dayOfWeek': ['Monday', 'Tuesday', 'Wednesday', 'Thursday'], 'opens': '11:0', 'closes': '22:0'}, {'@type': 'OpeningHoursSpecification', 'dayOfWeek': ['Monday', 'Tuesday', 'Wednesday', 'Thursday'], 'opens': '11:0', 'closes': '15:0'}, {'@type': 'OpeningHoursSpecification', 'dayOfWeek': ['Friday', 'Saturday'], 'opens': '11:0', 'closes': '23:0'}, {'@type': 'OpeningHoursSpecification', 'dayOfWeek': ['Friday', 'Saturday'], 'opens': '11:0', 'closes': '15:0'}]","{'@type': 'PostalAddress', 'addressLocality': 'Garden City', 'addressRegion': 'NY', 'postalCode': '11530', 'addressCountry': 'US', 'streetAddress': '692 Stewart Ave'}","{'@type': 'GeoCoordinates', 'latitude': 40.7319146, 'longitude': -73.6081755}","{'@type': 'AggregateRating', 'ratingValue': 4.5, 'reviewCount': '194'}"
Sunny & Fine's Breakfast Burritos,https://www.ubereats.com/nyc-suburbs/food-delivery/sunny-%26-fines-breakfast-burritos/c3_52k_rQP24hlHyVSXq4Q,carle-place-new-york,"['Breakfast and Brunch', 'American', 'Sandwiches']",3.1,13,$,40.7222904,-73.688547,+15163267400,11001,27 Covert Avenue,Floral Park,NY,"[{'@type': 'OpeningHoursSpecification', 'dayOfWeek': 'Sunday', 'opens': '8:30', 'closes': '12:0'}, {'@type': 'OpeningHoursSpecification', 'dayOfWeek': 'Monday', 'opens': '8:30', 'closes': '15:35'}, {'@type': 'OpeningHoursSpecification', 'dayOfWeek': ['Tuesday', 'Wednesday', 'Thursday', 'Friday'], 'opens': '8:30', 'closes': '17:30'}, {'@type': 'OpeningHoursSpecification', 'dayOfWeek': 'Saturday', 'opens': '8:30', 'closes': '11:0'}, {'@type': 'OpeningHoursSpecification', 'dayOfWeek': 'Saturday', 'opens': '14:0', 'closes': '16:30'}]","{'@type': 'PostalAddress', 'addressLocality': 'Floral Park', 'addressRegion': 'NY', 'postalCode': '11001', 'addressCountry': 'US', 'streetAddress': '27 Covert Avenue'}","{'@type': 'GeoCoordinates', 'latitude': 40.7222904, 'longitude': -73.688547}","{'@type': 'AggregateRating', 'ratingValue': 3.1, 'reviewCount': '13'}"
Los Amigos deli corp,https://www.ubereats.com/nyc-suburbs/food-delivery/los-amigos-deli-corp/Luhv0cK4SZW5JbHQCjIlew,carle-place-new-york,"['Thai', 'Asian', 'Noodles']",,,$,40.711875,-73.6258874,+16317961751,11550,156 Main St,Hempstead,NY,"[{'@type': 'OpeningHoursSpecification', 'dayOfWeek': 'Sunday', 'opens': '7:0', 'closes': '20:0'}, {'@type': 'OpeningHoursSpecification', 'dayOfWeek': 'Sunday', 'opens': '7:0', 'closes': '20:0'}, {'@type': 'OpeningHoursSpecification', 'dayOfWeek': ['Monday', 'Tuesday', 'Wednesday', 'Thursday', 'Friday', 'Saturday'], 'opens': '6:0', 'closes': '22:0'}, {'@type': 'OpeningHoursSpecification', 'dayOfWeek': ['Monday', 'Tuesday', 'Wednesday', 'Thursday', 'Friday', 'Saturday'], 'opens': '6:0', 'closes': '22:0'}]","{'@type': 'PostalAddress', 'addressLocality': 'Hempstead', 'addressRegion': 'NY', 'postalCode': '11550', 'addressCountry': 'US', 'streetAddress': '156 Main St'}","{'@type': 'GeoCoordinates', 'latitude': 40.711875, 'longitude': -73.6258874}",{}
,https://www.ubereats.com/nyc-suburbs/food-delivery/modoo-chicken-%26-noodle-bar-bayside/oGirGz2VSvS4lwimPb8ENA,carle-place-new-york,,,,,,,,,,,,,,,
Geras Cakes County Deli,https://www.ubereats.com/nyc-suburbs/food-delivery/geras-cakes-county-deli/38O36f1zRzuK6mV6o6bcFQ,carle-place-new-york,"['Bakery', 'Cafe', 'Peruvian']",,,$,40.740048,-73.6343734,+15163079195,11501,110 Old Country Rd,Mineola,NY,"[{'@type': 'OpeningHoursSpecification', 'dayOfWeek': 'Sunday', 'opens': '10:0', 'closes': '17:0'}, {'@type': 'OpeningHoursSpecification', 'dayOfWeek': 'Sunday', 'opens': '12:0', 'closes': '16:0'}, {'@type': 'OpeningHoursSpecification', 'dayOfWeek': 'Sunday', 'opens': '16:0', 'closes': '19:0'}, {'@type': 'OpeningHoursSpecification', 'dayOfWeek': 'Monday', 'opens': '12:0', 'closes': '16:0'}, {'@type': 'OpeningHoursSpecification', 'dayOfWeek': 'Monday', 'opens': '16:0', 'closes': '19:0'}, {'@type': 'OpeningHoursSpecification', 'dayOfWeek': ['Wednesday', 'Thursday', 'Friday'], 'opens': '12:0', 'closes': '16:0'}, {'@type': 'OpeningHoursSpecification', 'dayOfWeek': ['Wednesday', 'Thursday', 'Friday'], 'opens': '16:0', 'closes': '19:0'}, {'@type': 'OpeningHoursSpecification', 'dayOfWeek': 'Saturday', 'opens': '10:0', 'closes': '17:0'}, {'@type': 'OpeningHoursSpecification', 'dayOfWeek': 'Saturday', 'opens': '12:0', 'closes': '16:0'}, {'@type': 'OpeningHoursSpecification', 'dayOfWeek': 'Saturday', 'opens': '16:0', 'closes': '19:0'}]","{'@type': 'PostalAddress', 'addressLocality': 'Mineola', 'addressRegion': 'NY', 'postalCode': '11501', 'addressCountry': 'US', 'streetAddress': '110 Old Country Rd'}","{'@type': 'GeoCoordinates', 'latitude': 40.740048, 'longitude': -73.6343734}",{}
IHOP - Manhasset,https://www.ubereats.com/nyc-suburbs/food-delivery/ihop-manhasset/CtVfohCjTpOdpQWPj0QhtQ,carle-place-new-york,"['Breakfast and Brunch', 'Traditional American', 'Sandwich', 'Family Meals']",4.6,381,$$,40.793847,-73.687892,+15163652732,11030,1586 Northern Blvd,Manhasset,NY,"[{'@type': 'OpeningHoursSpecification', 'dayOfWeek': ['Monday', 'Tuesday', 'Wednesday', 'Thursday', 'Friday', 'Saturday', 'Sunday'], 'opens': '7:0', 'closes': '20:50'}]","{'@type': 'PostalAddress', 'addressLocality': 'Manhasset', 'addressRegion': 'NY', 'postalCode': '11030', 'addressCountry': 'US', 'streetAddress': '1586 Northern Blvd'}","{'@type': 'GeoCoordinates', 'latitude': 40.793847, 'longitude': -73.687892}","{'@type': 'AggregateRating', 'ratingValue': 4.6, 'reviewCount': '381'}"
The Ice Cream Shop ,https://www.ubereats.com/nyc-suburbs/food-delivery/the-ice-cream-shop/F1DsOF7vQBKZfKI59sca2w,carle-place-new-york,"['Desserts', 'Ice Cream and Frozen Yogurt']",3.7,69,$,40.7645285,-73.5196368,+15166127928,,,,,"[{'@type': 'OpeningHoursSpecification', 'dayOfWeek': ['Monday', 'Tuesday', 'Wednesday', 'Thursday', 'Friday', 'Saturday', 'Sunday'], 'opens': '0:0', 'closes': '23:59'}]",,"{'@type': 'GeoCoordinates', 'latitude': 40.7645285, 'longitude': -73.5196368}","{'@type': 'AggregateRating', 'ratingValue': 3.7, 'reviewCount': '69'}"
Garden City Pizza,https://www.ubereats.com/nyc-suburbs/food-delivery/garden-city-pizza/2TnV965oR3WI_lyeD6KGbQ,carle-place-new-york,"['Pizza', 'American', 'Italian']",5.0,10,$,40.7249276,-73.6341549,+15162942929,11530,670 Franklin Ave,Garden City,NY,"[{'@type': 'OpeningHoursSpecification', 'dayOfWeek': ['Monday', 'Tuesday', 'Wednesday'], 'opens': '10:30', 'closes': '19:0'}, {'@type': 'OpeningHoursSpecification', 'dayOfWeek': ['Thursday', 'Friday'], 'opens': '10:30', 'closes': '20:0'}, {'@type': 'OpeningHoursSpecification', 'dayOfWeek': 'Saturday', 'opens': '11:30', 'closes': '20:0'}]","{'@type': 'PostalAddress', 'addressLocality': 'Garden City', 'addressRegion': 'NY', 'postalCode': '11530', 'addressCountry': 'US', 'streetAddress': '670 Franklin Ave'}","{'@type': 'GeoCoordinates', 'latitude': 40.7249276, 'longitude': -73.6341549}","{'@type': 'AggregateRating', 'ratingValue': 5, 'reviewCount': '10'}"
Salvatore Italian Bites,https://www.ubereats.com/nyc-suburbs/food-delivery/salvatore-italian-bites/Q8Pxdm5CTNO8wesgCIjMLA,carle-place-new-york,"['Italian', 'Pasta', 'Comfort Food', 'Family Meals']",4.4,11,$,40.7510829,-73.5750788,+16313566144,11590,625 Old Country Rd,Westbury,NY,"[{'@type': 'OpeningHoursSpecification', 'dayOfWeek': ['Sunday', 'Monday', 'Tuesday'], 'opens': '10:0', 'closes': '22:0'}, {'@type': 'OpeningHoursSpecification', 'dayOfWeek': 'Wednesday', 'opens': '10:0', 'closes': '22:0'}, {'@type': 'OpeningHoursSpecification', 'dayOfWeek': 'Wednesday', 'opens': '11:0', 'closes': '22:0'}, {'@type': 'OpeningHoursSpecification', 'dayOfWeek': 'Thursday', 'opens': '10:0', 'closes': '22:0'}, {'@type': 'OpeningHoursSpecification', 'dayOfWeek': 'Friday', 'opens': '10:0', 'closes': '22:0'}, {'@type': 'OpeningHoursSpecification', 'dayOfWeek': 'Friday', 'opens': '11:0', 'closes': '22:0'}, {'@type': 'OpeningHoursSpecification', 'dayOfWeek': 'Saturday', 'opens': '10:0', 'closes': '22:0'}]","{'@type': 'PostalAddress', 'addressLocality': 'Westbury', 'addressRegion': 'NY', 'postalCode': '11590', 'addressCountry': 'US', 'streetAddress': '625 Old Country Rd'}","{'@type': 'GeoCoordinates', 'latitude': 40.7510829, 'longitude': -73.5750788}","{'@type': 'AggregateRating', 'ratingValue': 4.4, 'reviewCount': '11'}"
,https://www.ubereats.com/nyc-suburbs/food-delivery/sagar-chinese-bellerose/x3o1Co7RReq09NTKf5tQEw,carle-place-new-york,,,,,,,,,,,,,,,
On the Border - Hicksville,https://www.ubereats.com/nyc-suburbs/food-delivery/on-the-border-hicksville/3zN_eDYwQeOiLnt16e9ilA,carle-place-new-york,"['Mexican', 'Sandwich', 'Family Meals']",4.7,89,$$,40.7728,-73.5293,+15163427777,11801,200 Broadway Mall,Hicksville,NY,"[{'@type': 'OpeningHoursSpecification', 'dayOfWeek': ['Monday', 'Tuesday', 'Wednesday', 'Thursday', 'Friday', 'Saturday', 'Sunday'], 'opens': '11:0', 'closes': '21:0'}]","{'@type': 'PostalAddress', 'addressLocality': 'Hicksville', 'addressRegion': 'NY', 'postalCode': '11801', 'addressCountry': 'US', 'streetAddress': '200 Broadway Mall'}","{'@type': 'GeoCoordinates', 'latitude': 40.7728, 'longitude': -73.5293}","{'@type': 'AggregateRating', 'ratingValue': 4.7, 'reviewCount': '89'}"
Hibachi and Noodle Japan,https://www.ubereats.com/nyc-suburbs/food-delivery/hibachi-and-noodle-japan/M81L99L8Rv2_DJHrPXQvow,carle-place-new-york,"['Ramen', 'Japanese', 'Comfort Food']",4.6,96,$,40.7497334,-73.5193223,+16312236797,11801,416 Jerusalem Ave,Hicksville,NY,"[{'@type': 'OpeningHoursSpecification', 'dayOfWeek': 'Sunday', 'opens': '12:0', 'closes': '21:0'}, {'@type': 'OpeningHoursSpecification', 'dayOfWeek': 'Sunday', 'opens': '11:0', 'closes': '15:30'}, {'@type': 'OpeningHoursSpecification', 'dayOfWeek': ['Monday', 'Tuesday', 'Wednesday', 'Thursday'], 'opens': '11:0', 'closes': '21:0'}, {'@type': 'OpeningHoursSpecification', 'dayOfWeek': ['Monday', 'Tuesday', 'Wednesday', 'Thursday'], 'opens': '11:0', 'closes': '15:30'}, {'@type': 'OpeningHoursSpecification', 'dayOfWeek': ['Friday', 'Saturday'], 'opens': '11:0', 'closes': '22:0'}, {'@type': 'OpeningHoursSpecification', 'dayOfWeek': ['Friday', 'Saturday'], 'opens': '11:0', 'closes': '15:30'}]","{'@type': 'PostalAddress', 'addressLocality': 'Hicksville', 'addressRegion': 'NY', 'postalCode': '11801', 'addressCountry': 'US', 'streetAddress': '416 Jerusalem Ave'}","{'@type': 'GeoCoordinates', 'latitude': 40.7497334, 'longitude': -73.5193223}","{'@type': 'AggregateRating', 'ratingValue': 4.6, 'reviewCount': '96'}"
La Union Restaurant,https://www.ubereats.com/nyc-suburbs/food-delivery/la-union-restaurant/Y3KhbgXZRNSxH5fBqwVf7g,carle-place-new-york,"['Mexican', 'Latin American']",4.6,10,$$,40.709238,-73.627465,+15165674608,11550,102 N Franklin St,Hempstead,New York,"[{'@type': 'OpeningHoursSpecification', 'dayOfWeek': 'Sunday', 'opens': '11:0', 'closes': '1:50'}, {'@type': 'OpeningHoursSpecification', 'dayOfWeek': 'Sunday', 'opens': '10:0', 'closes': '2:0'}, {'@type': 'OpeningHoursSpecification', 'dayOfWeek': ['Monday', 'Tuesday', 'Wednesday', 'Thursday'], 'opens': '11:0', 'closes': '1:50'}, {'@type': 'OpeningHoursSpecification', 'dayOfWeek': ['Friday', 'Saturday'], 'opens': '11:0', 'closes': '1:50'}, {'@type': 'OpeningHoursSpecification', 'dayOfWeek': ['Friday', 'Saturday'], 'opens': '11:0', 'closes': '3:0'}]","{'@type': 'PostalAddress', 'addressLocality': 'Hempstead', 'addressRegion': 'New York', 'postalCode': '11550', 'addressCountry': 'US', 'streetAddress': '102 N Franklin St'}","{'@type': 'GeoCoordinates', 'latitude': 40.709238, 'longitude': -73.627465}","{'@type': 'AggregateRating', 'ratingValue': 4.6, 'reviewCount': '10'}"
Mama Gina's (Jerusalem Ave),https://www.ubereats.com/nyc-suburbs/food-delivery/mama-ginas-jerusalem-ave/4kH0YP-QS1y-Sgg1K2OP8A,carle-place-new-york,"['Italian', 'Pasta', 'Comfort Food']",,,$,40.691545,-73.54153699999999,+15168266449,11710,2453 Jerusalem Ave,North Bellmore,NY,"[{'@type': 'OpeningHoursSpecification', 'dayOfWeek': 'Sunday', 'opens': '0:0', 'closes': '21:0'}, {'@type': 'OpeningHoursSpecification', 'dayOfWeek': 'Monday', 'opens': '11:0', 'closes': '20:30'}, {'@type': 'OpeningHoursSpecification', 'dayOfWeek': ['Tuesday', 'Wednesday', 'Thursday', 'Friday', 'Saturday'], 'opens': '11:0', 'closes': '21:0'}]","{'@type': 'PostalAddress', 'addressLocality': 'North Bellmore', 'addressRegion': 'NY', 'postalCode': '11710', 'addressCountry': 'US', 'streetAddress': '2453 Jerusalem Ave'}","{'@type': 'GeoCoordinates', 'latitude': 40.691545, 'longitude': -73.54153699999999}",{}
Churrasqueria Génesis Restaurant 2,https://www.ubereats.com/nyc-suburbs/food-delivery/churrasqueria-genesis-restaurant-2/uXImApZKTAycrWqH0yweRg,carle-place-new-york,"['Spanish', 'Seafood', 'Mediterranean', 'BBQ']",4.6,21,$,40.7010576,-73.6279112,+15165067447,,,,,"[{'@type': 'OpeningHoursSpecification', 'dayOfWeek': ['Sunday', 'Monday', 'Tuesday'], 'opens': '11:0', 'closes': '20:0'}, {'@type': 'OpeningHoursSpecification', 'dayOfWeek': ['Sunday', 'Monday', 'Tuesday'], 'opens': '11:0', 'closes': '13:45'}, {'@type': 'OpeningHoursSpecification', 'dayOfWeek': ['Thursday', 'Friday', 'Saturday'], 'opens': '11:0', 'closes': '20:0'}, {'@type': 'OpeningHoursSpecification', 'dayOfWeek': ['Thursday', 'Friday', 'Saturday'], 'opens': '11:0', 'closes': '13:45'}]",,"{'@type': 'GeoCoordinates', 'latitude': 40.7010576, 'longitude': -73.6279112}","{'@type': 'AggregateRating', 'ratingValue': 4.6, 'reviewCount': '21'}"
Lazzat Indian Restaurant - Nassau,https://www.ubereats.com/nyc-suburbs/food-delivery/lazzat-indian-restaurant-nassau/KKgbdQLWQvOndKV1XeKWmg,carle-place-new-york,"['Indian', 'Seafood', 'Vegetarian Friendly']",4.6,173,$,40.6721698,-73.5095291,+15168266060,11793,3245 Sunrise Hwy,Wantagh,NY,"[{'@type': 'OpeningHoursSpecification', 'dayOfWeek': ['Monday', 'Tuesday', 'Wednesday', 'Thursday', 'Friday', 'Saturday', 'Sunday'], 'opens': '11:30', 'closes': '20:30'}]","{'@type': 'PostalAddress', 'addressLocality': 'Wantagh', 'addressRegion': 'NY', 'postalCode': '11793', 'addressCountry': 'US', 'streetAddress': '3245 Sunrise Hwy'}","{'@type': 'GeoCoordinates', 'latitude': 40.6721698, 'longitude': -73.5095291}","{'@type': 'AggregateRating', 'ratingValue': 4.6, 'reviewCount': '173'}"
Zorn's,https://www.ubereats.com/nyc-suburbs/food-delivery/zorns/RiVN6XlTT3e7FlT-dJDz3g,carle-place-new-york,"['American', 'Comfort Food', 'Southern', 'Kids Friendly', 'Sandwich', 'Desserts']",4.6,133,$$,40.662303,-73.533624,+15168268000,11710,2495 Merrick Rd,Bellmore,New York,"[{'@type': 'OpeningHoursSpecification', 'dayOfWeek': 'Sunday', 'opens': '12:0', 'closes': '19:0'}, {'@type': 'OpeningHoursSpecification', 'dayOfWeek': 'Monday', 'opens': '15:0', 'closes': '19:0'}, {'@type': 'OpeningHoursSpecification', 'dayOfWeek': ['Wednesday', 'Thursday', 'Friday'], 'opens': '15:0', 'closes': '19:0'}, {'@type': 'OpeningHoursSpecification', 'dayOfWeek': 'Saturday', 'opens': '12:0', 'closes': '19:0'}]","{'@type': 'PostalAddress', 'addressLocality': 'Bellmore', 'addressRegion': 'New York', 'postalCode': '11710', 'addressCountry': 'US', 'streetAddress': '2495 Merrick Rd'}","{'@type': 'GeoCoordinates', 'latitude': 40.662303, 'longitude': -73.533624}","{'@type': 'AggregateRating', 'ratingValue': 4.6, 'reviewCount': '133'}"
Gino's of Carle Place,https://www.ubereats.com/nyc-suburbs/food-delivery/ginos-of-carle-place/VQd1Les4TB-5m4dsHi1MPA,carle-place-new-york,"['Pizza', 'Pasta', 'Italian']",,,$,40.7509637,-73.60509619999999,+15168768880,11514,510 Westbury Ave,Carle Place,NY,"[{'@type': 'OpeningHoursSpecification', 'dayOfWeek': 'Sunday', 'opens': '11:30', 'closes': '21:30'}, {'@type': 'OpeningHoursSpecification', 'dayOfWeek': 'Sunday', 'opens': '10:0', 'closes': '21:0'}, {'@type': 'OpeningHoursSpecification', 'dayOfWeek': ['Monday', 'Tuesday', 'Wednesday', 'Thursday'], 'opens': '10:30', 'closes': '21:30'}, {'@type': 'OpeningHoursSpecification', 'dayOfWeek': ['Monday', 'Tuesday', 'Wednesday', 'Thursday'], 'opens': '10:0', 'closes': '21:0'}, {'@type': 'OpeningHoursSpecification', 'dayOfWeek': 'Friday', 'opens': '10:30', 'closes': '22:30'}, {'@type': 'OpeningHoursSpecification', 'dayOfWeek': 'Friday', 'opens': '10:0', 'closes': '22:0'}, {'@type': 'OpeningHoursSpecification', 'dayOfWeek': 'Saturday', 'opens': '10:30', 'closes': '21:30'}, {'@type': 'OpeningHoursSpecification', 'dayOfWeek': 'Saturday', 'opens': '10:0', 'closes': '21:0'}]","{'@type': 'PostalAddress', 'addressLocality': 'Carle Place', 'addressRegion': 'NY', 'postalCode': '11514', 'addressCountry': 'US', 'streetAddress': '510 Westbury Ave'}","{'@type': 'GeoCoordinates', 'latitude': 40.7509637, 'longitude': -73.60509619999999}",{}
Chipotle Mexican Grill (528 Jericho Tpke Ste A),https://www.ubereats.com/nyc-suburbs/food-delivery/chipotle-mexican-grill-528-jericho-tpke-ste-a/hn1TccDhR8mwXu2AP2ebfw,carle-place-new-york,"['Healthy', 'Mexican']",4.4,188,$,40.7447711,-73.6559771,+15162940709,11501,528 Jericho Tpke Ste A,Mineola,NY,"[{'@type': 'OpeningHoursSpecification', 'dayOfWeek': ['Monday', 'Tuesday', 'Wednesday', 'Thursday', 'Friday', 'Saturday', 'Sunday'], 'opens': '10:45', 'closes': '21:40'}]","{'@type': 'PostalAddress', 'addressLocality': 'Mineola', 'addressRegion': 'NY', 'postalCode': '11501', 'addressCountry': 'US', 'streetAddress': '528 Jericho Tpke Ste A'}","{'@type': 'GeoCoordinates', 'latitude': 40.7447711, 'longitude': -73.6559771}","{'@type': 'AggregateRating', 'ratingValue': 4.4, 'reviewCount': '188'}"
Modoo Chicken & Noodle Bar- Bayside,https://www.ubereats.com/new-york/food-delivery/modoo-chicken-%26-noodle-bar-bayside/oGirGz2VSvS4lwimPb8ENA,carle-place-new-york,"['Korean', 'Ramen']",4.6,181,$$,40.761144,-73.765198,+13478368382,,,,,"[{'@type': 'OpeningHoursSpecification', 'dayOfWeek': 'Sunday', 'opens': '12:0', 'closes': '21:0'}, {'@type': 'OpeningHoursSpecification', 'dayOfWeek': ['Monday', 'Tuesday', 'Wednesday', 'Thursday', 'Friday'], 'opens': '12:0', 'closes': '21:0'}, {'@type': 'OpeningHoursSpecification', 'dayOfWeek': ['Monday', 'Tuesday', 'Wednesday', 'Thursday', 'Friday'], 'opens': '12:0', 'closes': '15:0'}, {'@type': 'OpeningHoursSpecification', 'dayOfWeek': 'Saturday', 'opens': '12:0', 'closes': '21:0'}]",,"{'@type': 'GeoCoordinates', 'latitude': 40.761144, 'longitude': -73.765198}","{'@type': 'AggregateRating', 'ratingValue': 4.6, 'reviewCount': '181'}"
Starbucks (Wheatly Plaza-Greenvale),https://www.ubereats.com/nyc-suburbs/food-delivery/starbucks-wheatly-plaza-greenvale/51wygt-sQieX8LCZiZMvMw,carle-place-new-york,"['Bakery', 'Breakfast and Brunch', 'Cafe', 'Coffee & Tea']",4.8,67,$,40.8096248,-73.6274864,+15164849146,11548,132 WHEATLEY PLZ,Greenvale,NY,"[{'@type': 'OpeningHoursSpecification', 'dayOfWeek': 'Sunday', 'opens': '6:30', 'closes': '20:0'}, {'@type': 'OpeningHoursSpecification', 'dayOfWeek': ['Monday', 'Tuesday', 'Wednesday', 'Thursday', 'Friday'], 'opens': '6:0', 'closes': '20:0'}, {'@type': 'OpeningHoursSpecification', 'dayOfWeek': 'Saturday', 'opens': '6:30', 'closes': '20:0'}]","{'@type': 'PostalAddress', 'addressLocality': 'Greenvale', 'addressRegion': 'NY', 'postalCode': '11548', 'addressCountry': 'US', 'streetAddress': '132 WHEATLEY PLZ'}","{'@type': 'GeoCoordinates', 'latitude': 40.8096248, 'longitude': -73.6274864}","{'@type': 'AggregateRating', 'ratingValue': 4.8, 'reviewCount': '67'}"
Celebrity Diner,https://www.ubereats.com/nyc-suburbs/food-delivery/celebrity-diner/ZhNBtD15RV6c7zA60hzaIA,carle-place-new-york,"['Breakfast and Brunch', 'American', 'Sandwiches']",,,$,40.809977,-73.5047912,+15163641970,11791,312 Jericho Tpke,Syosset,NY,"[{'@type': 'OpeningHoursSpecification', 'dayOfWeek': ['Sunday', 'Monday', 'Tuesday', 'Wednesday', 'Thursday'], 'opens': '10:30', 'closes': '19:45'}, {'@type': 'OpeningHoursSpecification', 'dayOfWeek': ['Sunday', 'Monday', 'Tuesday', 'Wednesday', 'Thursday'], 'opens': '10:30', 'closes': '20:0'}, {'@type': 'OpeningHoursSpecification', 'dayOfWeek': ['Sunday', 'Monday', 'Tuesday', 'Wednesday', 'Thursday'], 'opens': '11:0', 'closes': '22:0'}, {'@type': 'OpeningHoursSpecification', 'dayOfWeek': ['Friday', 'Saturday'], 'opens': '10:30', 'closes': '19:45'}, {'@type': 'OpeningHoursSpecification', 'dayOfWeek': ['Friday', 'Saturday'], 'opens': '10:30', 'closes': '20:0'}, {'@type': 'OpeningHoursSpecification', 'dayOfWeek': ['Friday', 'Saturday'], 'opens': '11:0', 'closes': '23:0'}]","{'@type': 'PostalAddress', 'addressLocality': 'Syosset', 'addressRegion': 'NY', 'postalCode': '11791', 'addressCountry': 'US', 'streetAddress': '312 Jericho Tpke'}","{'@type': 'GeoCoordinates', 'latitude': 40.809977, 'longitude': -73.5047912}",{}
Auntie Anne's (640 Old Country Rd),https://www.ubereats.com/nyc-suburbs/food-delivery/auntie-annes-640-old-country-rd/G2nbO8j0SCW8LYVGo-X7kg,carle-place-new-york,"['Bakery', 'Comfort Food', 'Desserts', 'Pretzel']",,,$,40.74297960000001,-73.6140602,+18884845450,11530,640 Old Country Rd,Garden City,NY,"[{'@type': 'OpeningHoursSpecification', 'dayOfWeek': 'Sunday', 'opens': '12:15', 'closes': '17:45'}, {'@type': 'OpeningHoursSpecification', 'dayOfWeek': ['Monday', 'Tuesday', 'Wednesday', 'Thursday', 'Friday', 'Saturday'], 'opens': '11:15', 'closes': '18:45'}]","{'@type': 'PostalAddress', 'addressLocality': 'Garden City', 'addressRegion': 'NY', 'postalCode': '11530', 'addressCountry': 'US', 'streetAddress': '640 Old Country Rd'}","{'@type': 'GeoCoordinates', 'latitude': 40.74297960000001, 'longitude': -73.6140602}",{}
Cold Stone Creamery - Levittown,https://www.ubereats.com/nyc-suburbs/food-delivery/cold-stone-creamery-levittown/TLTJg5YOSFaHR32FIw9eOA,carle-place-new-york,"['Ice Cream and Frozen Yogurt', 'Desserts', 'Smoothies']",4.4,500,$$,40.726078,-73.505065,+15167963500,11756,3535 Hempstead Turnpike,Levittown,NY,"[{'@type': 'OpeningHoursSpecification', 'dayOfWeek': ['Monday', 'Tuesday', 'Wednesday', 'Thursday', 'Friday', 'Saturday', 'Sunday'], 'opens': '11:0', 'closes': '0:0'}]","{'@type': 'PostalAddress', 'addressLocality': 'Levittown', 'addressRegion': 'NY', 'postalCode': '11756', 'addressCountry': 'US', 'streetAddress': '3535 Hempstead Turnpike'}","{'@type': 'GeoCoordinates', 'latitude': 40.726078, 'longitude': -73.505065}","{'@type': 'AggregateRating', 'ratingValue': 4.4, 'reviewCount': '500'}"
Linda's Restaurant,https://www.ubereats.com/nyc-suburbs/food-delivery/lindas-restaurant/Bv-R6pM8QfCtRXfFuWc-vw,carle-place-new-york,"['Mexican', 'Salads', 'Sandwich', 'Juice and Smoothies']",,,$,40.7086423,-73.6248679,+15165656434,11550,71A Main St,Hempstead,NY,"[{'@type': 'OpeningHoursSpecification', 'dayOfWeek': ['Monday', 'Tuesday', 'Wednesday', 'Thursday', 'Friday', 'Saturday', 'Sunday'], 'opens': '11:0', 'closes': '1:0'}]","{'@type': 'PostalAddress', 'addressLocality': 'Hempstead', 'addressRegion': 'NY', 'postalCode': '11550', 'addressCountry': 'US', 'streetAddress': '71A Main St'}","{'@type': 'GeoCoordinates', 'latitude': 40.7086423, 'longitude': -73.6248679}",{}
The Bagel Place Caterers,https://www.ubereats.com/nyc-suburbs/food-delivery/the-bagel-place-caterers/7uXuBuKORlW8yPr0TlZrgQ,carle-place-new-york,"['Breakfast & Brunch', 'Sandwich', 'Salads']",,,$$,40.70605140000001,-73.5687758,+15163206457,11554,487 Bellmore Ave,NYC Suburbs,NY,"[{'@type': 'OpeningHoursSpecification', 'dayOfWeek': 'Sunday', 'opens': '5:0', 'closes': '13:0'}, {'@type': 'OpeningHoursSpecification', 'dayOfWeek': 'Sunday', 'opens': '5:0', 'closes': '16:0'}, {'@type': 'OpeningHoursSpecification', 'dayOfWeek': 'Sunday', 'opens': '5:0', 'closes': '16:0'}, {'@type': 'OpeningHoursSpecification', 'dayOfWeek': 'Sunday', 'opens': '5:0', 'closes': '16:0'}, {'@type': 'OpeningHoursSpecification', 'dayOfWeek': ['Monday', 'Tuesday', 'Wednesday', 'Thursday', 'Friday'], 'opens': '5:0', 'closes': '13:0'}, {'@type': 'OpeningHoursSpecification', 'dayOfWeek': ['Monday', 'Tuesday', 'Wednesday', 'Thursday', 'Friday'], 'opens': '5:0', 'closes': '15:0'}, {'@type': 'OpeningHoursSpecification', 'dayOfWeek': ['Monday', 'Tuesday', 'Wednesday', 'Thursday', 'Friday'], 'opens': '5:0', 'closes': '15:0'}, {'@type': 'OpeningHoursSpecification', 'dayOfWeek': 'Saturday', 'opens': '5:0', 'closes': '13:0'}, {'@type': 'OpeningHoursSpecification', 'dayOfWeek': 'Saturday', 'opens': '5:0', 'closes': '16:0'}, {'@type': 'OpeningHoursSpecification', 'dayOfWeek': 'Saturday', 'opens': '5:0', 'closes': '16:0'}, {'@type': 'OpeningHoursSpecification', 'dayOfWeek': 'Saturday', 'opens': '5:0', 'closes': '16:0'}]","{'@type': 'PostalAddress', 'addressLocality': 'NYC Suburbs', 'addressRegion': 'NY', 'postalCode': '11554', 'addressCountry': 'US', 'streetAddress': '487 Bellmore Ave'}","{'@type': 'GeoCoordinates', 'latitude': 40.70605140000001, 'longitude': -73.5687758}",{}
,https://www.ubereats.com/nyc-suburbs/food-delivery/surya-sweets-%26-snacks/1MiqeuDFTGWj3bn7-8PLow,carle-place-new-york,,,,,,,,,,,,,,,
My Three Sons Bagel Cafe,https://www.ubereats.com/nyc-suburbs/food-delivery/my-three-sons-bagel-cafe/k4DujUUERUOSeK901a-bkg,carle-place-new-york,"['Breakfast and Brunch', 'American', 'Sandwiches']",4.8,500,$,40.7146723,-73.6611171,+15164089998,,,,,"[{'@type': 'OpeningHoursSpecification', 'dayOfWeek': ['Monday', 'Tuesday', 'Wednesday', 'Thursday', 'Friday', 'Saturday', 'Sunday'], 'opens': '7:0', 'closes': '13:0'}]",,"{'@type': 'GeoCoordinates', 'latitude': 40.7146723, 'longitude': -73.6611171}","{'@type': 'AggregateRating', 'ratingValue': 4.8, 'reviewCount': '500'}"
Way of Life Healthy Cafe,https://www.ubereats.com/nyc-suburbs/food-delivery/way-of-life-healthy-cafe/-qdWpoOjQ3-XTzIUdJuthg,carle-place-new-york,"['American', 'Salads', 'Burgers']",4.7,110,$,40.8118438,-73.4965489,+15162261764,11791,565 Jericho Turnpike Ste 103,Syosse,NY,"[{'@type': 'OpeningHoursSpecification', 'dayOfWeek': ['Monday', 'Tuesday', 'Wednesday', 'Thursday', 'Friday'], 'opens': '9:30', 'closes': '19:0'}, {'@type': 'OpeningHoursSpecification', 'dayOfWeek': 'Saturday', 'opens': '10:30', 'closes': '15:0'}]","{'@type': 'PostalAddress', 'addressLocality': 'Syosse', 'addressRegion': 'NY', 'postalCode': '11791', 'addressCountry': 'US', 'streetAddress': '565 Jericho Turnpike Ste 103'}","{'@type': 'GeoCoordinates', 'latitude': 40.8118438, 'longitude': -73.4965489}","{'@type': 'AggregateRating', 'ratingValue': 4.7, 'reviewCount': '110'}"
Tipico NY Rest Inc.,https://www.ubereats.com/nyc-suburbs/food-delivery/tipico-ny-rest-inc/9doPQSNoSO2ANNDldyMq1w,carle-place-new-york,"['Latin American', 'Latin Fusion', 'Seafood']",,,$$,40.709346,-73.628028,+15164833344,11550,109 N Franklin St,Hempstead,New York,"[{'@type': 'OpeningHoursSpecification', 'dayOfWeek': ['Monday', 'Tuesday', 'Wednesday', 'Thursday', 'Friday', 'Saturday', 'Sunday'], 'opens': '2:0', 'closes': '2:10'}]","{'@type': 'PostalAddress', 'addressLocality': 'Hempstead', 'addressRegion': 'New York', 'postalCode': '11550', 'addressCountry': 'US', 'streetAddress': '109 N Franklin St'}","{'@type': 'GeoCoordinates', 'latitude': 40.709346, 'longitude': -73.628028}",{}
Patsys Pizzeria,https://www.ubereats.com/nyc-suburbs/food-delivery/patsys-pizzeria/ReXWpv-OTW2-LrvdznGPrg,carle-place-new-york,"['Pizza', 'Italian', 'Salads']",,,$,40.739971,-73.613576,+19176846981,11530,630 Old Country Rd,Garden City,New York,"[{'@type': 'OpeningHoursSpecification', 'dayOfWeek': ['Monday', 'Tuesday', 'Wednesday', 'Thursday', 'Friday', 'Saturday', 'Sunday'], 'opens': '10:0', 'closes': '21:0'}]","{'@type': 'PostalAddress', 'addressLocality': 'Garden City', 'addressRegion': 'New York', 'postalCode': '11530', 'addressCountry': 'US', 'streetAddress': '630 Old Country Rd'}","{'@type': 'GeoCoordinates', 'latitude': 40.739971, 'longitude': -73.613576}",{}
Checkers (461 Fulton Ave),https://www.ubereats.com/nyc-suburbs/food-delivery/checkers-461-fulton-ave/5hn0yte6TvOzwMdwLUlQgQ,carle-place-new-york,"['American', 'burger']",4.4,206,$,40.7099503,-73.61589459999999,+15165652906,11550,461 Fulton Ave,Hempstead,NY,"[{'@type': 'OpeningHoursSpecification', 'dayOfWeek': ['Sunday', 'Monday', 'Tuesday', 'Wednesday'], 'opens': '11:0', 'closes': '1:30'}, {'@type': 'OpeningHoursSpecification', 'dayOfWeek': ['Thursday', 'Friday', 'Saturday'], 'opens': '11:0', 'closes': '2:30'}]","{'@type': 'PostalAddress', 'addressLocality': 'Hempstead', 'addressRegion': 'NY', 'postalCode': '11550', 'addressCountry': 'US', 'streetAddress': '461 Fulton Ave'}","{'@type': 'GeoCoordinates', 'latitude': 40.7099503, 'longitude': -73.61589459999999}","{'@type': 'AggregateRating', 'ratingValue': 4.4, 'reviewCount': '206'}"
TR's Great American,https://www.ubereats.com/nyc-suburbs/food-delivery/trs-great-american/UcC89d2TSkyJZiEY4s8fBw,carle-place-new-york,"['Chicken', 'Sandwich', 'Salads']",4.4,15,$,40.7574412,-73.63998459999999,+15162941680,11596,17 Hillside Avenue,Williston Park,NY,"[{'@type': 'OpeningHoursSpecification', 'dayOfWeek': 'Sunday', 'opens': '14:0', 'closes': '20:0'}, {'@type': 'OpeningHoursSpecification', 'dayOfWeek': ['Monday', 'Tuesday', 'Wednesday', 'Thursday', 'Friday'], 'opens': '16:0', 'closes': '20:0'}, {'@type': 'OpeningHoursSpecification', 'dayOfWeek': 'Saturday', 'opens': '16:0', 'closes': '20:0'}, {'@type': 'OpeningHoursSpecification', 'dayOfWeek': 'Saturday', 'opens': '14:0', 'closes': '20:0'}]","{'@type': 'PostalAddress', 'addressLocality': 'Williston Park', 'addressRegion': 'NY', 'postalCode': '11596', 'addressCountry': 'US', 'streetAddress': '17 Hillside Avenue'}","{'@type': 'GeoCoordinates', 'latitude': 40.7574412, 'longitude': -73.63998459999999}","{'@type': 'AggregateRating', 'ratingValue': 4.4, 'reviewCount': '15'}"
The Meadow,https://www.ubereats.com/nyc-suburbs/food-delivery/the-meadow/TNMSIffFRyyaJaE0xK8fFw,carle-place-new-york,"['Burgers', 'American', 'Sandwiches']",,,$,40.711455,-73.5444819,+15165420723,11554,470 New Bridge Rd,East Meadow,NY,"[{'@type': 'OpeningHoursSpecification', 'dayOfWeek': 'Sunday', 'opens': '12:0', 'closes': '23:59'}, {'@type': 'OpeningHoursSpecification', 'dayOfWeek': ['Tuesday', 'Wednesday', 'Thursday', 'Friday', 'Saturday'], 'opens': '12:0', 'closes': '23:59'}]","{'@type': 'PostalAddress', 'addressLocality': 'East Meadow', 'addressRegion': 'NY', 'postalCode': '11554', 'addressCountry': 'US', 'streetAddress': '470 New Bridge Rd'}","{'@type': 'GeoCoordinates', 'latitude': 40.711455, 'longitude': -73.5444819}",{}
Thanaree thai kitchen,https://www.ubereats.com/nyc-suburbs/food-delivery/thanaree-thai-kitchen/ogMPVlsDR-W_ncu8CAV16Q,carle-place-new-york,"['Thai', 'Asian', 'Asian Fusion']",4.6,194,$,40.675827,-73.539431,+15169001228,11710,1902 Newbridge Rd,North Bellmore,NY,"[{'@type': 'OpeningHoursSpecification', 'dayOfWeek': 'Sunday', 'opens': '12:0', 'closes': '21:0'}, {'@type': 'OpeningHoursSpecification', 'dayOfWeek': 'Sunday', 'opens': '0:0', 'closes': '21:0'}, {'@type': 'OpeningHoursSpecification', 'dayOfWeek': 'Monday', 'opens': '12:0', 'closes': '21:0'}, {'@type': 'OpeningHoursSpecification', 'dayOfWeek': ['Wednesday', 'Thursday', 'Friday', 'Saturday'], 'opens': '12:0', 'closes': '21:0'}]","{'@type': 'PostalAddress', 'addressLocality': 'North Bellmore', 'addressRegion': 'NY', 'postalCode': '11710', 'addressCountry': 'US', 'streetAddress': '1902 Newbridge Rd'}","{'@type': 'GeoCoordinates', 'latitude': 40.675827, 'longitude': -73.539431}","{'@type': 'AggregateRating', 'ratingValue': 4.6, 'reviewCount': '194'}"
LA Breakfast Club,https://www.ubereats.com/nyc-suburbs/food-delivery/la-breakfast-club/w0Q6D39gQNOOePWhBBi-BQ,carle-place-new-york,"['Breakfast and Brunch', 'American', 'Sandwiches']",,,$,40.7222904,-73.688547,+15163267400,11001,27 Covert Avenue,Floral Park,NY,"[{'@type': 'OpeningHoursSpecification', 'dayOfWeek': 'Sunday', 'opens': '8:30', 'closes': '12:0'}, {'@type': 'OpeningHoursSpecification', 'dayOfWeek': 'Monday', 'opens': '8:30', 'closes': '15:35'}, {'@type': 'OpeningHoursSpecification', 'dayOfWeek': ['Tuesday', 'Wednesday', 'Thursday', 'Friday'], 'opens': '8:30', 'closes': '17:30'}, {'@type': 'OpeningHoursSpecification', 'dayOfWeek': 'Saturday', 'opens': '8:30', 'closes': '11:0'}, {'@type': 'OpeningHoursSpecification', 'dayOfWeek': 'Saturday', 'opens': '14:0', 'closes': '16:30'}]","{'@type': 'PostalAddress', 'addressLocality': 'Floral Park', 'addressRegion': 'NY', 'postalCode': '11001', 'addressCountry': 'US', 'streetAddress': '27 Covert Avenue'}","{'@type': 'GeoCoordinates', 'latitude': 40.7222904, 'longitude': -73.688547}",{}
,https://www.ubereats.com/nyc-suburbs/food-delivery/marcellas-pizzeria-restaurant/9lvM-o9eSaCYtc8reB8a_w,carle-place-new-york,,,,,,,,,,,,,,,
Burger King (409 Old Country Road),https://www.ubereats.com/nyc-suburbs/food-delivery/burger-king-409-old-country-road/JpVY0dHwQcyKuHc7r8KrMg,carle-place-new-york,"['American', 'burger', 'Fast Food']",4.7,62,$,40.74610089999999,-73.59976010000001,+15163333653,11590,409 Old Country Road,Westbury,NY,"[{'@type': 'OpeningHoursSpecification', 'dayOfWeek': ['Monday', 'Tuesday', 'Wednesday', 'Thursday', 'Friday', 'Saturday', 'Sunday'], 'opens': '7:30', 'closes': '10:29'}, {'@type': 'OpeningHoursSpecification', 'dayOfWeek': ['Monday', 'Tuesday', 'Wednesday', 'Thursday', 'Friday', 'Saturday', 'Sunday'], 'opens': '10:30', 'closes': '22:30'}]","{'@type': 'PostalAddress', 'addressLocality': 'Westbury', 'addressRegion': 'NY', 'postalCode': '11590', 'addressCountry': 'US', 'streetAddress': '409 Old Country Road'}","{'@type': 'GeoCoordinates', 'latitude': 40.74610089999999, 'longitude': -73.59976010000001}","{'@type': 'AggregateRating', 'ratingValue': 4.7, 'reviewCount': '62'}"
Fresko Souvlaki and Gyro House,https://www.ubereats.com/nyc-suburbs/food-delivery/fresko-souvlaki-and-gyro-house/RicPndDuTl6u9PreSlD9vg,carle-place-new-york,"['Greek', 'Mediterranean', 'Healthy']",4.8,91,$,40.706518,-73.665401,+15163078832,11010,691 Hempstead Turnpike,Franklin Square,NY,"[{'@type': 'OpeningHoursSpecification', 'dayOfWeek': 'Sunday', 'opens': '12:0', 'closes': '19:45'}, {'@type': 'OpeningHoursSpecification', 'dayOfWeek': ['Monday', 'Tuesday', 'Wednesday', 'Thursday', 'Friday', 'Saturday'], 'opens': '11:0', 'closes': '21:15'}]","{'@type': 'PostalAddress', 'addressLocality': 'Franklin Square', 'addressRegion': 'NY', 'postalCode': '11010', 'addressCountry': 'US', 'streetAddress': '691 Hempstead Turnpike'}","{'@type': 'GeoCoordinates', 'latitude': 40.706518, 'longitude': -73.665401}","{'@type': 'AggregateRating', 'ratingValue': 4.8, 'reviewCount': '91'}"
,https://www.ubereats.com/nyc-suburbs/food-delivery/curry-on-pizza/-7ClOHDbTw6Ubl5jHpdhqA,carle-place-new-york,,,,,,,,,,,,,,,
Kebab House,https://www.ubereats.com/nyc-suburbs/food-delivery/kebab-house/Uln50HtmStue0RQGM3qjIg,carle-place-new-york,"['Afghan', 'Kebabs', 'Burgers', 'Family Meals']",4.3,26,$$,40.75557,-73.509411,+15169353222,11801,526 S Broadway,Hicksville,NY,"[{'@type': 'OpeningHoursSpecification', 'dayOfWeek': 'Sunday', 'opens': '11:0', 'closes': '22:45'}, {'@type': 'OpeningHoursSpecification', 'dayOfWeek': ['Monday', 'Tuesday', 'Wednesday', 'Thursday', 'Friday'], 'opens': '11:0', 'closes': '22:45'}, {'@type': 'OpeningHoursSpecification', 'dayOfWeek': ['Monday', 'Tuesday', 'Wednesday', 'Thursday', 'Friday'], 'opens': '11:0', 'closes': '15:0'}, {'@type': 'OpeningHoursSpecification', 'dayOfWeek': 'Saturday', 'opens': '11:0', 'closes': '22:45'}]","{'@type': 'PostalAddress', 'addressLocality': 'Hicksville', 'addressRegion': 'NY', 'postalCode': '11801', 'addressCountry': 'US', 'streetAddress': '526 S Broadway'}","{'@type': 'GeoCoordinates', 'latitude': 40.75557, 'longitude': -73.509411}","{'@type': 'AggregateRating', 'ratingValue': 4.3, 'reviewCount': '26'}"
Ralph's Italian Ices & Ice Cream (Hillside Ave),https://www.ubereats.com/nyc-suburbs/food-delivery/ralphs-italian-ices-%26-ice-cream-hillside-ave/euVE9A8ORlqgqZB1atbJMg,carle-place-new-york,['Desserts'],4.9,229,$,40.756363,-73.644377,+15162946911,11596,127 Hillside Avenue,Williston Park,New York,"[{'@type': 'OpeningHoursSpecification', 'dayOfWeek': 'Sunday', 'opens': '11:30', 'closes': '22:0'}, {'@type': 'OpeningHoursSpecification', 'dayOfWeek': 'Monday', 'opens': '11:30', 'closes': '20:30'}, {'@type': 'OpeningHoursSpecification', 'dayOfWeek': 'Monday', 'opens': '11:30', 'closes': '22:0'}, {'@type': 'OpeningHoursSpecification', 'dayOfWeek': ['Tuesday', 'Wednesday', 'Thursday'], 'opens': '11:30', 'closes': '22:0'}, {'@type': 'OpeningHoursSpecification', 'dayOfWeek': ['Friday', 'Saturday'], 'opens': '11:30', 'closes': '22:15'}]","{'@type': 'PostalAddress', 'addressLocality': 'Williston Park', 'addressRegion': 'New York', 'postalCode': '11596', 'addressCountry': 'US', 'streetAddress': '127 Hillside Avenue'}","{'@type': 'GeoCoordinates', 'latitude': 40.756363, 'longitude': -73.644377}","{'@type': 'AggregateRating', 'ratingValue': 4.9, 'reviewCount': '229'}"
Churrasqueira Bairrada,https://www.ubereats.com/nyc-suburbs/food-delivery/churrasqueira-bairrada/dNO-uN8CTWa221kXc3h_Pw,carle-place-new-york,"['Portuguese', 'Seafood', 'Soul Food']",4.2,64,$$,40.749234,-73.641681,+15167393856,11501,144 Jericho Turnpike,Mineola,NY,"[{'@type': 'OpeningHoursSpecification', 'dayOfWeek': 'Sunday', 'opens': '11:30', 'closes': '22:0'}, {'@type': 'OpeningHoursSpecification', 'dayOfWeek': ['Tuesday', 'Wednesday', 'Thursday', 'Friday', 'Saturday'], 'opens': '11:30', 'closes': '22:0'}]","{'@type': 'PostalAddress', 'addressLocality': 'Mineola', 'addressRegion': 'NY', 'postalCode': '11501', 'addressCountry': 'US', 'streetAddress': '144 Jericho Turnpike'}","{'@type': 'GeoCoordinates', 'latitude': 40.749234, 'longitude': -73.641681}","{'@type': 'AggregateRating', 'ratingValue': 4.2, 'reviewCount': '64'}"
Subway (739 Wantagh Ave),https://www.ubereats.com/nyc-suburbs/food-delivery/subway-739-wantagh-ave/BRInHRB4Tj-EWaermhToCw,carle-place-new-york,"['Fast Food', 'Sandwich', 'American']",4.7,27,$,40.705985,-73.502449,+15167354098,11793,739,Wantagh,NY,"[{'@type': 'OpeningHoursSpecification', 'dayOfWeek': ['Monday', 'Tuesday', 'Wednesday', 'Thursday', 'Friday'], 'opens': '10:0', 'closes': '18:30'}, {'@type': 'OpeningHoursSpecification', 'dayOfWeek': 'Saturday', 'opens': '10:0', 'closes': '17:30'}]","{'@type': 'PostalAddress', 'addressLocality': 'Wantagh', 'addressRegion': 'NY', 'postalCode': '11793', 'addressCountry': 'US', 'streetAddress': '739'}","{'@type': 'GeoCoordinates', 'latitude': 40.705985, 'longitude': -73.502449}","{'@type': 'AggregateRating', 'ratingValue': 4.7, 'reviewCount': '27'}"
Tony’s tacos,https://www.ubereats.com/nyc-suburbs/food-delivery/tonys-tacos/yIHYeMmcTgmFo7subjKXYA,carle-place-new-york,"['Mexican', 'New Mexican', 'Salads']",,,,40.7289361,-73.70108809999999,+15165198998,,,,,"[{'@type': 'OpeningHoursSpecification', 'dayOfWeek': ['Monday', 'Tuesday', 'Wednesday', 'Thursday', 'Friday', 'Saturday', 'Sunday'], 'opens': '11:0', 'closes': '21:40'}]",,"{'@type': 'GeoCoordinates', 'latitude': 40.7289361, 'longitude': -73.70108809999999}",{}
Los Burritos Hermanos-Pollo Romero,https://www.ubereats.com/nyc-suburbs/food-delivery/los-burritos-hermanos-pollo-romero/Y-p5IObwRBKG5Q9bNTm4Ng,carle-place-new-york,"['Mexican', 'Fast Food', 'Comfort Food']",,,$,40.761577,-73.574566,+15165009559,11590,705 Prospect Ave,Westbury,NY,"[{'@type': 'OpeningHoursSpecification', 'dayOfWeek': 'Sunday', 'opens': '3:0', 'closes': '3:30'}]","{'@type': 'PostalAddress', 'addressLocality': 'Westbury', 'addressRegion': 'NY', 'postalCode': '11590', 'addressCountry': 'US', 'streetAddress': '705 Prospect Ave'}","{'@type': 'GeoCoordinates', 'latitude': 40.761577, 'longitude': -73.574566}",{}
Sak Pase Creole Restaurant and Grill,https://www.ubereats.com/nyc-suburbs/food-delivery/sak-pase-creole-restaurant-and-grill/f4ZYrxddTnizBf4yJUUUsQ,carle-place-new-york,"['Haitian', 'West Indian', 'Caribbean']",4.3,107,$$,40.663286,-73.607409,+15165444033,11510,1929 Grand Ave,Baldwin,New York,"[{'@type': 'OpeningHoursSpecification', 'dayOfWeek': ['Sunday', 'Monday', 'Tuesday', 'Wednesday'], 'opens': '12:0', 'closes': '21:0'}, {'@type': 'OpeningHoursSpecification', 'dayOfWeek': ['Thursday', 'Friday', 'Saturday'], 'opens': '12:0', 'closes': '22:0'}]","{'@type': 'PostalAddress', 'addressLocality': 'Baldwin', 'addressRegion': 'New York', 'postalCode': '11510', 'addressCountry': 'US', 'streetAddress': '1929 Grand Ave'}","{'@type': 'GeoCoordinates', 'latitude': 40.663286, 'longitude': -73.607409}","{'@type': 'AggregateRating', 'ratingValue': 4.3, 'reviewCount': '107'}"
,https://www.ubereats.com/nyc-suburbs/food-delivery/bellerose-pizza-express/M6ZhKvajQFCv3K-aolUSOg,carle-place-new-york,,,,,,,,,,,,,,,
D & B Deli,https://www.ubereats.com/nyc-suburbs/food-delivery/d-%26-b-deli/i9zLj_q-Q8q_iLDdaIk-9g,carle-place-new-york,['Sandwiches'],,,$$,40.70994290000001,-73.59177869999999,+15162804712,11553,1037 Front St,Uniondale,NY,"[{'@type': 'OpeningHoursSpecification', 'dayOfWeek': 'Sunday', 'opens': '8:0', 'closes': '17:0'}, {'@type': 'OpeningHoursSpecification', 'dayOfWeek': 'Sunday', 'opens': '7:30', 'closes': '17:0'}, {'@type': 'OpeningHoursSpecification', 'dayOfWeek': 'Sunday', 'opens': '8:0', 'closes': '17:0'}, {'@type': 'OpeningHoursSpecification', 'dayOfWeek': ['Monday', 'Tuesday', 'Wednesday', 'Thursday', 'Friday'], 'opens': '7:0', 'closes': '19:0'}, {'@type': 'OpeningHoursSpecification', 'dayOfWeek': ['Monday', 'Tuesday', 'Wednesday', 'Thursday', 'Friday'], 'opens': '7:0', 'closes': '19:0'}, {'@type': 'OpeningHoursSpecification', 'dayOfWeek': ['Monday', 'Tuesday', 'Wednesday', 'Thursday', 'Friday'], 'opens': '7:0', 'closes': '19:0'}, {'@type': 'OpeningHoursSpecification', 'dayOfWeek': 'Saturday', 'opens': '8:0', 'closes': '18:0'}, {'@type': 'OpeningHoursSpecification', 'dayOfWeek': 'Saturday', 'opens': '7:30', 'closes': '17:0'}, {'@type': 'OpeningHoursSpecification', 'dayOfWeek': 'Saturday', 'opens': '8:0', 'closes': '18:0'}]","{'@type': 'PostalAddress', 'addressLocality': 'Uniondale', 'addressRegion': 'NY', 'postalCode': '11553', 'addressCountry': 'US', 'streetAddress': '1037 Front St'}","{'@type': 'GeoCoordinates', 'latitude': 40.70994290000001, 'longitude': -73.59177869999999}",{}
Hale and Hearty Soups - Carle Place,https://www.ubereats.com/nyc-suburbs/food-delivery/hale-and-hearty-soups-carle-place/LlU3oLLfSu-fTuxkdM2CdQ,carle-place-new-york,"['Sandwich', 'Salads', 'American']",4.7,11,$,40.7471152,-73.6170247,+15165351000,,,,,"[{'@type': 'OpeningHoursSpecification', 'dayOfWeek': ['Monday', 'Tuesday', 'Wednesday', 'Thursday', 'Friday'], 'opens': '11:0', 'closes': '15:30'}]",,"{'@type': 'GeoCoordinates', 'latitude': 40.7471152, 'longitude': -73.6170247}","{'@type': 'AggregateRating', 'ratingValue': 4.7, 'reviewCount': '11'}"
McDonald's® - West Hempstead,https://www.ubereats.com/nyc-suburbs/food-delivery/mcdonalds-west-hempstead/t7HHVPaiTaWsdc8wA7S65Q,carle-place-new-york,"['American', 'Fast Food', 'Burgers']",4.5,147,$,40.705482,-73.653272,+15164852179,11552,380 HEMP STEAD TURNPIKE,WEST HEMPSTEAD,NY,"[{'@type': 'OpeningHoursSpecification', 'dayOfWeek': ['Sunday', 'Monday', 'Tuesday', 'Wednesday', 'Thursday'], 'opens': '6:0', 'closes': '10:59'}, {'@type': 'OpeningHoursSpecification', 'dayOfWeek': ['Sunday', 'Monday', 'Tuesday', 'Wednesday', 'Thursday'], 'opens': '11:0', 'closes': '16:59'}, {'@type': 'OpeningHoursSpecification', 'dayOfWeek': ['Sunday', 'Monday', 'Tuesday', 'Wednesday', 'Thursday'], 'opens': '17:0', 'closes': '22:44'}, {'@type': 'OpeningHoursSpecification', 'dayOfWeek': ['Friday', 'Saturday'], 'opens': '6:0', 'closes': '10:59'}, {'@type': 'OpeningHoursSpecification', 'dayOfWeek': ['Friday', 'Saturday'], 'opens': '11:0', 'closes': '16:59'}, {'@type': 'OpeningHoursSpecification', 'dayOfWeek': ['Friday', 'Saturday'], 'opens': '17:0', 'closes': '23:44'}]","{'@type': 'PostalAddress', 'addressLocality': 'WEST HEMPSTEAD', 'addressRegion': 'NY', 'postalCode': '11552', 'addressCountry': 'US', 'streetAddress': '380 HEMP STEAD TURNPIKE'}","{'@type': 'GeoCoordinates', 'latitude': 40.705482, 'longitude': -73.653272}","{'@type': 'AggregateRating', 'ratingValue': 4.5, 'reviewCount': '147'}"
Poke Frisee,https://www.ubereats.com/nyc-suburbs/food-delivery/poke-frisee/L1KWiZG8SoKqgxKpp4ejFg,carle-place-new-york,"['Japanese', 'Asian', 'Sushi', 'Allergy Friendly']",4.8,21,$,40.7428093,-73.6064323,+15167303401,11530,900 Old Country Rd,Garden City,NY,"[{'@type': 'OpeningHoursSpecification', 'dayOfWeek': ['Monday', 'Tuesday', 'Wednesday', 'Thursday', 'Friday', 'Saturday', 'Sunday'], 'opens': '11:0', 'closes': '21:0'}]","{'@type': 'PostalAddress', 'addressLocality': 'Garden City', 'addressRegion': 'NY', 'postalCode': '11530', 'addressCountry': 'US', 'streetAddress': '900 Old Country Rd'}","{'@type': 'GeoCoordinates', 'latitude': 40.7428093, 'longitude': -73.6064323}","{'@type': 'AggregateRating', 'ratingValue': 4.8, 'reviewCount': '21'}"
Dunkin' (1680 Grand Ave),https://www.ubereats.com/nyc-suburbs/food-delivery/dunkin-1680-grand-ave/M-FfSKtbS_6HQKWhjmt4IA,carle-place-new-york,"['Breakfast and Brunch', 'Donuts']",4.3,32,$,40.668947,-73.6097192,+15163789186,11510,1680 Grand Ave,Baldwin,NY,"[{'@type': 'OpeningHoursSpecification', 'dayOfWeek': ['Monday', 'Tuesday', 'Wednesday', 'Thursday', 'Friday', 'Saturday', 'Sunday'], 'opens': '5:0', 'closes': '22:30'}]","{'@type': 'PostalAddress', 'addressLocality': 'Baldwin', 'addressRegion': 'NY', 'postalCode': '11510', 'addressCountry': 'US', 'streetAddress': '1680 Grand Ave'}","{'@type': 'GeoCoordinates', 'latitude': 40.668947, 'longitude': -73.6097192}","{'@type': 'AggregateRating', 'ratingValue': 4.3, 'reviewCount': '32'}"
365 Noodle Bar and Grill 面面聚道,https://www.ubereats.com/nyc-suburbs/food-delivery/365-noodle-bar-and-grill-%E9%9D%A2%E9%9D%A2%E8%81%9A%E9%81%93/82oq59DTQkOVrDd-u_w37g,carle-place-new-york,"['Noodles', 'Asian', 'Chinese']",4.8,37,$$,40.770419,-73.502378,+15166698115,11801,478 Plainview Rd,Hicksville,NY,"[{'@type': 'OpeningHoursSpecification', 'dayOfWeek': 'Sunday', 'opens': '11:0', 'closes': '20:20'}, {'@type': 'OpeningHoursSpecification', 'dayOfWeek': ['Monday', 'Tuesday'], 'opens': '11:0', 'closes': '20:20'}, {'@type': 'OpeningHoursSpecification', 'dayOfWeek': ['Monday', 'Tuesday'], 'opens': '11:30', 'closes': '15:0'}, {'@type': 'OpeningHoursSpecification', 'dayOfWeek': 'Wednesday', 'opens': '11:30', 'closes': '15:0'}, {'@type': 'OpeningHoursSpecification', 'dayOfWeek': ['Thursday', 'Friday'], 'opens': '11:0', 'closes': '20:20'}, {'@type': 'OpeningHoursSpecification', 'dayOfWeek': ['Thursday', 'Friday'], 'opens': '11:30', 'closes': '15:0'}, {'@type': 'OpeningHoursSpecification', 'dayOfWeek': 'Saturday', 'opens': '11:0', 'closes': '20:20'}]","{'@type': 'PostalAddress', 'addressLocality': 'Hicksville', 'addressRegion': 'NY', 'postalCode': '11801', 'addressCountry': 'US', 'streetAddress': '478 Plainview Rd'}","{'@type': 'GeoCoordinates', 'latitude': 40.770419, 'longitude': -73.502378}","{'@type': 'AggregateRating', 'ratingValue': 4.8, 'reviewCount': '37'}"
Power Poke I,https://www.ubereats.com/nyc-suburbs/food-delivery/power-poke-i/7I4uHKQrS2K97eTkoME2Gw,carle-place-new-york,"['Healthy', 'Salads', 'Bubble Tea']",,,$,40.8099845,-73.5008068,+15165889988,11791,404 Jericho Tpke,Syosset,NY,"[{'@type': 'OpeningHoursSpecification', 'dayOfWeek': 'Sunday', 'opens': '12:0', 'closes': '21:0'}, {'@type': 'OpeningHoursSpecification', 'dayOfWeek': ['Monday', 'Tuesday', 'Wednesday', 'Thursday', 'Friday', 'Saturday'], 'opens': '11:0', 'closes': '21:30'}]","{'@type': 'PostalAddress', 'addressLocality': 'Syosset', 'addressRegion': 'NY', 'postalCode': '11791', 'addressCountry': 'US', 'streetAddress': '404 Jericho Tpke'}","{'@type': 'GeoCoordinates', 'latitude': 40.8099845, 'longitude': -73.5008068}",{}
Majestic Diner,https://www.ubereats.com/nyc-suburbs/food-delivery/majestic-diner/xab-LJl5Ra6Am2Zrig333A,carle-place-new-york,"['Diner', 'Salads', 'Burgers', 'Desserts']",4.7,57,$$,40.746976,-73.595198,+15169976010,11590,498 Old Country Rd,Westbury,NY,"[{'@type': 'OpeningHoursSpecification', 'dayOfWeek': ['Monday', 'Tuesday', 'Wednesday', 'Thursday', 'Friday', 'Saturday', 'Sunday'], 'opens': '0:1', 'closes': '0:0'}, {'@type': 'OpeningHoursSpecification', 'dayOfWeek': ['Monday', 'Tuesday', 'Wednesday', 'Thursday', 'Friday', 'Saturday', 'Sunday'], 'opens': '0:1', 'closes': '0:0'}]","{'@type': 'PostalAddress', 'addressLocality': 'Westbury', 'addressRegion': 'NY', 'postalCode': '11590', 'addressCountry': 'US', 'streetAddress': '498 Old Country Rd'}","{'@type': 'GeoCoordinates', 'latitude': 40.746976, 'longitude': -73.595198}","{'@type': 'AggregateRating', 'ratingValue': 4.7, 'reviewCount': '57'}"
Nice N Natural - Carle Place,https://www.ubereats.com/nyc-suburbs/food-delivery/nice-n-natural-carle-place/1HkW0VAsT0yCD0wNlbr72A,carle-place-new-york,"['Healthy', 'Juice and Smoothies', 'Sandwich']",4.8,17,$$,40.745218,-73.605777,+15163331678,11514,351 Old Country Rd,Carle Place,NY,"[{'@type': 'OpeningHoursSpecification', 'dayOfWeek': ['Monday', 'Tuesday', 'Wednesday', 'Thursday', 'Friday', 'Saturday'], 'opens': '10:0', 'closes': '16:0'}]","{'@type': 'PostalAddress', 'addressLocality': 'Carle Place', 'addressRegion': 'NY', 'postalCode': '11514', 'addressCountry': 'US', 'streetAddress': '351 Old Country Rd'}","{'@type': 'GeoCoordinates', 'latitude': 40.745218, 'longitude': -73.605777}","{'@type': 'AggregateRating', 'ratingValue': 4.8, 'reviewCount': '17'}"
,https://www.ubereats.com/nyc-suburbs/food-delivery/subway-251-05-jamaica-ave/6sBEtkowSLCf-Omo8-MySA,carle-place-new-york,,,,,,,,,,,,,,,
"TGI Friday's (111 - Manhasset, NY)",https://www.ubereats.com/nyc-suburbs/food-delivery/tgi-fridays-111-manhasset-ny/Fc8sf9uPShy4HBe66YpTRw,carle-place-new-york,"['Burgers', 'Bar Food', 'American', 'Family Meals']",4.3,289,$$,40.793667,-73.69331,+15168699300,11030,1445 NORTHERN BLVD,Manhasset,NY,"[{'@type': 'OpeningHoursSpecification', 'dayOfWeek': ['Monday', 'Tuesday', 'Wednesday', 'Thursday', 'Friday', 'Saturday', 'Sunday'], 'opens': '11:0', 'closes': '23:30'}]","{'@type': 'PostalAddress', 'addressLocality': 'Manhasset', 'addressRegion': 'NY', 'postalCode': '11030', 'addressCountry': 'US', 'streetAddress': '1445 NORTHERN BLVD'}","{'@type': 'GeoCoordinates', 'latitude': 40.793667, 'longitude': -73.69331}","{'@type': 'AggregateRating', 'ratingValue': 4.3, 'reviewCount': '289'}"
,https://www.ubereats.com/nyc-suburbs/food-delivery/shaapz-sports-bar-and-restaurant-bellerose-manor/CF2bc7E1Q4SJF32C_CYW4A,carle-place-new-york,,,,,,,,,,,,,,,
,https://www.ubereats.com/nyc-suburbs/food-delivery/honest/RZBfsTj-S6WFsL0ioFJcWA,carle-place-new-york,,,,,,,,,,,,,,,
,https://www.ubereats.com/nyc-suburbs/food-delivery/joes-pizza-and-pasta/iCiNoy4iQVagQ17m6u3ADg,carle-place-new-york,,,,,,,,,,,,,,,
McDonald's® - New Hyde Park (Jericho Tpke),https://www.ubereats.com/nyc-suburbs/food-delivery/mcdonalds-new-hyde-park-jericho-tpke/X4eI8x24S0yRdCugi3oxdA,carle-place-new-york,"['American', 'Fast Food', 'Burgers']",4.7,292,$,40.73661,-73.673363,+15164881950,11040,2045 JERICHO TPKE,NEW HYDE PARK,NY,"[{'@type': 'OpeningHoursSpecification', 'dayOfWeek': 'Sunday', 'opens': '6:0', 'closes': '11:0'}, {'@type': 'OpeningHoursSpecification', 'dayOfWeek': 'Sunday', 'opens': '11:30', 'closes': '16:59'}, {'@type': 'OpeningHoursSpecification', 'dayOfWeek': 'Sunday', 'opens': '17:0', 'closes': '22:45'}, {'@type': 'OpeningHoursSpecification', 'dayOfWeek': ['Monday', 'Tuesday', 'Wednesday', 'Thursday', 'Friday', 'Saturday'], 'opens': '6:0', 'closes': '11:0'}, {'@type': 'OpeningHoursSpecification', 'dayOfWeek': ['Monday', 'Tuesday', 'Wednesday', 'Thursday', 'Friday', 'Saturday'], 'opens': '11:0', 'closes': '16:59'}, {'@type': 'OpeningHoursSpecification', 'dayOfWeek': ['Monday', 'Tuesday', 'Wednesday', 'Thursday', 'Friday', 'Saturday'], 'opens': '17:0', 'closes': '22:45'}]","{'@type': 'PostalAddress', 'addressLocality': 'NEW HYDE PARK', 'addressRegion': 'NY', 'postalCode': '11040', 'addressCountry': 'US', 'streetAddress': '2045 JERICHO TPKE'}","{'@type': 'GeoCoordinates', 'latitude': 40.73661, 'longitude': -73.673363}","{'@type': 'AggregateRating', 'ratingValue': 4.7, 'reviewCount': '292'}"
365 Dim Sum 茶餐厅,https://www.ubereats.com/nyc-suburbs/food-delivery/365-dim-sum-%E8%8C%B6%E9%A4%90%E5%8E%85/T0fCuddLTkeL7EU-BhB3dA,carle-place-new-york,"['Chinese', 'Asian', 'Breakfast and Brunch']",,,$,40.7708534,-73.50244409999999,+15169324690,11801,478 Plainview Rd,Hicksville,NY,"[{'@type': 'OpeningHoursSpecification', 'dayOfWeek': 'Sunday', 'opens': '11:0', 'closes': '20:20'}, {'@type': 'OpeningHoursSpecification', 'dayOfWeek': ['Monday', 'Tuesday'], 'opens': '11:0', 'closes': '20:20'}, {'@type': 'OpeningHoursSpecification', 'dayOfWeek': ['Monday', 'Tuesday'], 'opens': '11:30', 'closes': '15:0'}, {'@type': 'OpeningHoursSpecification', 'dayOfWeek': 'Wednesday', 'opens': '11:30', 'closes': '15:0'}, {'@type': 'OpeningHoursSpecification', 'dayOfWeek': ['Thursday', 'Friday'], 'opens': '11:0', 'closes': '20:20'}, {'@type': 'OpeningHoursSpecification', 'dayOfWeek': ['Thursday', 'Friday'], 'opens': '11:30', 'closes': '15:0'}, {'@type': 'OpeningHoursSpecification', 'dayOfWeek': 'Saturday', 'opens': '11:0', 'closes': '20:20'}]","{'@type': 'PostalAddress', 'addressLocality': 'Hicksville', 'addressRegion': 'NY', 'postalCode': '11801', 'addressCountry': 'US', 'streetAddress': '478 Plainview Rd'}","{'@type': 'GeoCoordinates', 'latitude': 40.7708534, 'longitude': -73.50244409999999}",{}
Prince Umberto,https://www.ubereats.com/nyc-suburbs/food-delivery/prince-umberto/aqMjcCKIQ-WTPuvyO0kkLA,carle-place-new-york,"['European', 'Italian', 'Pizza']",4.5,33,$,40.688531,-73.68535899999999,+5168729049,11010,721 Franklin Ave,Franklin Square,NY,"[{'@type': 'OpeningHoursSpecification', 'dayOfWeek': ['Monday', 'Tuesday', 'Wednesday', 'Thursday', 'Friday', 'Saturday', 'Sunday'], 'opens': '11:0', 'closes': '20:0'}]","{'@type': 'PostalAddress', 'addressLocality': 'Franklin Square', 'addressRegion': 'NY', 'postalCode': '11010', 'addressCountry': 'US', 'streetAddress': '721 Franklin Ave'}","{'@type': 'GeoCoordinates', 'latitude': 40.688531, 'longitude': -73.68535899999999}","{'@type': 'AggregateRating', 'ratingValue': 4.5, 'reviewCount': '33'}"
City Cellar Wine Bar & Grill - Nassau,https://www.ubereats.com/nyc-suburbs/food-delivery/city-cellar-wine-bar-%26-grill-nassau/nFXkmguyRDedhgb5lKtVEg,carle-place-new-york,"['Breakfast and Brunch', 'Burgers', 'Salads']",,,$$,40.740615,-73.598964,+15166935400,,1080 Corporate Dr,Westbury,New York,"[{'@type': 'OpeningHoursSpecification', 'dayOfWeek': 'Sunday', 'opens': '11:30', 'closes': '14:30'}, {'@type': 'OpeningHoursSpecification', 'dayOfWeek': 'Sunday', 'opens': '16:0', 'closes': '20:30'}, {'@type': 'OpeningHoursSpecification', 'dayOfWeek': ['Monday', 'Tuesday', 'Wednesday', 'Thursday'], 'opens': '11:30', 'closes': '14:30'}, {'@type': 'OpeningHoursSpecification', 'dayOfWeek': ['Monday', 'Tuesday', 'Wednesday', 'Thursday'], 'opens': '16:0', 'closes': '21:30'}, {'@type': 'OpeningHoursSpecification', 'dayOfWeek': 'Friday', 'opens': '11:30', 'closes': '14:30'}, {'@type': 'OpeningHoursSpecification', 'dayOfWeek': 'Friday', 'opens': '15:0', 'closes': '22:0'}, {'@type': 'OpeningHoursSpecification', 'dayOfWeek': 'Saturday', 'opens': '11:30', 'closes': '14:30'}, {'@type': 'OpeningHoursSpecification', 'dayOfWeek': 'Saturday', 'opens': '16:0', 'closes': '22:0'}]","{'@type': 'PostalAddress', 'addressLocality': 'Westbury', 'addressRegion': 'New York', 'postalCode': '', 'addressCountry': 'US', 'streetAddress': '1080 Corporate Dr'}","{'@type': 'GeoCoordinates', 'latitude': 40.740615, 'longitude': -73.598964}",{}
The Flour Shoppe Cafe,https://www.ubereats.com/nyc-suburbs/food-delivery/the-flour-shoppe-cafe/1dBG19WAT4CPEb_-6G76fQ,carle-place-new-york,"['American', 'Burgers', 'Mexican']",4.7,15,$,40.65690509999999,-73.6351323,+15165362253,11570,486 Sunrise Hwy,Rockville Centre,NY,"[{'@type': 'OpeningHoursSpecification', 'dayOfWeek': ['Monday', 'Tuesday', 'Wednesday', 'Thursday', 'Friday', 'Saturday', 'Sunday'], 'opens': '8:0', 'closes': '16:0'}]","{'@type': 'PostalAddress', 'addressLocality': 'Rockville Centre', 'addressRegion': 'NY', 'postalCode': '11570', 'addressCountry': 'US', 'streetAddress': '486 Sunrise Hwy'}","{'@type': 'GeoCoordinates', 'latitude': 40.65690509999999, 'longitude': -73.6351323}","{'@type': 'AggregateRating', 'ratingValue': 4.7, 'reviewCount': '15'}"
The Rex Burger and Lobster,https://www.ubereats.com/nyc-suburbs/food-delivery/the-rex-burger-and-lobster/Jhd-AsfHQie48qtCmqijVw,carle-place-new-york,"['Burgers', 'American', 'Sandwiches']",4.3,77,$,40.744615,-73.6560567,+15163191012,,,,,"[{'@type': 'OpeningHoursSpecification', 'dayOfWeek': ['Monday', 'Tuesday', 'Wednesday', 'Thursday', 'Friday', 'Saturday', 'Sunday'], 'opens': '12:0', 'closes': '19:50'}]",,"{'@type': 'GeoCoordinates', 'latitude': 40.744615, 'longitude': -73.6560567}","{'@type': 'AggregateRating', 'ratingValue': 4.3, 'reviewCount': '77'}"
,https://www.ubereats.com/nyc-suburbs/food-delivery/mumbai-xpress/cSDHD1o-Sjamafhzaid34g,carle-place-new-york,,,,,,,,,,,,,,,
Bourbon & Brews,https://www.ubereats.com/nyc-suburbs/food-delivery/bourbon-%26-brews/vRz2InI7Rm6g8Hq0UtOvMA,carle-place-new-york,"['Burgers', 'American', 'Sandwiches']",,,$,40.675673,-73.5573769,+15165544718,11566,361,Merrick,NY,"[{'@type': 'OpeningHoursSpecification', 'dayOfWeek': ['Monday', 'Tuesday', 'Wednesday', 'Thursday', 'Friday', 'Saturday', 'Sunday'], 'opens': '12:0', 'closes': '20:0'}]","{'@type': 'PostalAddress', 'addressLocality': 'Merrick', 'addressRegion': 'NY', 'postalCode': '11566', 'addressCountry': 'US', 'streetAddress': '361'}","{'@type': 'GeoCoordinates', 'latitude': 40.675673, 'longitude': -73.5573769}",{}
Bagel Boss Cafe (43 Old Country Rd),https://www.ubereats.com/nyc-suburbs/food-delivery/bagel-boss-cafe-43-old-country-rd/cTXjtHl6RF-P17XPuDz3KA,carle-place-new-york,"['American', 'Breakfast and Brunch', 'Desserts', 'Sandwich', 'Salads']",,,$,40.74232809999999,-73.62065900000002,+15162481155,11514,43 Old Country Rd,Carle Place,NY,"[{'@type': 'OpeningHoursSpecification', 'dayOfWeek': 'Sunday', 'opens': '5:0', 'closes': '17:0'}, {'@type': 'OpeningHoursSpecification', 'dayOfWeek': 'Sunday', 'opens': '5:0', 'closes': '14:0'}, {'@type': 'OpeningHoursSpecification', 'dayOfWeek': ['Monday', 'Tuesday', 'Wednesday', 'Thursday'], 'opens': '5:0', 'closes': '18:0'}, {'@type': 'OpeningHoursSpecification', 'dayOfWeek': ['Monday', 'Tuesday', 'Wednesday', 'Thursday'], 'opens': '5:0', 'closes': '14:0'}, {'@type': 'OpeningHoursSpecification', 'dayOfWeek': ['Friday', 'Saturday'], 'opens': '5:0', 'closes': '17:0'}, {'@type': 'OpeningHoursSpecification', 'dayOfWeek': ['Friday', 'Saturday'], 'opens': '5:0', 'closes': '14:0'}]","{'@type': 'PostalAddress', 'addressLocality': 'Carle Place', 'addressRegion': 'NY', 'postalCode': '11514', 'addressCountry': 'US', 'streetAddress': '43 Old Country Rd'}","{'@type': 'GeoCoordinates', 'latitude': 40.74232809999999, 'longitude': -73.62065900000002}",{}
The Greene Turtle - East Meadow,https://www.ubereats.com/nyc-suburbs/food-delivery/the-greene-turtle-east-meadow/3B7V3DcZSvS3gVB8ns5OVw,carle-place-new-york,"['American', 'New American', 'Burgers', 'Sandwich', 'Family Meals']",4.6,89,$$,40.723356,-73.571236,+15162807251,11554,1740 Hempstead Turnpike,East Meadow,New York,"[{'@type': 'OpeningHoursSpecification', 'dayOfWeek': 'Sunday', 'opens': '12:0', 'closes': '20:0'}, {'@type': 'OpeningHoursSpecification', 'dayOfWeek': ['Thursday', 'Friday', 'Saturday'], 'opens': '12:0', 'closes': '20:0'}]","{'@type': 'PostalAddress', 'addressLocality': 'East Meadow', 'addressRegion': 'New York', 'postalCode': '11554', 'addressCountry': 'US', 'streetAddress': '1740 Hempstead Turnpike'}","{'@type': 'GeoCoordinates', 'latitude': 40.723356, 'longitude': -73.571236}","{'@type': 'AggregateRating', 'ratingValue': 4.6, 'reviewCount': '89'}"
Stop 20 Diner,https://www.ubereats.com/nyc-suburbs/food-delivery/stop-20-diner/9eoPCUC9TUCRPbVuep9grg,carle-place-new-york,"['Burgers', 'Diner', 'American', 'Desserts']",4.7,500,$,40.708474,-73.689719,+15163587142,11003,1336 Hempstead Turnpike,Elmont,New York,"[{'@type': 'OpeningHoursSpecification', 'dayOfWeek': ['Monday', 'Tuesday', 'Wednesday', 'Thursday', 'Friday', 'Saturday', 'Sunday'], 'opens': '6:0', 'closes': '0:0'}]","{'@type': 'PostalAddress', 'addressLocality': 'Elmont', 'addressRegion': 'New York', 'postalCode': '11003', 'addressCountry': 'US', 'streetAddress': '1336 Hempstead Turnpike'}","{'@type': 'GeoCoordinates', 'latitude': 40.708474, 'longitude': -73.689719}","{'@type': 'AggregateRating', 'ratingValue': 4.7, 'reviewCount': '500'}"
Dunkin' (81 Jericho Tpke),https://www.ubereats.com/nyc-suburbs/food-delivery/dunkin-81-jericho-tpke/UEooO4pmQqKgb3Q9HtT-PA,carle-place-new-york,"['Breakfast and Brunch', 'Donuts']",,,$,40.7788996,-73.5615729,+15163347351,11753,81,Jericho,NY,"[{'@type': 'OpeningHoursSpecification', 'dayOfWeek': ['Monday', 'Tuesday', 'Wednesday', 'Thursday', 'Friday', 'Saturday', 'Sunday'], 'opens': '6:30', 'closes': '17:30'}]","{'@type': 'PostalAddress', 'addressLocality': 'Jericho', 'addressRegion': 'NY', 'postalCode': '11753', 'addressCountry': 'US', 'streetAddress': '81'}","{'@type': 'GeoCoordinates', 'latitude': 40.7788996, 'longitude': -73.5615729}",{}
McDonald's® - Franklin Square (Franklin Ave),https://www.ubereats.com/nyc-suburbs/food-delivery/mcdonalds-franklin-square-franklin-ave/z4spea50TYqyknuJQLzK-A,carle-place-new-york,"['American', 'Fast Food', 'Burgers']",4.4,500,$,40.692519,-73.683638,+15163544420,11010,"575 Franklin Ave, Franklin Square, New York",FRANKLIN SQUARE,NY,"[{'@type': 'OpeningHoursSpecification', 'dayOfWeek': 'Sunday', 'opens': '4:0', 'closes': '10:59'}, {'@type': 'OpeningHoursSpecification', 'dayOfWeek': 'Sunday', 'opens': '11:30', 'closes': '16:59'}, {'@type': 'OpeningHoursSpecification', 'dayOfWeek': 'Sunday', 'opens': '17:0', 'closes': '3:59'}, {'@type': 'OpeningHoursSpecification', 'dayOfWeek': ['Monday', 'Tuesday', 'Wednesday', 'Thursday', 'Friday', 'Saturday'], 'opens': '4:0', 'closes': '10:59'}, {'@type': 'OpeningHoursSpecification', 'dayOfWeek': ['Monday', 'Tuesday', 'Wednesday', 'Thursday', 'Friday', 'Saturday'], 'opens': '11:0', 'closes': '16:59'}, {'@type': 'OpeningHoursSpecification', 'dayOfWeek': ['Monday', 'Tuesday', 'Wednesday', 'Thursday', 'Friday', 'Saturday'], 'opens': '17:0', 'closes': '3:59'}]","{'@type': 'PostalAddress', 'addressLocality': 'FRANKLIN SQUARE', 'addressRegion': 'NY', 'postalCode': '11010', 'addressCountry': 'US', 'streetAddress': '575 Franklin Ave, Franklin Square, New York'}","{'@type': 'GeoCoordinates', 'latitude': 40.692519, 'longitude': -73.683638}","{'@type': 'AggregateRating', 'ratingValue': 4.4, 'reviewCount': '500'}"
Sau-c,https://www.ubereats.com/nyc-suburbs/food-delivery/sau-c/qRPq68u_R7GlEUjsb40cxA,carle-place-new-york,"['Pizza', 'Pasta']",,,$$,40.742779,-73.695043,+19178816849,11040,725 Hillside Avenue,New Hyde Park,NY,"[{'@type': 'OpeningHoursSpecification', 'dayOfWeek': 'Sunday', 'opens': '13:0', 'closes': '21:0'}, {'@type': 'OpeningHoursSpecification', 'dayOfWeek': ['Monday', 'Tuesday', 'Wednesday', 'Thursday', 'Friday', 'Saturday'], 'opens': '11:0', 'closes': '23:0'}]","{'@type': 'PostalAddress', 'addressLocality': 'New Hyde Park', 'addressRegion': 'NY', 'postalCode': '11040', 'addressCountry': 'US', 'streetAddress': '725 Hillside Avenue'}","{'@type': 'GeoCoordinates', 'latitude': 40.742779, 'longitude': -73.695043}",{}
Tres Sabores,https://www.ubereats.com/nyc-suburbs/food-delivery/tres-sabores/ijPYLayvRaSsZGO3Ep1bZg,carle-place-new-york,"['Latin American', 'Mexican', 'Vegetarian']",,,$,40.7089213,-73.6251399,+15165380460,11550,77 Main St,Hempstead,NY,"[{'@type': 'OpeningHoursSpecification', 'dayOfWeek': 'Sunday', 'opens': '12:0', 'closes': '0:0'}, {'@type': 'OpeningHoursSpecification', 'dayOfWeek': 'Sunday', 'opens': '11:0', 'closes': '22:0'}, {'@type': 'OpeningHoursSpecification', 'dayOfWeek': ['Monday', 'Tuesday', 'Wednesday', 'Thursday', 'Friday'], 'opens': '12:0', 'closes': '0:0'}, {'@type': 'OpeningHoursSpecification', 'dayOfWeek': 'Saturday', 'opens': '12:0', 'closes': '0:0'}, {'@type': 'OpeningHoursSpecification', 'dayOfWeek': 'Saturday', 'opens': '11:0', 'closes': '22:0'}]","{'@type': 'PostalAddress', 'addressLocality': 'Hempstead', 'addressRegion': 'NY', 'postalCode': '11550', 'addressCountry': 'US', 'streetAddress': '77 Main St'}","{'@type': 'GeoCoordinates', 'latitude': 40.7089213, 'longitude': -73.6251399}",{}
Starbucks (Village of Westbury),https://www.ubereats.com/nyc-suburbs/food-delivery/starbucks-village-of-westbury/hUErLK1BSCupmmWxwmEeCw,carle-place-new-york,"['Bakery', 'Breakfast and Brunch', 'Cafe', 'Coffee & Tea']",4.8,252,$,40.757101,-73.6193329,+15168777222,11590,379 GLEN COVE RD,Westbury,NY,"[{'@type': 'OpeningHoursSpecification', 'dayOfWeek': ['Monday', 'Tuesday', 'Wednesday', 'Thursday', 'Friday', 'Saturday', 'Sunday'], 'opens': '6:0', 'closes': '21:0'}]","{'@type': 'PostalAddress', 'addressLocality': 'Westbury', 'addressRegion': 'NY', 'postalCode': '11590', 'addressCountry': 'US', 'streetAddress': '379 GLEN COVE RD'}","{'@type': 'GeoCoordinates', 'latitude': 40.757101, 'longitude': -73.6193329}","{'@type': 'AggregateRating', 'ratingValue': 4.8, 'reviewCount': '252'}"
Luigi's of Mineola,https://www.ubereats.com/nyc-suburbs/food-delivery/luigis-of-mineola/VZoXfoYfTlu9ntJEACySiA,carle-place-new-york,"['Pizza', 'American', 'Italian']",4.6,136,$,40.7446148,-73.65611489999999,+15162947400,11501,526 Jericho Turnpike,Mineola,Ny,"[{'@type': 'OpeningHoursSpecification', 'dayOfWeek': ['Monday', 'Tuesday', 'Wednesday', 'Thursday', 'Friday', 'Saturday', 'Sunday'], 'opens': '10:30', 'closes': '20:30'}, {'@type': 'OpeningHoursSpecification', 'dayOfWeek': ['Monday', 'Tuesday', 'Wednesday', 'Thursday', 'Friday', 'Saturday', 'Sunday'], 'opens': '11:0', 'closes': '15:0'}]","{'@type': 'PostalAddress', 'addressLocality': 'Mineola', 'addressRegion': 'Ny', 'postalCode': '11501', 'addressCountry': 'US', 'streetAddress': '526 Jericho Turnpike'}","{'@type': 'GeoCoordinates', 'latitude': 40.7446148, 'longitude': -73.65611489999999}","{'@type': 'AggregateRating', 'ratingValue': 4.6, 'reviewCount': '136'}"
Halal on Wheels - Uniondale,https://www.ubereats.com/nyc-suburbs/food-delivery/halal-on-wheels-uniondale/_mA6fnmrR--KqQUk1lJQ1Q,carle-place-new-york,"['Halal', 'Fast Food', 'Street Food']",4.3,36,$,40.7167,-73.6047,+15168498344,11553,101 Oak St,Uniondale,NY,"[{'@type': 'OpeningHoursSpecification', 'dayOfWeek': 'Sunday', 'opens': '13:30', 'closes': '0:30'}, {'@type': 'OpeningHoursSpecification', 'dayOfWeek': ['Monday', 'Tuesday', 'Wednesday', 'Thursday', 'Friday'], 'opens': '13:0', 'closes': '0:30'}, {'@type': 'OpeningHoursSpecification', 'dayOfWeek': 'Saturday', 'opens': '13:30', 'closes': '0:30'}]","{'@type': 'PostalAddress', 'addressLocality': 'Uniondale', 'addressRegion': 'NY', 'postalCode': '11553', 'addressCountry': 'US', 'streetAddress': '101 Oak St'}","{'@type': 'GeoCoordinates', 'latitude': 40.7167, 'longitude': -73.6047}","{'@type': 'AggregateRating', 'ratingValue': 4.3, 'reviewCount': '36'}"
McDonald's® - Levittown (Hempstead),https://www.ubereats.com/nyc-suburbs/food-delivery/mcdonalds-levittown-hempstead/YCqJAbI1Svu4wnUh3GoNVA,carle-place-new-york,"['American', 'Fast Food', 'Burgers']",4.5,298,$,40.726073,-73.49418,+15167319112,11756,3839 HEMPSTEAD TURNPIKE,LEVITTOWN,NY,"[{'@type': 'OpeningHoursSpecification', 'dayOfWeek': ['Sunday', 'Monday', 'Tuesday', 'Wednesday', 'Thursday'], 'opens': '5:30', 'closes': '10:59'}, {'@type': 'OpeningHoursSpecification', 'dayOfWeek': ['Sunday', 'Monday', 'Tuesday', 'Wednesday', 'Thursday'], 'opens': '11:0', 'closes': '16:59'}, {'@type': 'OpeningHoursSpecification', 'dayOfWeek': ['Sunday', 'Monday', 'Tuesday', 'Wednesday', 'Thursday'], 'opens': '17:0', 'closes': '23:30'}, {'@type': 'OpeningHoursSpecification', 'dayOfWeek': ['Friday', 'Saturday'], 'opens': '5:30', 'closes': '10:59'}, {'@type': 'OpeningHoursSpecification', 'dayOfWeek': ['Friday', 'Saturday'], 'opens': '11:0', 'closes': '16:59'}, {'@type': 'OpeningHoursSpecification', 'dayOfWeek': ['Friday', 'Saturday'], 'opens': '17:0', 'closes': '0:30'}]","{'@type': 'PostalAddress', 'addressLocality': 'LEVITTOWN', 'addressRegion': 'NY', 'postalCode': '11756', 'addressCountry': 'US', 'streetAddress': '3839 HEMPSTEAD TURNPIKE'}","{'@type': 'GeoCoordinates', 'latitude': 40.726073, 'longitude': -73.49418}","{'@type': 'AggregateRating', 'ratingValue': 4.5, 'reviewCount': '298'}"
Doce empanadas & coffee,https://www.ubereats.com/nyc-suburbs/food-delivery/doce-empanadas-%26-coffee/fT4BgM53QJCkZFlRF7WsgA,carle-place-new-york,"['Argentinian', 'South American', 'Mediterranean']",4.7,10,$,40.7515272,-73.6031519,+16462108464,11514,566 Westbury Ave,Carle Place,NY,"[{'@type': 'OpeningHoursSpecification', 'dayOfWeek': ['Monday', 'Tuesday', 'Wednesday', 'Thursday'], 'opens': '11:0', 'closes': '20:0'}, {'@type': 'OpeningHoursSpecification', 'dayOfWeek': ['Friday', 'Saturday'], 'opens': '11:0', 'closes': '20:0'}, {'@type': 'OpeningHoursSpecification', 'dayOfWeek': ['Friday', 'Saturday'], 'opens': '11:0', 'closes': '23:0'}]","{'@type': 'PostalAddress', 'addressLocality': 'Carle Place', 'addressRegion': 'NY', 'postalCode': '11514', 'addressCountry': 'US', 'streetAddress': '566 Westbury Ave'}","{'@type': 'GeoCoordinates', 'latitude': 40.7515272, 'longitude': -73.6031519}","{'@type': 'AggregateRating', 'ratingValue': 4.7, 'reviewCount': '10'}"
Gators,https://www.ubereats.com/nyc-suburbs/food-delivery/gators/NMWNbf_tTP-qeRmGT1Jn3g,carle-place-new-york,"['Burgers', 'American', 'Sandwiches']",,,$,40.7246932,-73.5482547,+15165957685,11554,2366 Hempstead Turnpike,East Meadow,NY,"[{'@type': 'OpeningHoursSpecification', 'dayOfWeek': ['Monday', 'Tuesday', 'Wednesday', 'Thursday', 'Friday', 'Saturday', 'Sunday'], 'opens': '11:0', 'closes': '21:0'}]","{'@type': 'PostalAddress', 'addressLocality': 'East Meadow', 'addressRegion': 'NY', 'postalCode': '11554', 'addressCountry': 'US', 'streetAddress': '2366 Hempstead Turnpike'}","{'@type': 'GeoCoordinates', 'latitude': 40.7246932, 'longitude': -73.5482547}",{}
Smashburger (180 Old Country Rd.),https://www.ubereats.com/nyc-suburbs/food-delivery/smashburger-180-old-country-rd/77OFzPQtQLyXd0CunxCAlA,carle-place-new-york,"['American', 'Burgers']",4.6,257,$$,40.7626423,-73.527157,+15166052701,11801,180 Old Country Rd.,Hicksville,NY,"[{'@type': 'OpeningHoursSpecification', 'dayOfWeek': ['Monday', 'Tuesday', 'Wednesday', 'Thursday', 'Friday', 'Saturday', 'Sunday'], 'opens': '11:0', 'closes': '21:30'}]","{'@type': 'PostalAddress', 'addressLocality': 'Hicksville', 'addressRegion': 'NY', 'postalCode': '11801', 'addressCountry': 'US', 'streetAddress': '180 Old Country Rd.'}","{'@type': 'GeoCoordinates', 'latitude': 40.7626423, 'longitude': -73.527157}","{'@type': 'AggregateRating', 'ratingValue': 4.6, 'reviewCount': '257'}"
Five Guys NY-1347 2341 Jericho Turnpike,https://www.ubereats.com/nyc-suburbs/food-delivery/five-guys-ny-1347-2341-jericho-turnpike/-6vW7ZLMR2iTBcIv2FlSPw,carle-place-new-york,"['American', 'Burgers', 'Fast Food']",4.7,178,$,40.742656,-73.662525,+15163079014,11040,2341 Jericho Turnpike,Garden City Park,NY,"[{'@type': 'OpeningHoursSpecification', 'dayOfWeek': ['Monday', 'Tuesday', 'Wednesday', 'Thursday', 'Friday', 'Saturday', 'Sunday'], 'opens': '11:0', 'closes': '21:0'}]","{'@type': 'PostalAddress', 'addressLocality': 'Garden City Park', 'addressRegion': 'NY', 'postalCode': '11040', 'addressCountry': 'US', 'streetAddress': '2341 Jericho Turnpike'}","{'@type': 'GeoCoordinates', 'latitude': 40.742656, 'longitude': -73.662525}","{'@type': 'AggregateRating', 'ratingValue': 4.7, 'reviewCount': '178'}"
"CoreLife Eatery (Garden City, NY)",https://www.ubereats.com/nyc-suburbs/food-delivery/corelife-eatery-garden-city-ny/XJKZ3MmOTgqB6XeKkrj40A,carle-place-new-york,"['Healthy', 'Rice-bowls', 'Pasta']",,,$$,40.728278,-73.6358657,+15162807292,11530,910 Franklin Ave,Garden City,NY,"[{'@type': 'OpeningHoursSpecification', 'dayOfWeek': 'Sunday', 'opens': '11:0', 'closes': '16:0'}, {'@type': 'OpeningHoursSpecification', 'dayOfWeek': ['Monday', 'Tuesday', 'Wednesday', 'Thursday', 'Friday', 'Saturday'], 'opens': '11:0', 'closes': '20:0'}]","{'@type': 'PostalAddress', 'addressLocality': 'Garden City', 'addressRegion': 'NY', 'postalCode': '11530', 'addressCountry': 'US', 'streetAddress': '910 Franklin Ave'}","{'@type': 'GeoCoordinates', 'latitude': 40.728278, 'longitude': -73.6358657}",{}
,https://www.ubereats.com/nyc-suburbs/food-delivery/dunkin-24501-jamaica-ave/wUjZ5ZLkQEWtb7VvIfDQ3Q,carle-place-new-york,,,,,,,,,,,,,,,
Hurricane Grill and Wings - Syosset,https://www.ubereats.com/nyc-suburbs/food-delivery/hurricane-grill-and-wings-syosset/tfN-cdwbQyy4YoOZM4M3AA,carle-place-new-york,"['Burgers', 'Traditional American', 'Wings', 'Family Meals']",4.3,189,$$,40.811566,-73.505175,+15169219464,11791,275 Jericho Turnpike,Syosset,NY,"[{'@type': 'OpeningHoursSpecification', 'dayOfWeek': ['Monday', 'Tuesday', 'Wednesday', 'Thursday', 'Friday', 'Saturday', 'Sunday'], 'opens': '10:0', 'closes': '22:0'}]","{'@type': 'PostalAddress', 'addressLocality': 'Syosset', 'addressRegion': 'NY', 'postalCode': '11791', 'addressCountry': 'US', 'streetAddress': '275 Jericho Turnpike'}","{'@type': 'GeoCoordinates', 'latitude': 40.811566, 'longitude': -73.505175}","{'@type': 'AggregateRating', 'ratingValue': 4.3, 'reviewCount': '189'}"
Nelly's Taqueria,https://www.ubereats.com/nyc-suburbs/food-delivery/nellys-taqueria/DqTDce1HTx--w037jTjkgw,carle-place-new-york,"['Mexican', 'Allergy Friendly']",4.5,32,$,40.7595262,-73.5384024,+15162619177,11801,356 W Old Country Rd,Hicksville,NY,"[{'@type': 'OpeningHoursSpecification', 'dayOfWeek': 'Sunday', 'opens': '17:0', 'closes': '21:0'}, {'@type': 'OpeningHoursSpecification', 'dayOfWeek': ['Tuesday', 'Wednesday', 'Thursday'], 'opens': '12:0', 'closes': '21:0'}, {'@type': 'OpeningHoursSpecification', 'dayOfWeek': ['Friday', 'Saturday'], 'opens': '12:0', 'closes': '22:0'}]","{'@type': 'PostalAddress', 'addressLocality': 'Hicksville', 'addressRegion': 'NY', 'postalCode': '11801', 'addressCountry': 'US', 'streetAddress': '356 W Old Country Rd'}","{'@type': 'GeoCoordinates', 'latitude': 40.7595262, 'longitude': -73.5384024}","{'@type': 'AggregateRating', 'ratingValue': 4.5, 'reviewCount': '32'}"
Chipotle Mexican Grill (215 N Broadway),https://www.ubereats.com/nyc-suburbs/food-delivery/chipotle-mexican-grill-215-n-broadway/JcfYfUH6RLSn61ZKEayLww,carle-place-new-york,"['Healthy', 'Mexican']",4.5,197,$,40.77440620000001,-73.5276402,+15168224074,11801,215 N Broadway,Hicksville,NY,"[{'@type': 'OpeningHoursSpecification', 'dayOfWeek': ['Monday', 'Tuesday', 'Wednesday', 'Thursday', 'Friday', 'Saturday', 'Sunday'], 'opens': '10:45', 'closes': '21:40'}]","{'@type': 'PostalAddress', 'addressLocality': 'Hicksville', 'addressRegion': 'NY', 'postalCode': '11801', 'addressCountry': 'US', 'streetAddress': '215 N Broadway'}","{'@type': 'GeoCoordinates', 'latitude': 40.77440620000001, 'longitude': -73.5276402}","{'@type': 'AggregateRating', 'ratingValue': 4.5, 'reviewCount': '197'}"
Dunkin' (2675 North Jerusalem Rd),https://www.ubereats.com/nyc-suburbs/food-delivery/dunkin-2675-north-jerusalem-rd/Gn3wAAdVS5Wqaw8dcZqTXw,carle-place-new-york,"['Breakfast and Brunch', 'Donuts']",,,$,40.70647410000001,-73.5361976,+15168264571,11554,2675 North Jerusalem Rd,East Meadow,NY,"[{'@type': 'OpeningHoursSpecification', 'dayOfWeek': ['Monday', 'Tuesday', 'Wednesday', 'Thursday', 'Friday', 'Saturday', 'Sunday'], 'opens': '5:30', 'closes': '18:30'}]","{'@type': 'PostalAddress', 'addressLocality': 'East Meadow', 'addressRegion': 'NY', 'postalCode': '11554', 'addressCountry': 'US', 'streetAddress': '2675 North Jerusalem Rd'}","{'@type': 'GeoCoordinates', 'latitude': 40.70647410000001, 'longitude': -73.5361976}",{}
Arby's (2080 Hempstead Turnpike),https://www.ubereats.com/nyc-suburbs/food-delivery/arbys-2080-hempstead-turnpike/wkN-tGJPTrmeF3mxAfWwbA,carle-place-new-york,"['American', 'Sandwich', 'Fast Food', 'Kids Friendly']",4.6,44,$,40.7244762,-73.5597119,+15162221232,11554,2080 Hempstead Turnpike,East Meadow,NY,"[{'@type': 'OpeningHoursSpecification', 'dayOfWeek': ['Monday', 'Tuesday', 'Wednesday', 'Thursday', 'Friday', 'Saturday', 'Sunday'], 'opens': '10:0', 'closes': '23:45'}]","{'@type': 'PostalAddress', 'addressLocality': 'East Meadow', 'addressRegion': 'NY', 'postalCode': '11554', 'addressCountry': 'US', 'streetAddress': '2080 Hempstead Turnpike'}","{'@type': 'GeoCoordinates', 'latitude': 40.7244762, 'longitude': -73.5597119}","{'@type': 'AggregateRating', 'ratingValue': 4.6, 'reviewCount': '44'}"
McDonald's® - West Hempstead (856 Hempstead Ave),https://www.ubereats.com/nyc-suburbs/food-delivery/mcdonalds-west-hempstead-856-hempstead-ave/NVd7okAUQsu0RS4q9I1D5Q,carle-place-new-york,"['American', 'Fast Food', 'Burgers']",4.7,148,$,40.686853,-73.660246,+15164854191,11552,856 Hempstead Ave,West Hempstead,NY,"[{'@type': 'OpeningHoursSpecification', 'dayOfWeek': 'Sunday', 'opens': '6:0', 'closes': '11:29'}, {'@type': 'OpeningHoursSpecification', 'dayOfWeek': 'Sunday', 'opens': '11:30', 'closes': '16:59'}, {'@type': 'OpeningHoursSpecification', 'dayOfWeek': 'Sunday', 'opens': '17:0', 'closes': '23:30'}, {'@type': 'OpeningHoursSpecification', 'dayOfWeek': ['Monday', 'Tuesday', 'Wednesday', 'Thursday', 'Friday'], 'opens': '6:0', 'closes': '10:29'}, {'@type': 'OpeningHoursSpecification', 'dayOfWeek': ['Monday', 'Tuesday', 'Wednesday', 'Thursday', 'Friday'], 'opens': '10:30', 'closes': '16:59'}, {'@type': 'OpeningHoursSpecification', 'dayOfWeek': ['Monday', 'Tuesday', 'Wednesday', 'Thursday', 'Friday'], 'opens': '17:0', 'closes': '23:30'}, {'@type': 'OpeningHoursSpecification', 'dayOfWeek': 'Saturday', 'opens': '6:0', 'closes': '10:59'}, {'@type': 'OpeningHoursSpecification', 'dayOfWeek': 'Saturday', 'opens': '11:0', 'closes': '16:59'}, {'@type': 'OpeningHoursSpecification', 'dayOfWeek': 'Saturday', 'opens': '17:0', 'closes': '23:30'}]","{'@type': 'PostalAddress', 'addressLocality': 'West Hempstead', 'addressRegion': 'NY', 'postalCode': '11552', 'addressCountry': 'US', 'streetAddress': '856 Hempstead Ave'}","{'@type': 'GeoCoordinates', 'latitude': 40.686853, 'longitude': -73.660246}","{'@type': 'AggregateRating', 'ratingValue': 4.7, 'reviewCount': '148'}"
El Nuevo Poloros,https://www.ubereats.com/nyc-suburbs/food-delivery/el-nuevo-poloros/53fiZD73SUWXXmie5fBypg,carle-place-new-york,"['Spanish', 'Seafood', 'Mediterranean']",,,$,40.709346,-73.6280283,+15163852886,11550,109 N Franklin St,Hempstead,NY,"[{'@type': 'OpeningHoursSpecification', 'dayOfWeek': ['Monday', 'Tuesday', 'Wednesday', 'Thursday', 'Friday', 'Saturday', 'Sunday'], 'opens': '10:30', 'closes': '2:0'}]","{'@type': 'PostalAddress', 'addressLocality': 'Hempstead', 'addressRegion': 'NY', 'postalCode': '11550', 'addressCountry': 'US', 'streetAddress': '109 N Franklin St'}","{'@type': 'GeoCoordinates', 'latitude': 40.709346, 'longitude': -73.6280283}",{}
McDonald's® - East Meadow (Hempstead Tpke),https://www.ubereats.com/nyc-suburbs/food-delivery/mcdonalds-east-meadow-hempstead-tpke/prPQd7Y4TtiAJ8QbuIFbtg,carle-place-new-york,"['American', 'Fast Food', 'Burgers']",4.6,426,$,40.725423,-73.548389,+15167319750,11554,2361 HEMPSTEAD TURNPIKE,EAST MEADOW,NY,"[{'@type': 'OpeningHoursSpecification', 'dayOfWeek': ['Monday', 'Tuesday', 'Wednesday', 'Thursday', 'Friday', 'Saturday', 'Sunday'], 'opens': '4:0', 'closes': '10:59'}, {'@type': 'OpeningHoursSpecification', 'dayOfWeek': ['Monday', 'Tuesday', 'Wednesday', 'Thursday', 'Friday', 'Saturday', 'Sunday'], 'opens': '11:0', 'closes': '16:59'}, {'@type': 'OpeningHoursSpecification', 'dayOfWeek': ['Monday', 'Tuesday', 'Wednesday', 'Thursday', 'Friday', 'Saturday', 'Sunday'], 'opens': '17:0', 'closes': '3:59'}]","{'@type': 'PostalAddress', 'addressLocality': 'EAST MEADOW', 'addressRegion': 'NY', 'postalCode': '11554', 'addressCountry': 'US', 'streetAddress': '2361 HEMPSTEAD TURNPIKE'}","{'@type': 'GeoCoordinates', 'latitude': 40.725423, 'longitude': -73.548389}","{'@type': 'AggregateRating', 'ratingValue': 4.6, 'reviewCount': '426'}"
IHOP (145 Hillside Avenue),https://www.ubereats.com/nyc-suburbs/food-delivery/ihop-145-hillside-avenue/ux5LUlfeR96ecK3Nekehaw,carle-place-new-york,"['American', 'Breakfast and Brunch', 'burger', 'Comfort Food', 'Dinner', 'Omelette', 'salad', 'Traditional American', 'Family Meals']",4.7,75,$,40.7559596,-73.6451817,+15167468421,11596,145 Hillside Avenue,Williston Park,NY,"[{'@type': 'OpeningHoursSpecification', 'dayOfWeek': ['Sunday', 'Monday', 'Tuesday', 'Wednesday', 'Thursday'], 'opens': '7:0', 'closes': '19:50'}, {'@type': 'OpeningHoursSpecification', 'dayOfWeek': ['Friday', 'Saturday'], 'opens': '7:0', 'closes': '20:50'}]","{'@type': 'PostalAddress', 'addressLocality': 'Williston Park', 'addressRegion': 'NY', 'postalCode': '11596', 'addressCountry': 'US', 'streetAddress': '145 Hillside Avenue'}","{'@type': 'GeoCoordinates', 'latitude': 40.7559596, 'longitude': -73.6451817}","{'@type': 'AggregateRating', 'ratingValue': 4.7, 'reviewCount': '75'}"
Primehouse Steak and Sushi,https://www.ubereats.com/nyc-suburbs/food-delivery/primehouse-steak-and-sushi/HF2WwYgfShGuvFjW5H685g,carle-place-new-york,"['Steak', 'American', 'Fast Food']",,,$,40.728276,-73.63550029999999,+15164164264,11530,910 Franklin Avenue,Garden City,NY,"[{'@type': 'OpeningHoursSpecification', 'dayOfWeek': 'Sunday', 'opens': '16:0', 'closes': '20:0'}, {'@type': 'OpeningHoursSpecification', 'dayOfWeek': ['Thursday', 'Friday', 'Saturday'], 'opens': '16:0', 'closes': '20:0'}]","{'@type': 'PostalAddress', 'addressLocality': 'Garden City', 'addressRegion': 'NY', 'postalCode': '11530', 'addressCountry': 'US', 'streetAddress': '910 Franklin Avenue'}","{'@type': 'GeoCoordinates', 'latitude': 40.728276, 'longitude': -73.63550029999999}",{}
Dunkin' (36 Glenhead Rd),https://www.ubereats.com/nyc-suburbs/food-delivery/dunkin-36-glenhead-rd/1fa4EgguQeqpcH3m6Cn-EA,carle-place-new-york,"['Breakfast and Brunch', 'Donuts']",,,$,40.83349859999999,-73.6280009,+15166761800,11545,36 Glenhead Rd,Glen Head,NY,"[{'@type': 'OpeningHoursSpecification', 'dayOfWeek': ['Monday', 'Tuesday', 'Wednesday', 'Thursday', 'Friday', 'Saturday', 'Sunday'], 'opens': '6:30', 'closes': '20:0'}]","{'@type': 'PostalAddress', 'addressLocality': 'Glen Head', 'addressRegion': 'NY', 'postalCode': '11545', 'addressCountry': 'US', 'streetAddress': '36 Glenhead Rd'}","{'@type': 'GeoCoordinates', 'latitude': 40.83349859999999, 'longitude': -73.6280009}",{}
Margarita's Cafe (Merrick),https://www.ubereats.com/nyc-suburbs/food-delivery/margaritas-cafe-merrick/jdFUYT3URr-6iPXAQeX_wQ,carle-place-new-york,['Mexican'],4.0,62,$$,40.6680072,-73.5542366,+15162804021,11566,139 B,Merrick,NY,"[{'@type': 'OpeningHoursSpecification', 'dayOfWeek': 'Sunday', 'opens': '11:30', 'closes': '21:45'}, {'@type': 'OpeningHoursSpecification', 'dayOfWeek': ['Tuesday', 'Wednesday', 'Thursday', 'Friday'], 'opens': '15:0', 'closes': '22:0'}, {'@type': 'OpeningHoursSpecification', 'dayOfWeek': ['Tuesday', 'Wednesday', 'Thursday', 'Friday'], 'opens': '11:30', 'closes': '15:0'}, {'@type': 'OpeningHoursSpecification', 'dayOfWeek': 'Saturday', 'opens': '11:30', 'closes': '21:45'}]","{'@type': 'PostalAddress', 'addressLocality': 'Merrick', 'addressRegion': 'NY', 'postalCode': '11566', 'addressCountry': 'US', 'streetAddress': '139 B'}","{'@type': 'GeoCoordinates', 'latitude': 40.6680072, 'longitude': -73.5542366}","{'@type': 'AggregateRating', 'ratingValue': 4, 'reviewCount': '62'}"
El Guadalajara Grill Restaurant,https://www.ubereats.com/nyc-suburbs/food-delivery/el-guadalajara-grill-restaurant/DvsF0N8uQA6PonOPH9dumw,carle-place-new-york,"['Mexican', 'Latin American', 'New Mexican']",,,$,40.70510899999999,-73.6350863,+15164839122,11550,46 Fulton Ave,Hempstead,NY,"[{'@type': 'OpeningHoursSpecification', 'dayOfWeek': 'Sunday', 'opens': '17:0', 'closes': '1:0'}, {'@type': 'OpeningHoursSpecification', 'dayOfWeek': 'Sunday', 'opens': '10:0', 'closes': '0:0'}, {'@type': 'OpeningHoursSpecification', 'dayOfWeek': ['Tuesday', 'Wednesday', 'Thursday', 'Friday'], 'opens': '17:0', 'closes': '1:0'}, {'@type': 'OpeningHoursSpecification', 'dayOfWeek': 'Saturday', 'opens': '17:0', 'closes': '1:0'}, {'@type': 'OpeningHoursSpecification', 'dayOfWeek': 'Saturday', 'opens': '10:0', 'closes': '0:0'}]","{'@type': 'PostalAddress', 'addressLocality': 'Hempstead', 'addressRegion': 'NY', 'postalCode': '11550', 'addressCountry': 'US', 'streetAddress': '46 Fulton Ave'}","{'@type': 'GeoCoordinates', 'latitude': 40.70510899999999, 'longitude': -73.6350863}",{}
Dunkin' (370 Plandome Rd),https://www.ubereats.com/nyc-suburbs/food-delivery/dunkin-370-plandome-rd/ZXlRWoSDR8yWX9BXXsy41A,carle-place-new-york,"['Breakfast and Brunch', 'Donuts']",4.6,19,$,40.7977424,-73.69954779999999,+15163655232,11030,370 Plandome Rd,Manhasset,NY,"[{'@type': 'OpeningHoursSpecification', 'dayOfWeek': ['Monday', 'Tuesday', 'Wednesday', 'Thursday', 'Friday', 'Saturday'], 'opens': '6:29', 'closes': '18:0'}]","{'@type': 'PostalAddress', 'addressLocality': 'Manhasset', 'addressRegion': 'NY', 'postalCode': '11030', 'addressCountry': 'US', 'streetAddress': '370 Plandome Rd'}","{'@type': 'GeoCoordinates', 'latitude': 40.7977424, 'longitude': -73.69954779999999}","{'@type': 'AggregateRating', 'ratingValue': 4.6, 'reviewCount': '19'}"
,https://www.ubereats.com/nyc-suburbs/food-delivery/braddock-breakfast-house/qKpKxOO6TymI1bObNWeSTg,carle-place-new-york,,,,,,,,,,,,,,,
La Parma,https://www.ubereats.com/nyc-suburbs/food-delivery/la-parma/4XOsrAOsRvW0dHZc-crpJg,carle-place-new-york,"['Italian', 'Pasta', 'Comfort Food']",4.4,10,$,40.7638206,-73.64702129999999,+15162946610,11596,707 Willis Ave,Williston Park,NY,"[{'@type': 'OpeningHoursSpecification', 'dayOfWeek': 'Sunday', 'opens': '13:0', 'closes': '20:0'}, {'@type': 'OpeningHoursSpecification', 'dayOfWeek': 'Sunday', 'opens': '13:0', 'closes': '19:30'}, {'@type': 'OpeningHoursSpecification', 'dayOfWeek': ['Tuesday', 'Wednesday', 'Thursday'], 'opens': '13:0', 'closes': '20:0'}, {'@type': 'OpeningHoursSpecification', 'dayOfWeek': ['Friday', 'Saturday'], 'opens': '13:0', 'closes': '20:0'}, {'@type': 'OpeningHoursSpecification', 'dayOfWeek': ['Friday', 'Saturday'], 'opens': '12:30', 'closes': '19:31'}]","{'@type': 'PostalAddress', 'addressLocality': 'Williston Park', 'addressRegion': 'NY', 'postalCode': '11596', 'addressCountry': 'US', 'streetAddress': '707 Willis Ave'}","{'@type': 'GeoCoordinates', 'latitude': 40.7638206, 'longitude': -73.64702129999999}","{'@type': 'AggregateRating', 'ratingValue': 4.4, 'reviewCount': '10'}"
Bare Naked Bowl,https://www.ubereats.com/nyc-suburbs/food-delivery/bare-naked-bowl/DJVgNC4CRhCZmxeAUtEOpg,carle-place-new-york,"['Juice and Smoothies', 'Breakfast and Brunch', 'Vegetarian']",4.8,51,$,40.72466,-73.5405017,+12345678900,11554,2565 Hempstead Turnpike,East Meadow,NY,"[{'@type': 'OpeningHoursSpecification', 'dayOfWeek': ['Monday', 'Tuesday', 'Wednesday', 'Thursday', 'Friday', 'Saturday', 'Sunday'], 'opens': '9:0', 'closes': '20:0'}]","{'@type': 'PostalAddress', 'addressLocality': 'East Meadow', 'addressRegion': 'NY', 'postalCode': '11554', 'addressCountry': 'US', 'streetAddress': '2565 Hempstead Turnpike'}","{'@type': 'GeoCoordinates', 'latitude': 40.72466, 'longitude': -73.5405017}","{'@type': 'AggregateRating', 'ratingValue': 4.8, 'reviewCount': '51'}"
Pollos Mario Steak House & Seafood,https://www.ubereats.com/nyc-suburbs/food-delivery/pollos-mario-steak-house-%26-seafood/_fC8l91qQlOjO_tZQ46ccQ,carle-place-new-york,"['Colombian', 'Latin Fusion', 'Steak', 'Seafood']",4.4,108,$$,40.7083482,-73.6276352,+15165053200,11550,75 N Franklin St,Hempstead,NY,"[{'@type': 'OpeningHoursSpecification', 'dayOfWeek': 'Sunday', 'opens': '9:0', 'closes': '21:30'}, {'@type': 'OpeningHoursSpecification', 'dayOfWeek': 'Sunday', 'opens': '10:0', 'closes': '19:30'}, {'@type': 'OpeningHoursSpecification', 'dayOfWeek': 'Monday', 'opens': '11:0', 'closes': '20:30'}, {'@type': 'OpeningHoursSpecification', 'dayOfWeek': 'Monday', 'opens': '11:0', 'closes': '19:30'}, {'@type': 'OpeningHoursSpecification', 'dayOfWeek': 'Tuesday', 'opens': '11:0', 'closes': '20:30'}, {'@type': 'OpeningHoursSpecification', 'dayOfWeek': 'Tuesday', 'opens': '11:0', 'closes': '19:30'}, {'@type': 'OpeningHoursSpecification', 'dayOfWeek': 'Wednesday', 'opens': '11:0', 'closes': '20:30'}, {'@type': 'OpeningHoursSpecification', 'dayOfWeek': 'Wednesday', 'opens': '11:0', 'closes': '19:30'}, {'@type': 'OpeningHoursSpecification', 'dayOfWeek': 'Thursday', 'opens': '11:0', 'closes': '20:30'}, {'@type': 'OpeningHoursSpecification', 'dayOfWeek': 'Thursday', 'opens': '11:0', 'closes': '19:30'}, {'@type': 'OpeningHoursSpecification', 'dayOfWeek': 'Friday', 'opens': '11:0', 'closes': '21:30'}, {'@type': 'OpeningHoursSpecification', 'dayOfWeek': 'Friday', 'opens': '11:0', 'closes': '19:30'}, {'@type': 'OpeningHoursSpecification', 'dayOfWeek': 'Saturday', 'opens': '10:0', 'closes': '21:30'}, {'@type': 'OpeningHoursSpecification', 'dayOfWeek': 'Saturday', 'opens': '10:0', 'closes': '19:30'}]","{'@type': 'PostalAddress', 'addressLocality': 'Hempstead', 'addressRegion': 'NY', 'postalCode': '11550', 'addressCountry': 'US', 'streetAddress': '75 N Franklin St'}","{'@type': 'GeoCoordinates', 'latitude': 40.7083482, 'longitude': -73.6276352}","{'@type': 'AggregateRating', 'ratingValue': 4.4, 'reviewCount': '108'}"
Johnny Rockets (630 Old Country Rd),https://www.ubereats.com/nyc-suburbs/food-delivery/johnny-rockets-630-old-country-rd/79to_vgxQv6vWWVnGavzfQ,carle-place-new-york,"['American', 'Fast Food', 'Salads']",,,$,40.7383631,-73.6128231,+15167414595,11530,630 Old Country Rd,Garden City,New York,"[{'@type': 'OpeningHoursSpecification', 'dayOfWeek': 'Sunday', 'opens': '12:0', 'closes': '17:30'}, {'@type': 'OpeningHoursSpecification', 'dayOfWeek': ['Monday', 'Tuesday', 'Wednesday', 'Thursday', 'Friday', 'Saturday'], 'opens': '11:0', 'closes': '18:30'}]","{'@type': 'PostalAddress', 'addressLocality': 'Garden City', 'addressRegion': 'New York', 'postalCode': '11530', 'addressCountry': 'US', 'streetAddress': '630 Old Country Rd'}","{'@type': 'GeoCoordinates', 'latitude': 40.7383631, 'longitude': -73.6128231}",{}
Empire Nutrition - Garden City,https://www.ubereats.com/nyc-suburbs/food-delivery/empire-nutrition-garden-city/E-QHhB4FTkGE4EHBH5wymw,carle-place-new-york,"['Juice and Smoothies', 'Breakfast and Brunch', 'Vegetarian']",,,$,40.7318145,-73.60844,+15162806910,11530,686 Stewart Avenue,Garden City,NY,"[{'@type': 'OpeningHoursSpecification', 'dayOfWeek': ['Monday', 'Tuesday', 'Wednesday', 'Thursday', 'Friday', 'Saturday', 'Sunday'], 'opens': '10:0', 'closes': '18:0'}]","{'@type': 'PostalAddress', 'addressLocality': 'Garden City', 'addressRegion': 'NY', 'postalCode': '11530', 'addressCountry': 'US', 'streetAddress': '686 Stewart Avenue'}","{'@type': 'GeoCoordinates', 'latitude': 40.7318145, 'longitude': -73.60844}",{}
Trident Seafood Grill,https://www.ubereats.com/nyc-suburbs/food-delivery/trident-seafood-grill/5I8c_9XRRcysfyJjHRV9Hg,carle-place-new-york,"['Seafood', 'Soul Food']",4.3,166,,40.6877817,-73.685949,+15168871137,11580,753 Franklin Ave,Valley Stream,NY,"[{'@type': 'OpeningHoursSpecification', 'dayOfWeek': ['Monday', 'Tuesday', 'Wednesday', 'Thursday', 'Friday', 'Saturday', 'Sunday'], 'opens': '11:0', 'closes': '21:30'}]","{'@type': 'PostalAddress', 'addressLocality': 'Valley Stream', 'addressRegion': 'NY', 'postalCode': '11580', 'addressCountry': 'US', 'streetAddress': '753 Franklin Ave'}","{'@type': 'GeoCoordinates', 'latitude': 40.6877817, 'longitude': -73.685949}","{'@type': 'AggregateRating', 'ratingValue': 4.3, 'reviewCount': '166'}"
Higuey cafe,https://www.ubereats.com/nyc-suburbs/food-delivery/higuey-cafe/DGtxD0mySkSNs1Y_F5YtNw,carle-place-new-york,"['Spanish', 'Dominican', 'Family Meals']",4.7,81,$$,40.7087185,-73.68476439999999,+15163262445,,,,,"[{'@type': 'OpeningHoursSpecification', 'dayOfWeek': 'Sunday', 'opens': '8:0', 'closes': '20:0'}, {'@type': 'OpeningHoursSpecification', 'dayOfWeek': 'Sunday', 'opens': '13:0', 'closes': '18:0'}, {'@type': 'OpeningHoursSpecification', 'dayOfWeek': 'Sunday', 'opens': '9:0', 'closes': '19:0'}, {'@type': 'OpeningHoursSpecification', 'dayOfWeek': 'Sunday', 'opens': '9:0', 'closes': '20:0'}, {'@type': 'OpeningHoursSpecification', 'dayOfWeek': 'Sunday', 'opens': '6:0', 'closes': '10:0'}, {'@type': 'OpeningHoursSpecification', 'dayOfWeek': ['Monday', 'Tuesday', 'Wednesday'], 'opens': '8:0', 'closes': '20:0'}, {'@type': 'OpeningHoursSpecification', 'dayOfWeek': ['Monday', 'Tuesday', 'Wednesday'], 'opens': '13:0', 'closes': '18:0'}, {'@type': 'OpeningHoursSpecification', 'dayOfWeek': ['Monday', 'Tuesday', 'Wednesday'], 'opens': '8:0', 'closes': '19:0'}, {'@type': 'OpeningHoursSpecification', 'dayOfWeek': ['Monday', 'Tuesday', 'Wednesday'], 'opens': '8:0', 'closes': '19:0'}, {'@type': 'OpeningHoursSpecification', 'dayOfWeek': ['Monday', 'Tuesday', 'Wednesday'], 'opens': '6:0', 'closes': '10:0'}, {'@type': 'OpeningHoursSpecification', 'dayOfWeek': 'Thursday', 'opens': '8:0', 'closes': '20:0'}, {'@type': 'OpeningHoursSpecification', 'dayOfWeek': 'Thursday', 'opens': '13:0', 'closes': '18:0'}, {'@type': 'OpeningHoursSpecification', 'dayOfWeek': 'Thursday', 'opens': '8:0', 'closes': '19:0'}, {'@type': 'OpeningHoursSpecification', 'dayOfWeek': 'Thursday', 'opens': '8:0', 'closes': '19:0'}, {'@type': 'OpeningHoursSpecification', 'dayOfWeek': 'Thursday', 'opens': '8:0', 'closes': '19:0'}, {'@type': 'OpeningHoursSpecification', 'dayOfWeek': 'Thursday', 'opens': '7:0', 'closes': '21:0'}, {'@type': 'OpeningHoursSpecification', 'dayOfWeek': 'Thursday', 'opens': '6:0', 'closes': '10:0'}, {'@type': 'OpeningHoursSpecification', 'dayOfWeek': 'Friday', 'opens': '8:0', 'closes': '20:0'}, {'@type': 'OpeningHoursSpecification', 'dayOfWeek': 'Friday', 'opens': '13:0', 'closes': '18:0'}, {'@type': 'OpeningHoursSpecification', 'dayOfWeek': 'Friday', 'opens': '8:0', 'closes': '19:0'}, {'@type': 'OpeningHoursSpecification', 'dayOfWeek': 'Friday', 'opens': '8:0', 'closes': '19:0'}, {'@type': 'OpeningHoursSpecification', 'dayOfWeek': 'Friday', 'opens': '8:0', 'closes': '19:0'}, {'@type': 'OpeningHoursSpecification', 'dayOfWeek': 'Friday', 'opens': '7:0', 'closes': '21:0'}, {'@type': 'OpeningHoursSpecification', 'dayOfWeek': 'Friday', 'opens': '6:0', 'closes': '10:0'}, {'@type': 'OpeningHoursSpecification', 'dayOfWeek': 'Saturday', 'opens': '8:0', 'closes': '20:0'}, {'@type': 'OpeningHoursSpecification', 'dayOfWeek': 'Saturday', 'opens': '13:0', 'closes': '18:0'}, {'@type': 'OpeningHoursSpecification', 'dayOfWeek': 'Saturday', 'opens': '8:0', 'closes': '19:0'}, {'@type': 'OpeningHoursSpecification', 'dayOfWeek': 'Saturday', 'opens': '8:0', 'closes': '19:0'}, {'@type': 'OpeningHoursSpecification', 'dayOfWeek': 'Saturday', 'opens': '8:0', 'closes': '19:0'}, {'@type': 'OpeningHoursSpecification', 'dayOfWeek': 'Saturday', 'opens': '7:0', 'closes': '21:0'}, {'@type': 'OpeningHoursSpecification', 'dayOfWeek': 'Saturday', 'opens': '6:0', 'closes': '10:0'}]",,"{'@type': 'GeoCoordinates', 'latitude': 40.7087185, 'longitude': -73.68476439999999}","{'@type': 'AggregateRating', 'ratingValue': 4.7, 'reviewCount': '81'}"
Frantoni's Pizzeria & Ristorante (East Meadow),https://www.ubereats.com/nyc-suburbs/food-delivery/frantonis-pizzeria-%26-ristorante-east-meadow/itc4N0PbT5KnR7TeVLT3IQ,carle-place-new-york,"['Italian', 'Pasta', 'Comfort Food']",,,$,40.72319890000001,-73.5655019,+15167947878,11554,1928 Hempstead Tpke,East Meadow,NY,"[{'@type': 'OpeningHoursSpecification', 'dayOfWeek': ['Sunday', 'Monday', 'Tuesday', 'Wednesday', 'Thursday'], 'opens': '11:0', 'closes': '21:0'}, {'@type': 'OpeningHoursSpecification', 'dayOfWeek': ['Sunday', 'Monday', 'Tuesday', 'Wednesday', 'Thursday'], 'opens': '11:0', 'closes': '21:0'}, {'@type': 'OpeningHoursSpecification', 'dayOfWeek': ['Sunday', 'Monday', 'Tuesday', 'Wednesday', 'Thursday'], 'opens': '11:0', 'closes': '21:0'}, {'@type': 'OpeningHoursSpecification', 'dayOfWeek': ['Sunday', 'Monday', 'Tuesday', 'Wednesday', 'Thursday'], 'opens': '11:0', 'closes': '21:0'}, {'@type': 'OpeningHoursSpecification', 'dayOfWeek': ['Sunday', 'Monday', 'Tuesday', 'Wednesday', 'Thursday'], 'opens': '11:0', 'closes': '21:0'}, {'@type': 'OpeningHoursSpecification', 'dayOfWeek': ['Friday', 'Saturday'], 'opens': '11:0', 'closes': '22:0'}, {'@type': 'OpeningHoursSpecification', 'dayOfWeek': ['Friday', 'Saturday'], 'opens': '11:0', 'closes': '22:0'}, {'@type': 'OpeningHoursSpecification', 'dayOfWeek': ['Friday', 'Saturday'], 'opens': '11:0', 'closes': '22:0'}, {'@type': 'OpeningHoursSpecification', 'dayOfWeek': ['Friday', 'Saturday'], 'opens': '11:0', 'closes': '22:0'}, {'@type': 'OpeningHoursSpecification', 'dayOfWeek': ['Friday', 'Saturday'], 'opens': '11:0', 'closes': '22:0'}]","{'@type': 'PostalAddress', 'addressLocality': 'East Meadow', 'addressRegion': 'NY', 'postalCode': '11554', 'addressCountry': 'US', 'streetAddress': '1928 Hempstead Tpke'}","{'@type': 'GeoCoordinates', 'latitude': 40.72319890000001, 'longitude': -73.5655019}",{}
Uncle Steve's Tavern,https://www.ubereats.com/nyc-suburbs/food-delivery/uncle-steves-tavern/Q_bhe6TLQx2aCwqYCtsFdw,carle-place-new-york,"['Italian', 'Pizza', 'Comfort Food']",,,$,40.7927272,-73.6437329,+15166217975,11577,1 Railroad Ave,Roslyn Heights,NY,"[{'@type': 'OpeningHoursSpecification', 'dayOfWeek': ['Tuesday', 'Wednesday'], 'opens': '17:0', 'closes': '23:30'}, {'@type': 'OpeningHoursSpecification', 'dayOfWeek': ['Thursday', 'Friday', 'Saturday'], 'opens': '0:0', 'closes': '1:0'}, {'@type': 'OpeningHoursSpecification', 'dayOfWeek': ['Thursday', 'Friday', 'Saturday'], 'opens': '17:0', 'closes': '23:59'}]","{'@type': 'PostalAddress', 'addressLocality': 'Roslyn Heights', 'addressRegion': 'NY', 'postalCode': '11577', 'addressCountry': 'US', 'streetAddress': '1 Railroad Ave'}","{'@type': 'GeoCoordinates', 'latitude': 40.7927272, 'longitude': -73.6437329}",{}
La Fuente Restaurante,https://www.ubereats.com/nyc-suburbs/food-delivery/la-fuente-restaurante/oXspwOi_QoWllOIpB5_ypQ,carle-place-new-york,"['Latin American', 'Steak', 'Seafood']",4.5,78,$$,40.711292,-73.610084,+15162802890,11550,622 Fulton Ave,Hempstead,New York,"[{'@type': 'OpeningHoursSpecification', 'dayOfWeek': ['Monday', 'Tuesday', 'Wednesday', 'Thursday', 'Friday', 'Saturday', 'Sunday'], 'opens': '6:0', 'closes': '21:0'}]","{'@type': 'PostalAddress', 'addressLocality': 'Hempstead', 'addressRegion': 'New York', 'postalCode': '11550', 'addressCountry': 'US', 'streetAddress': '622 Fulton Ave'}","{'@type': 'GeoCoordinates', 'latitude': 40.711292, 'longitude': -73.610084}","{'@type': 'AggregateRating', 'ratingValue': 4.5, 'reviewCount': '78'}"
Mistas Takeout,https://www.ubereats.com/nyc-suburbs/food-delivery/mistas-takeout/NFvkqTS5Q-aLy8H3QeT6kQ,carle-place-new-york,"['Soul Food', 'American', 'Burgers']",4.4,25,$,40.6737234,-73.5819102,+15165442288,11575,263 Babylon Turnpike,Roosevelt,NY,"[{'@type': 'OpeningHoursSpecification', 'dayOfWeek': ['Wednesday', 'Thursday', 'Friday', 'Saturday'], 'opens': '14:0', 'closes': '20:30'}]","{'@type': 'PostalAddress', 'addressLocality': 'Roosevelt', 'addressRegion': 'NY', 'postalCode': '11575', 'addressCountry': 'US', 'streetAddress': '263 Babylon Turnpike'}","{'@type': 'GeoCoordinates', 'latitude': 40.6737234, 'longitude': -73.5819102}","{'@type': 'AggregateRating', 'ratingValue': 4.4, 'reviewCount': '25'}"
Tom's 2 Kitchen,https://www.ubereats.com/nyc-suburbs/food-delivery/toms-2-kitchen/ufhoOjscQEGPwSdCgkb3_g,carle-place-new-york,"['Chinese', 'Asian', 'Chicken']",4.3,32,$$$$,40.762766,-73.528647,+15168222442,11801,192 W Old Country Rd,Hicksville,NY,"[{'@type': 'OpeningHoursSpecification', 'dayOfWeek': 'Sunday', 'opens': '10:55', 'closes': '22:30'}, {'@type': 'OpeningHoursSpecification', 'dayOfWeek': 'Sunday', 'opens': '11:0', 'closes': '22:30'}, {'@type': 'OpeningHoursSpecification', 'dayOfWeek': 'Sunday', 'opens': '10:55', 'closes': '15:30'}, {'@type': 'OpeningHoursSpecification', 'dayOfWeek': ['Tuesday', 'Wednesday'], 'opens': '10:55', 'closes': '22:30'}, {'@type': 'OpeningHoursSpecification', 'dayOfWeek': ['Tuesday', 'Wednesday'], 'opens': '11:0', 'closes': '22:30'}, {'@type': 'OpeningHoursSpecification', 'dayOfWeek': ['Tuesday', 'Wednesday'], 'opens': '10:55', 'closes': '15:30'}, {'@type': 'OpeningHoursSpecification', 'dayOfWeek': 'Thursday', 'opens': '10:55', 'closes': '22:30'}, {'@type': 'OpeningHoursSpecification', 'dayOfWeek': 'Thursday', 'opens': '11:0', 'closes': '22:0'}, {'@type': 'OpeningHoursSpecification', 'dayOfWeek': 'Thursday', 'opens': '10:55', 'closes': '15:30'}, {'@type': 'OpeningHoursSpecification', 'dayOfWeek': ['Friday', 'Saturday'], 'opens': '10:55', 'closes': '22:30'}, {'@type': 'OpeningHoursSpecification', 'dayOfWeek': ['Friday', 'Saturday'], 'opens': '11:0', 'closes': '22:30'}, {'@type': 'OpeningHoursSpecification', 'dayOfWeek': ['Friday', 'Saturday'], 'opens': '10:55', 'closes': '15:30'}]","{'@type': 'PostalAddress', 'addressLocality': 'Hicksville', 'addressRegion': 'NY', 'postalCode': '11801', 'addressCountry': 'US', 'streetAddress': '192 W Old Country Rd'}","{'@type': 'GeoCoordinates', 'latitude': 40.762766, 'longitude': -73.528647}","{'@type': 'AggregateRating', 'ratingValue': 4.3, 'reviewCount': '32'}"
McDonald's® - Freeport (Merrick Rd),https://www.ubereats.com/nyc-suburbs/food-delivery/mcdonalds-freeport-merrick-rd/cuoSy6TaTYSi_KcZTGIbVA,carle-place-new-york,"['American', 'Fast Food', 'Burgers']",4.5,500,$,40.6525965,-73.5872939,+15166231068,11520,157 W Merrick Rd,Freeport,NY,"[{'@type': 'OpeningHoursSpecification', 'dayOfWeek': ['Monday', 'Tuesday', 'Wednesday', 'Thursday', 'Friday', 'Saturday', 'Sunday'], 'opens': '4:0', 'closes': '10:59'}, {'@type': 'OpeningHoursSpecification', 'dayOfWeek': ['Monday', 'Tuesday', 'Wednesday', 'Thursday', 'Friday', 'Saturday', 'Sunday'], 'opens': '11:0', 'closes': '16:59'}, {'@type': 'OpeningHoursSpecification', 'dayOfWeek': ['Monday', 'Tuesday', 'Wednesday', 'Thursday', 'Friday', 'Saturday', 'Sunday'], 'opens': '17:0', 'closes': '3:59'}]","{'@type': 'PostalAddress', 'addressLocality': 'Freeport', 'addressRegion': 'NY', 'postalCode': '11520', 'addressCountry': 'US', 'streetAddress': '157 W Merrick Rd'}","{'@type': 'GeoCoordinates', 'latitude': 40.6525965, 'longitude': -73.5872939}","{'@type': 'AggregateRating', 'ratingValue': 4.5, 'reviewCount': '500'}"
Jamaican Dutch Pot,https://www.ubereats.com/nyc-suburbs/food-delivery/jamaican-dutch-pot/vtGwBV2KSkiA-nOW-g7HIw,carle-place-new-york,"['Caribbean', 'Seafood', 'Latin American']",4.1,69,$,40.6967728,-73.6152851,+15164860660,11550,157 Baldwin Rd,Hempstead,NY,"[{'@type': 'OpeningHoursSpecification', 'dayOfWeek': ['Monday', 'Tuesday', 'Wednesday', 'Thursday', 'Friday', 'Saturday', 'Sunday'], 'opens': '8:0', 'closes': '23:0'}]","{'@type': 'PostalAddress', 'addressLocality': 'Hempstead', 'addressRegion': 'NY', 'postalCode': '11550', 'addressCountry': 'US', 'streetAddress': '157 Baldwin Rd'}","{'@type': 'GeoCoordinates', 'latitude': 40.6967728, 'longitude': -73.6152851}","{'@type': 'AggregateRating', 'ratingValue': 4.1, 'reviewCount': '69'}"
Blimpie - Uniondale,https://www.ubereats.com/nyc-suburbs/food-delivery/blimpie-uniondale/EiiCiAVWTJCxYukXfMxKJQ,carle-place-new-york,"['Sandwich', 'Salads', 'Fast Food']",,,$,40.721827,-73.606983,+15164141260,11553,317 Oak St,Uniondale,New York,"[{'@type': 'OpeningHoursSpecification', 'dayOfWeek': ['Monday', 'Tuesday', 'Wednesday', 'Thursday', 'Friday'], 'opens': '10:30', 'closes': '19:30'}, {'@type': 'OpeningHoursSpecification', 'dayOfWeek': 'Saturday', 'opens': '10:30', 'closes': '18:30'}]","{'@type': 'PostalAddress', 'addressLocality': 'Uniondale', 'addressRegion': 'New York', 'postalCode': '11553', 'addressCountry': 'US', 'streetAddress': '317 Oak St'}","{'@type': 'GeoCoordinates', 'latitude': 40.721827, 'longitude': -73.606983}",{}
Subway (69 E Shore Rd),https://www.ubereats.com/nyc-suburbs/food-delivery/subway-69-e-shore-rd/FrOKmVFnSUqWbWz_GbR6zA,carle-place-new-york,"['Fast Food', 'Sandwich', 'American']",4.6,52,$,40.7878062,-73.70604209999999,+15163656164,11030,69 E Shore Rd,Manhasset,NY,"[{'@type': 'OpeningHoursSpecification', 'dayOfWeek': 'Sunday', 'opens': '10:0', 'closes': '18:30'}, {'@type': 'OpeningHoursSpecification', 'dayOfWeek': ['Monday', 'Tuesday', 'Wednesday', 'Thursday', 'Friday', 'Saturday'], 'opens': '9:0', 'closes': '19:30'}]","{'@type': 'PostalAddress', 'addressLocality': 'Manhasset', 'addressRegion': 'NY', 'postalCode': '11030', 'addressCountry': 'US', 'streetAddress': '69 E Shore Rd'}","{'@type': 'GeoCoordinates', 'latitude': 40.7878062, 'longitude': -73.70604209999999}","{'@type': 'AggregateRating', 'ratingValue': 4.6, 'reviewCount': '52'}"
Gem stone,https://www.ubereats.com/nyc-suburbs/food-delivery/gem-stone/fb6FQo45Qb20kLYv_hoQQA,carle-place-new-york,"['Chicken', 'Seafood', 'Noodles']",,,$$,40.850871,-73.6351093,+15168014848,11542,188 Glen Cove Ave,NYC Suburbs,NY,"[{'@type': 'OpeningHoursSpecification', 'dayOfWeek': 'Sunday', 'opens': '11:0', 'closes': '22:0'}, {'@type': 'OpeningHoursSpecification', 'dayOfWeek': ['Monday', 'Tuesday', 'Wednesday', 'Thursday', 'Friday'], 'opens': '11:0', 'closes': '22:0'}, {'@type': 'OpeningHoursSpecification', 'dayOfWeek': ['Monday', 'Tuesday', 'Wednesday', 'Thursday', 'Friday'], 'opens': '11:0', 'closes': '15:0'}, {'@type': 'OpeningHoursSpecification', 'dayOfWeek': 'Saturday', 'opens': '11:0', 'closes': '22:0'}]","{'@type': 'PostalAddress', 'addressLocality': 'NYC Suburbs', 'addressRegion': 'NY', 'postalCode': '11542', 'addressCountry': 'US', 'streetAddress': '188 Glen Cove Ave'}","{'@type': 'GeoCoordinates', 'latitude': 40.850871, 'longitude': -73.6351093}",{}
Dunkin' (1106 Hempstead Tpke),https://www.ubereats.com/nyc-suburbs/food-delivery/dunkin-1106-hempstead-tpke/rTlwVJLsR_2WETq7DpzFHQ,carle-place-new-york,"['Breakfast and Brunch', 'Donuts']",4.3,65,$,40.70833229999999,-73.68114380000002,+15163280177,11010,1106 Hempstead Tpke,Franklin Square,NY,"[{'@type': 'OpeningHoursSpecification', 'dayOfWeek': ['Monday', 'Tuesday', 'Wednesday', 'Thursday', 'Friday', 'Saturday', 'Sunday'], 'opens': '6:0', 'closes': '22:0'}]","{'@type': 'PostalAddress', 'addressLocality': 'Franklin Square', 'addressRegion': 'NY', 'postalCode': '11010', 'addressCountry': 'US', 'streetAddress': '1106 Hempstead Tpke'}","{'@type': 'GeoCoordinates', 'latitude': 40.70833229999999, 'longitude': -73.68114380000002}","{'@type': 'AggregateRating', 'ratingValue': 4.3, 'reviewCount': '65'}"
Cena 081,https://www.ubereats.com/nyc-suburbs/food-delivery/cena-081/_l-kSSatSlCDU_By329Gaw,carle-place-new-york,"['Italian', 'Pasta', 'Comfort Food']",,,$,40.75186469999999,-73.5879834,+15163853795,11590,103 Post Ave,Westbury,NY,"[{'@type': 'OpeningHoursSpecification', 'dayOfWeek': 'Sunday', 'opens': '12:0', 'closes': '20:0'}, {'@type': 'OpeningHoursSpecification', 'dayOfWeek': ['Tuesday', 'Wednesday', 'Thursday'], 'opens': '16:0', 'closes': '22:0'}, {'@type': 'OpeningHoursSpecification', 'dayOfWeek': ['Friday', 'Saturday'], 'opens': '16:0', 'closes': '23:0'}]","{'@type': 'PostalAddress', 'addressLocality': 'Westbury', 'addressRegion': 'NY', 'postalCode': '11590', 'addressCountry': 'US', 'streetAddress': '103 Post Ave'}","{'@type': 'GeoCoordinates', 'latitude': 40.75186469999999, 'longitude': -73.5879834}",{}
Wendy's  (1034 Hempstead Turnpike),https://www.ubereats.com/nyc-suburbs/food-delivery/wendys-1034-hempstead-turnpike/srvvzDzwRW6Q7LQ6bgnIQg,carle-place-new-york,"['American', 'Burgers', 'Fast Food', 'Breakfast and Brunch']",4.1,500,$,40.7079196,-73.6782928,+15164886423,11010,1034 Hempstead Turnpike,Franklin Square,NY,"[{'@type': 'OpeningHoursSpecification', 'dayOfWeek': ['Monday', 'Tuesday', 'Wednesday', 'Thursday', 'Friday', 'Saturday', 'Sunday'], 'opens': '10:30', 'closes': '1:30'}, {'@type': 'OpeningHoursSpecification', 'dayOfWeek': ['Monday', 'Tuesday', 'Wednesday', 'Thursday', 'Friday', 'Saturday', 'Sunday'], 'opens': '6:30', 'closes': '10:0'}]","{'@type': 'PostalAddress', 'addressLocality': 'Franklin Square', 'addressRegion': 'NY', 'postalCode': '11010', 'addressCountry': 'US', 'streetAddress': '1034 Hempstead Turnpike'}","{'@type': 'GeoCoordinates', 'latitude': 40.7079196, 'longitude': -73.6782928}","{'@type': 'AggregateRating', 'ratingValue': 4.1, 'reviewCount': '500'}"
Hamza & Madina Halal Food - Hempstead,https://www.ubereats.com/nyc-suburbs/food-delivery/hamza-%26-madina-halal-food-hempstead/N-p98OioTcKZYZfAM9PKPQ,carle-place-new-york,"['Mediterranean', 'Chicken']",4.6,240,$,40.71308389999999,-73.6072008,+15164851000,11550,729 Fulton Ave,Hempstead,NY,"[{'@type': 'OpeningHoursSpecification', 'dayOfWeek': ['Monday', 'Tuesday', 'Wednesday', 'Thursday', 'Friday', 'Saturday', 'Sunday'], 'opens': '12:0', 'closes': '23:30'}, {'@type': 'OpeningHoursSpecification', 'dayOfWeek': ['Monday', 'Tuesday', 'Wednesday', 'Thursday', 'Friday', 'Saturday', 'Sunday'], 'opens': '23:30', 'closes': '2:0'}]","{'@type': 'PostalAddress', 'addressLocality': 'Hempstead', 'addressRegion': 'NY', 'postalCode': '11550', 'addressCountry': 'US', 'streetAddress': '729 Fulton Ave'}","{'@type': 'GeoCoordinates', 'latitude': 40.71308389999999, 'longitude': -73.6072008}","{'@type': 'AggregateRating', 'ratingValue': 4.6, 'reviewCount': '240'}"
Gold & Meyer's Gourmet Deli & Bagelry,https://www.ubereats.com/nyc-suburbs/food-delivery/gold-%26-meyers-gourmet-deli-%26-bagelry/ZpQPsYdMSXGvhbPEnesb2w,carle-place-new-york,"['Burgers', 'American', 'Sandwiches']",,,$,40.77664060000001,-73.4726881,+19177170081,11803,1036 Old Country Rd,Plainview,NY,"[{'@type': 'OpeningHoursSpecification', 'dayOfWeek': 'Monday', 'opens': '2:0', 'closes': '2:1'}]","{'@type': 'PostalAddress', 'addressLocality': 'Plainview', 'addressRegion': 'NY', 'postalCode': '11803', 'addressCountry': 'US', 'streetAddress': '1036 Old Country Rd'}","{'@type': 'GeoCoordinates', 'latitude': 40.77664060000001, 'longitude': -73.4726881}",{}
Starbucks (North Merrick),https://www.ubereats.com/nyc-suburbs/food-delivery/starbucks-north-merrick/-0iu5-1kT9SB7zV97Ajb5g,carle-place-new-york,"['Bakery', 'Breakfast and Brunch', 'Cafe', 'Coffee & Tea']",4.7,210,$,40.6765988,-73.5570433,+15167713457,11566,1713 Merrick Avenue.,North Merrick,NY,"[{'@type': 'OpeningHoursSpecification', 'dayOfWeek': ['Monday', 'Tuesday', 'Wednesday', 'Thursday', 'Friday', 'Saturday', 'Sunday'], 'opens': '6:0', 'closes': '20:0'}]","{'@type': 'PostalAddress', 'addressLocality': 'North Merrick', 'addressRegion': 'NY', 'postalCode': '11566', 'addressCountry': 'US', 'streetAddress': '1713 Merrick Avenue.'}","{'@type': 'GeoCoordinates', 'latitude': 40.6765988, 'longitude': -73.5570433}","{'@type': 'AggregateRating', 'ratingValue': 4.7, 'reviewCount': '210'}"
Pokeworks (8285 Jericho Turnpike),https://www.ubereats.com/nyc-suburbs/food-delivery/pokeworks-8285-jericho-turnpike/XJzASb1bSpaz4_TsHN3NDA,carle-place-new-york,"['Sushi', 'Asian', 'Japanese']",4.8,230,$,40.8170107,-73.4678946,+15162244405,11797,8285 Jericho Turnpike,Woodbury,NY,"[{'@type': 'OpeningHoursSpecification', 'dayOfWeek': ['Monday', 'Tuesday', 'Wednesday', 'Thursday', 'Friday', 'Saturday', 'Sunday'], 'opens': '11:30', 'closes': '20:30'}]","{'@type': 'PostalAddress', 'addressLocality': 'Woodbury', 'addressRegion': 'NY', 'postalCode': '11797', 'addressCountry': 'US', 'streetAddress': '8285 Jericho Turnpike'}","{'@type': 'GeoCoordinates', 'latitude': 40.8170107, 'longitude': -73.4678946}","{'@type': 'AggregateRating', 'ratingValue': 4.8, 'reviewCount': '230'}"
KFC - Jericho (83 Jericho Turnpike),https://www.ubereats.com/nyc-suburbs/food-delivery/kfc-jericho-83-jericho-turnpike/WNkjot-WTu2RN4f-7MsXRA,carle-place-new-york,"['American', 'Southern', 'Fast Food']",4.5,163,$$,40.779,-73.5612,+12818215220,11753,83,Jericho,NY,"[{'@type': 'OpeningHoursSpecification', 'dayOfWeek': 'Sunday', 'opens': '10:0', 'closes': '23:30'}, {'@type': 'OpeningHoursSpecification', 'dayOfWeek': ['Monday', 'Tuesday', 'Wednesday', 'Thursday', 'Friday', 'Saturday'], 'opens': '10:0', 'closes': '0:30'}]","{'@type': 'PostalAddress', 'addressLocality': 'Jericho', 'addressRegion': 'NY', 'postalCode': '11753', 'addressCountry': 'US', 'streetAddress': '83'}","{'@type': 'GeoCoordinates', 'latitude': 40.779, 'longitude': -73.5612}","{'@type': 'AggregateRating', 'ratingValue': 4.5, 'reviewCount': '163'}"
Hong Kong Asian Fusion (Hempstead Tpke),https://www.ubereats.com/nyc-suburbs/food-delivery/hong-kong-asian-fusion-hempstead-tpke/Ux8P7qGzQ0CIy88Y5SUw4Q,carle-place-new-york,"['Seafood', 'American', 'Southern', 'South East Asian']",,,$,40.7226553,-73.5650181,+15162808998,11554,1938 Hempstead Tpke,East Meadow,NY,"[{'@type': 'OpeningHoursSpecification', 'dayOfWeek': 'Sunday', 'opens': '16:0', 'closes': '21:30'}, {'@type': 'OpeningHoursSpecification', 'dayOfWeek': 'Sunday', 'opens': '11:0', 'closes': '15:30'}, {'@type': 'OpeningHoursSpecification', 'dayOfWeek': 'Sunday', 'opens': '16:0', 'closes': '21:30'}, {'@type': 'OpeningHoursSpecification', 'dayOfWeek': ['Monday', 'Tuesday', 'Wednesday', 'Thursday'], 'opens': '11:0', 'closes': '22:0'}, {'@type': 'OpeningHoursSpecification', 'dayOfWeek': ['Monday', 'Tuesday', 'Wednesday', 'Thursday'], 'opens': '11:0', 'closes': '15:30'}, {'@type': 'OpeningHoursSpecification', 'dayOfWeek': ['Monday', 'Tuesday', 'Wednesday', 'Thursday'], 'opens': '11:0', 'closes': '22:0'}, {'@type': 'OpeningHoursSpecification', 'dayOfWeek': ['Friday', 'Saturday'], 'opens': '11:0', 'closes': '23:0'}, {'@type': 'OpeningHoursSpecification', 'dayOfWeek': ['Friday', 'Saturday'], 'opens': '11:0', 'closes': '15:30'}, {'@type': 'OpeningHoursSpecification', 'dayOfWeek': ['Friday', 'Saturday'], 'opens': '11:0', 'closes': '23:0'}]","{'@type': 'PostalAddress', 'addressLocality': 'East Meadow', 'addressRegion': 'NY', 'postalCode': '11554', 'addressCountry': 'US', 'streetAddress': '1938 Hempstead Tpke'}","{'@type': 'GeoCoordinates', 'latitude': 40.7226553, 'longitude': -73.5650181}",{}
The Dawg Pound Bar and Restaurant,https://www.ubereats.com/nyc-suburbs/food-delivery/the-dawg-pound-bar-and-restaurant/JQzL1fQXTti_HXqm6E77tg,carle-place-new-york,"['Wings', 'Salads', 'Sandwich', 'Burgers']",4.6,105,$$,40.721957,-73.516264,+15167195955,11756,162 Gardiners Ave,Levittown,NY,"[{'@type': 'OpeningHoursSpecification', 'dayOfWeek': 'Sunday', 'opens': '12:0', 'closes': '23:59'}, {'@type': 'OpeningHoursSpecification', 'dayOfWeek': 'Sunday', 'opens': '0:1', 'closes': '1:0'}, {'@type': 'OpeningHoursSpecification', 'dayOfWeek': ['Monday', 'Tuesday', 'Wednesday', 'Thursday'], 'opens': '0:5', 'closes': '23:59'}, {'@type': 'OpeningHoursSpecification', 'dayOfWeek': 'Friday', 'opens': '0:5', 'closes': '23:59'}, {'@type': 'OpeningHoursSpecification', 'dayOfWeek': 'Friday', 'opens': '12:0', 'closes': '23:59'}, {'@type': 'OpeningHoursSpecification', 'dayOfWeek': 'Saturday', 'opens': '12:0', 'closes': '23:59'}, {'@type': 'OpeningHoursSpecification', 'dayOfWeek': 'Saturday', 'opens': '0:1', 'closes': '1:0'}, {'@type': 'OpeningHoursSpecification', 'dayOfWeek': 'Saturday', 'opens': '15:0', 'closes': '0:0'}]","{'@type': 'PostalAddress', 'addressLocality': 'Levittown', 'addressRegion': 'NY', 'postalCode': '11756', 'addressCountry': 'US', 'streetAddress': '162 Gardiners Ave'}","{'@type': 'GeoCoordinates', 'latitude': 40.721957, 'longitude': -73.516264}","{'@type': 'AggregateRating', 'ratingValue': 4.6, 'reviewCount': '105'}"
Kandahar Grill,https://www.ubereats.com/nyc-suburbs/food-delivery/kandahar-grill/jw8gyLDdSAioxdgDgbuj_g,carle-place-new-york,"['Halal', 'Chicken', 'Indian']",,,$,40.75687234392743,-73.51123124932772,+15165957886,,,,,"[{'@type': 'OpeningHoursSpecification', 'dayOfWeek': 'Sunday', 'opens': '13:0', 'closes': '23:0'}, {'@type': 'OpeningHoursSpecification', 'dayOfWeek': ['Monday', 'Tuesday', 'Wednesday', 'Thursday'], 'opens': '13:0', 'closes': '22:0'}, {'@type': 'OpeningHoursSpecification', 'dayOfWeek': ['Friday', 'Saturday'], 'opens': '13:0', 'closes': '23:0'}]",,"{'@type': 'GeoCoordinates', 'latitude': 40.75687234392743, 'longitude': -73.51123124932772}",{}
Canz Bar and Grill,https://www.ubereats.com/nyc-suburbs/food-delivery/canz-bar-and-grill/YZoKsz8kQTqCoGOR8dhr-w,carle-place-new-york,"['Wings', 'Burgers', 'Sandwich', 'Family Meals']",4.6,17,$$,40.7467931,-73.5886275,+15162272269,11590,1610 Old Country Rd,NYC Suburbs,NY,"[{'@type': 'OpeningHoursSpecification', 'dayOfWeek': ['Monday', 'Tuesday', 'Wednesday', 'Thursday', 'Friday', 'Saturday', 'Sunday'], 'opens': '12:0', 'closes': '22:0'}, {'@type': 'OpeningHoursSpecification', 'dayOfWeek': ['Monday', 'Tuesday', 'Wednesday', 'Thursday', 'Friday', 'Saturday', 'Sunday'], 'opens': '12:0', 'closes': '22:0'}]","{'@type': 'PostalAddress', 'addressLocality': 'NYC Suburbs', 'addressRegion': 'NY', 'postalCode': '11590', 'addressCountry': 'US', 'streetAddress': '1610 Old Country Rd'}","{'@type': 'GeoCoordinates', 'latitude': 40.7467931, 'longitude': -73.5886275}","{'@type': 'AggregateRating', 'ratingValue': 4.6, 'reviewCount': '17'}"
Everest Himalayan Cuisine - Bellmore,https://www.ubereats.com/nyc-suburbs/food-delivery/everest-himalayan-cuisine-bellmore/Pm8H3_cmSwm0Uq6NyGnb8g,carle-place-new-york,"['Himalayan', 'South East Asian', 'Indian']",4.9,33,$$,40.662025,-73.532564,+15163087129,11710,2518 Merrick Rd,Bellmore,NY,"[{'@type': 'OpeningHoursSpecification', 'dayOfWeek': 'Sunday', 'opens': '12:30', 'closes': '21:0'}, {'@type': 'OpeningHoursSpecification', 'dayOfWeek': ['Tuesday', 'Wednesday'], 'opens': '11:0', 'closes': '21:0'}, {'@type': 'OpeningHoursSpecification', 'dayOfWeek': 'Thursday', 'opens': '10:0', 'closes': '21:0'}, {'@type': 'OpeningHoursSpecification', 'dayOfWeek': ['Friday', 'Saturday'], 'opens': '11:0', 'closes': '22:0'}]","{'@type': 'PostalAddress', 'addressLocality': 'Bellmore', 'addressRegion': 'NY', 'postalCode': '11710', 'addressCountry': 'US', 'streetAddress': '2518 Merrick Rd'}","{'@type': 'GeoCoordinates', 'latitude': 40.662025, 'longitude': -73.532564}","{'@type': 'AggregateRating', 'ratingValue': 4.9, 'reviewCount': '33'}"
Dhoom,https://www.ubereats.com/nyc-suburbs/food-delivery/dhoom/mMqvJAv4SeKmNh2j07axjg,carle-place-new-york,"['Halal', 'Mediterranean', 'Indian', 'Afghan', 'Pakistani']",,,$,40.7690613,-73.5253393,+15169617111,11801,19 N Broadway,Hicksville,NY,"[{'@type': 'OpeningHoursSpecification', 'dayOfWeek': ['Sunday', 'Monday'], 'opens': '11:0', 'closes': '22:40'}, {'@type': 'OpeningHoursSpecification', 'dayOfWeek': ['Wednesday', 'Thursday', 'Friday', 'Saturday'], 'opens': '11:0', 'closes': '22:40'}]","{'@type': 'PostalAddress', 'addressLocality': 'Hicksville', 'addressRegion': 'NY', 'postalCode': '11801', 'addressCountry': 'US', 'streetAddress': '19 N Broadway'}","{'@type': 'GeoCoordinates', 'latitude': 40.7690613, 'longitude': -73.5253393}",{}
Mizuno Sushi,https://www.ubereats.com/nyc-suburbs/food-delivery/mizuno-sushi/yGiZ9mFtTymA-KvS_QATKA,carle-place-new-york,"['Japanese: Sushi', 'Rolls', 'Noodles']",4.8,149,$$,40.69205220000001,-73.5265113,+15167850036,,,,,"[{'@type': 'OpeningHoursSpecification', 'dayOfWeek': 'Sunday', 'opens': '13:0', 'closes': '22:0'}, {'@type': 'OpeningHoursSpecification', 'dayOfWeek': 'Sunday', 'opens': '13:0', 'closes': '22:0'}, {'@type': 'OpeningHoursSpecification', 'dayOfWeek': ['Tuesday', 'Wednesday', 'Thursday'], 'opens': '11:30', 'closes': '22:0'}, {'@type': 'OpeningHoursSpecification', 'dayOfWeek': ['Tuesday', 'Wednesday', 'Thursday'], 'opens': '15:0', 'closes': '22:0'}, {'@type': 'OpeningHoursSpecification', 'dayOfWeek': ['Tuesday', 'Wednesday', 'Thursday'], 'opens': '11:45', 'closes': '15:0'}, {'@type': 'OpeningHoursSpecification', 'dayOfWeek': 'Friday', 'opens': '11:30', 'closes': '23:0'}, {'@type': 'OpeningHoursSpecification', 'dayOfWeek': 'Friday', 'opens': '15:0', 'closes': '23:0'}, {'@type': 'OpeningHoursSpecification', 'dayOfWeek': 'Friday', 'opens': '11:45', 'closes': '15:0'}, {'@type': 'OpeningHoursSpecification', 'dayOfWeek': 'Saturday', 'opens': '12:0', 'closes': '23:0'}, {'@type': 'OpeningHoursSpecification', 'dayOfWeek': 'Saturday', 'opens': '15:0', 'closes': '23:0'}, {'@type': 'OpeningHoursSpecification', 'dayOfWeek': 'Saturday', 'opens': '12:0', 'closes': '15:0'}]",,"{'@type': 'GeoCoordinates', 'latitude': 40.69205220000001, 'longitude': -73.5265113}","{'@type': 'AggregateRating', 'ratingValue': 4.8, 'reviewCount': '149'}"
,https://www.ubereats.com/nyc-suburbs/food-delivery/little-dumpling-bayside/Owr-V5_3R1yPLaEvGeijTA,carle-place-new-york,,,,,,,,,,,,,,,
McDonald's® - Elmont (Hempstead),https://www.ubereats.com/nyc-suburbs/food-delivery/mcdonalds-elmont-hempstead/hb_eaUFQQliSMwE6xql1-w,carle-place-new-york,"['American', 'Fast Food', 'Burgers']",4.4,500,$,40.707764,-73.693516,+15164886680,11003-2401,1420 HEMPSTEAD TRNPK,ELMONT,NY,"[{'@type': 'OpeningHoursSpecification', 'dayOfWeek': 'Sunday', 'opens': '4:0', 'closes': '10:59'}, {'@type': 'OpeningHoursSpecification', 'dayOfWeek': 'Sunday', 'opens': '11:30', 'closes': '16:59'}, {'@type': 'OpeningHoursSpecification', 'dayOfWeek': 'Sunday', 'opens': '17:0', 'closes': '3:59'}, {'@type': 'OpeningHoursSpecification', 'dayOfWeek': ['Monday', 'Tuesday', 'Wednesday', 'Thursday', 'Friday', 'Saturday'], 'opens': '4:0', 'closes': '10:59'}, {'@type': 'OpeningHoursSpecification', 'dayOfWeek': ['Monday', 'Tuesday', 'Wednesday', 'Thursday', 'Friday', 'Saturday'], 'opens': '11:0', 'closes': '16:59'}, {'@type': 'OpeningHoursSpecification', 'dayOfWeek': ['Monday', 'Tuesday', 'Wednesday', 'Thursday', 'Friday', 'Saturday'], 'opens': '17:0', 'closes': '3:59'}]","{'@type': 'PostalAddress', 'addressLocality': 'ELMONT', 'addressRegion': 'NY', 'postalCode': '11003-2401', 'addressCountry': 'US', 'streetAddress': '1420 HEMPSTEAD TRNPK'}","{'@type': 'GeoCoordinates', 'latitude': 40.707764, 'longitude': -73.693516}","{'@type': 'AggregateRating', 'ratingValue': 4.4, 'reviewCount': '500'}"
Mint Express ,https://www.ubereats.com/nyc-suburbs/food-delivery/mint-express/chLi4SmFQ_OIohbwOmoxCg,carle-place-new-york,"['Indian', 'Vegetarian', 'Asian']",,,$,40.74048519999999,-73.61655,+15163078677,11530,1 Ring Rd W,Garden City,New York,"[{'@type': 'OpeningHoursSpecification', 'dayOfWeek': ['Monday', 'Tuesday', 'Wednesday', 'Thursday', 'Friday', 'Saturday', 'Sunday'], 'opens': '16:30', 'closes': '21:30'}]","{'@type': 'PostalAddress', 'addressLocality': 'Garden City', 'addressRegion': 'New York', 'postalCode': '11530', 'addressCountry': 'US', 'streetAddress': '1 Ring Rd W'}","{'@type': 'GeoCoordinates', 'latitude': 40.74048519999999, 'longitude': -73.61655}",{}
Yogurt & Such Cafe Plainview,https://www.ubereats.com/nyc-suburbs/food-delivery/yogurt-%26-such-cafe-plainview/0_2bwPHNQ5OxD94XlR8N0A,carle-place-new-york,"['Ice Cream and Frozen Yogurt', 'Salads', 'Healthy']",,,$,40.78476499999999,-73.5008448,+15169358181,,,,,"[{'@type': 'OpeningHoursSpecification', 'dayOfWeek': ['Monday', 'Tuesday', 'Wednesday', 'Thursday', 'Friday', 'Saturday', 'Sunday'], 'opens': '11:0', 'closes': '22:0'}]",,"{'@type': 'GeoCoordinates', 'latitude': 40.78476499999999, 'longitude': -73.5008448}",{}
Flamin Grill House,https://www.ubereats.com/nyc-suburbs/food-delivery/flamin-grill-house/YqrcB0wRTdG4ka3K34Z2QQ,carle-place-new-york,"['Jamaican', 'Chinese', 'Allergy Friendly']",,,$,40.7072866,-73.6236661,+15164839452,,,,,"[{'@type': 'OpeningHoursSpecification', 'dayOfWeek': ['Monday', 'Tuesday', 'Wednesday', 'Thursday'], 'opens': '9:0', 'closes': '20:0'}, {'@type': 'OpeningHoursSpecification', 'dayOfWeek': 'Friday', 'opens': '9:0', 'closes': '20:0'}, {'@type': 'OpeningHoursSpecification', 'dayOfWeek': 'Friday', 'opens': '11:0', 'closes': '23:0'}, {'@type': 'OpeningHoursSpecification', 'dayOfWeek': 'Saturday', 'opens': '11:0', 'closes': '23:0'}]",,"{'@type': 'GeoCoordinates', 'latitude': 40.7072866, 'longitude': -73.6236661}",{}
,https://www.ubereats.com/nyc-suburbs/food-delivery/jason-deli/YQOfaCyWSTicXX_KahPd7w,carle-place-new-york,,,,,,,,,,,,,,,
"Noches de Colombia - Mineola, NY",https://www.ubereats.com/nyc-suburbs/food-delivery/noches-de-colombia-mineola-ny/5uE33jHQSlWMbm-j66T9FQ,carle-place-new-york,"['Colombian', 'Latin American', 'Latin American']",4.8,68,$,40.7484847,-73.6437246,+15167470861,11501,204 Jericho turnpike,mineola,NY,"[{'@type': 'OpeningHoursSpecification', 'dayOfWeek': 'Sunday', 'opens': '9:0', 'closes': '22:0'}, {'@type': 'OpeningHoursSpecification', 'dayOfWeek': 'Sunday', 'opens': '8:0', 'closes': '21:30'}, {'@type': 'OpeningHoursSpecification', 'dayOfWeek': ['Monday', 'Tuesday', 'Wednesday', 'Thursday'], 'opens': '9:0', 'closes': '22:0'}, {'@type': 'OpeningHoursSpecification', 'dayOfWeek': ['Monday', 'Tuesday', 'Wednesday', 'Thursday'], 'opens': '9:0', 'closes': '21:30'}, {'@type': 'OpeningHoursSpecification', 'dayOfWeek': ['Monday', 'Tuesday', 'Wednesday', 'Thursday'], 'opens': '10:0', 'closes': '21:30'}, {'@type': 'OpeningHoursSpecification', 'dayOfWeek': 'Friday', 'opens': '9:0', 'closes': '22:0'}, {'@type': 'OpeningHoursSpecification', 'dayOfWeek': 'Friday', 'opens': '9:0', 'closes': '21:30'}, {'@type': 'OpeningHoursSpecification', 'dayOfWeek': 'Friday', 'opens': '10:0', 'closes': '17:0'}, {'@type': 'OpeningHoursSpecification', 'dayOfWeek': 'Saturday', 'opens': '9:0', 'closes': '22:0'}, {'@type': 'OpeningHoursSpecification', 'dayOfWeek': 'Saturday', 'opens': '8:0', 'closes': '21:30'}]","{'@type': 'PostalAddress', 'addressLocality': 'mineola', 'addressRegion': 'NY', 'postalCode': '11501', 'addressCountry': 'US', 'streetAddress': '204 Jericho turnpike'}","{'@type': 'GeoCoordinates', 'latitude': 40.7484847, 'longitude': -73.6437246}","{'@type': 'AggregateRating', 'ratingValue': 4.8, 'reviewCount': '68'}"
Ben's Kosher Delicatessen Restaurant & Caterers,https://www.ubereats.com/nyc-suburbs/food-delivery/bens-kosher-delicatessen-restaurant-%26-caterers/oa1E-QP7RZKDO6IdPdyjDg,carle-place-new-york,"['Deli', 'Breakfast and Brunch', 'Desserts']",,,$$,40.7431918,-73.62011269999999,+15167423354,11514,59 Old Country Rd,Carle Place,NY,"[{'@type': 'OpeningHoursSpecification', 'dayOfWeek': ['Monday', 'Tuesday', 'Wednesday', 'Thursday', 'Friday', 'Saturday', 'Sunday'], 'opens': '9:30', 'closes': '19:30'}]","{'@type': 'PostalAddress', 'addressLocality': 'Carle Place', 'addressRegion': 'NY', 'postalCode': '11514', 'addressCountry': 'US', 'streetAddress': '59 Old Country Rd'}","{'@type': 'GeoCoordinates', 'latitude': 40.7431918, 'longitude': -73.62011269999999}",{}
Prost Grill and Garten,https://www.ubereats.com/nyc-suburbs/food-delivery/prost-grill-and-garten/MVV_Ps2fT3KhW1-zVIy_7w,carle-place-new-york,"['German', 'Burgers', 'Sandwich']",,,,40.72456740000001,-73.63415850000001,+15164275215,11530,652 Franklin Ave,Garden City,NY,"[{'@type': 'OpeningHoursSpecification', 'dayOfWeek': ['Sunday', 'Monday', 'Tuesday'], 'opens': '12:0', 'closes': '0:0'}, {'@type': 'OpeningHoursSpecification', 'dayOfWeek': ['Wednesday', 'Thursday', 'Friday', 'Saturday'], 'opens': '12:0', 'closes': '1:0'}]","{'@type': 'PostalAddress', 'addressLocality': 'Garden City', 'addressRegion': 'NY', 'postalCode': '11530', 'addressCountry': 'US', 'streetAddress': '652 Franklin Ave'}","{'@type': 'GeoCoordinates', 'latitude': 40.72456740000001, 'longitude': -73.63415850000001}",{}
Smok-Haus,https://www.ubereats.com/nyc-suburbs/food-delivery/smok-haus/ix-IpCwXQTSo_S-RwCeHAQ,carle-place-new-york,"['BBQ', 'American', 'Burgers']",4.6,58,$,40.7329836,-73.6362477,+15164007100,11530,7 12th st,Garden City,NY,"[{'@type': 'OpeningHoursSpecification', 'dayOfWeek': 'Sunday', 'opens': '12:0', 'closes': '20:0'}, {'@type': 'OpeningHoursSpecification', 'dayOfWeek': ['Tuesday', 'Wednesday', 'Thursday'], 'opens': '11:0', 'closes': '20:0'}, {'@type': 'OpeningHoursSpecification', 'dayOfWeek': 'Friday', 'opens': '11:0', 'closes': '21:0'}, {'@type': 'OpeningHoursSpecification', 'dayOfWeek': 'Saturday', 'opens': '12:0', 'closes': '21:0'}]","{'@type': 'PostalAddress', 'addressLocality': 'Garden City', 'addressRegion': 'NY', 'postalCode': '11530', 'addressCountry': 'US', 'streetAddress': '7 12th st'}","{'@type': 'GeoCoordinates', 'latitude': 40.7329836, 'longitude': -73.6362477}","{'@type': 'AggregateRating', 'ratingValue': 4.6, 'reviewCount': '58'}"
Taco Joe's Westbury,https://www.ubereats.com/nyc-suburbs/food-delivery/taco-joes-westbury/jmPoNAZXSnOfT3cxG2IChA,carle-place-new-york,['Mexican'],,,$,40.7565777,-73.5534314,+15164939166,11590,1137 Old Country Rd,Westbury,NY,"[{'@type': 'OpeningHoursSpecification', 'dayOfWeek': ['Monday', 'Tuesday', 'Wednesday', 'Thursday', 'Friday', 'Saturday', 'Sunday'], 'opens': '11:0', 'closes': '21:45'}]","{'@type': 'PostalAddress', 'addressLocality': 'Westbury', 'addressRegion': 'NY', 'postalCode': '11590', 'addressCountry': 'US', 'streetAddress': '1137 Old Country Rd'}","{'@type': 'GeoCoordinates', 'latitude': 40.7565777, 'longitude': -73.5534314}",{}
Naz's Halal Food (3270 Hempstead Turnpike),https://www.ubereats.com/nyc-suburbs/food-delivery/nazs-halal-food-3270-hempstead-turnpike/7a3eWLCnTUWVJG-axeNXMg,carle-place-new-york,"['Halal', 'Middle Eastern', 'Wings', 'Rice-bowls', 'Sandwich', 'Burgers', 'Chicken', 'Family Meals']",4.7,381,$,40.724809,-73.516326,+15164701825,11756,3270 Hempstead Turnpike,Levittown,NY,"[{'@type': 'OpeningHoursSpecification', 'dayOfWeek': 'Sunday', 'opens': '0:0', 'closes': '3:45'}, {'@type': 'OpeningHoursSpecification', 'dayOfWeek': 'Sunday', 'opens': '10:30', 'closes': '23:59'}, {'@type': 'OpeningHoursSpecification', 'dayOfWeek': ['Monday', 'Tuesday', 'Wednesday', 'Thursday', 'Friday'], 'opens': '0:0', 'closes': '1:45'}, {'@type': 'OpeningHoursSpecification', 'dayOfWeek': ['Monday', 'Tuesday', 'Wednesday', 'Thursday', 'Friday'], 'opens': '10:30', 'closes': '23:59'}, {'@type': 'OpeningHoursSpecification', 'dayOfWeek': 'Saturday', 'opens': '0:0', 'closes': '3:45'}, {'@type': 'OpeningHoursSpecification', 'dayOfWeek': 'Saturday', 'opens': '10:30', 'closes': '23:59'}]","{'@type': 'PostalAddress', 'addressLocality': 'Levittown', 'addressRegion': 'NY', 'postalCode': '11756', 'addressCountry': 'US', 'streetAddress': '3270 Hempstead Turnpike'}","{'@type': 'GeoCoordinates', 'latitude': 40.724809, 'longitude': -73.516326}","{'@type': 'AggregateRating', 'ratingValue': 4.7, 'reviewCount': '381'}"
Wing Wong Kitchen,https://www.ubereats.com/nyc-suburbs/food-delivery/wing-wong-kitchen/dDiQOfKsTS6eKGgF4j7d0Q,carle-place-new-york,"['Chinese', 'Asian', 'Asian Fusion']",4.7,39,$,40.7558884,-73.6235876,+15168777830,11501,340 E Jericho Tpke,Mineola,NY,"[{'@type': 'OpeningHoursSpecification', 'dayOfWeek': 'Sunday', 'opens': '12:0', 'closes': '21:0'}, {'@type': 'OpeningHoursSpecification', 'dayOfWeek': 'Sunday', 'opens': '11:0', 'closes': '15:0'}, {'@type': 'OpeningHoursSpecification', 'dayOfWeek': ['Monday', 'Tuesday', 'Wednesday', 'Thursday', 'Friday', 'Saturday'], 'opens': '11:0', 'closes': '21:0'}, {'@type': 'OpeningHoursSpecification', 'dayOfWeek': ['Monday', 'Tuesday', 'Wednesday', 'Thursday', 'Friday', 'Saturday'], 'opens': '11:0', 'closes': '15:0'}]","{'@type': 'PostalAddress', 'addressLocality': 'Mineola', 'addressRegion': 'NY', 'postalCode': '11501', 'addressCountry': 'US', 'streetAddress': '340 E Jericho Tpke'}","{'@type': 'GeoCoordinates', 'latitude': 40.7558884, 'longitude': -73.6235876}","{'@type': 'AggregateRating', 'ratingValue': 4.7, 'reviewCount': '39'}"
Anatolia Mediterranean & Grill ,https://www.ubereats.com/nyc-suburbs/food-delivery/anatolia-mediterranean-%26-grill/SYjsrABdTEmB15aO7U2fcw,carle-place-new-york,"['Middle Eastern', 'Halal']",4.7,103,$,40.70206530000001,-73.6446124,+15162805858,11552,183 Hempstead Ave,NYC Suburbs,NY,"[{'@type': 'OpeningHoursSpecification', 'dayOfWeek': ['Monday', 'Tuesday', 'Wednesday', 'Thursday', 'Friday', 'Saturday', 'Sunday'], 'opens': '10:15', 'closes': '21:45'}]","{'@type': 'PostalAddress', 'addressLocality': 'NYC Suburbs', 'addressRegion': 'NY', 'postalCode': '11552', 'addressCountry': 'US', 'streetAddress': '183 Hempstead Ave'}","{'@type': 'GeoCoordinates', 'latitude': 40.70206530000001, 'longitude': -73.6446124}","{'@type': 'AggregateRating', 'ratingValue': 4.7, 'reviewCount': '103'}"
MOE'S (90 Northern Boulevard),https://www.ubereats.com/nyc-suburbs/food-delivery/moes-90-northern-boulevard/S027q_h3R8qDysrL3VcHmg,carle-place-new-york,"['Mexican', 'Fast Food', 'Kids Friendly', 'Family Meals']",4.5,193,$,40.8082503,-73.6288771,+15166213349,11548,90 Northern Boulevard,Greenvale,NY,"[{'@type': 'OpeningHoursSpecification', 'dayOfWeek': 'Sunday', 'opens': '11:0', 'closes': '21:0'}, {'@type': 'OpeningHoursSpecification', 'dayOfWeek': ['Monday', 'Tuesday', 'Wednesday', 'Thursday', 'Friday', 'Saturday'], 'opens': '11:0', 'closes': '21:45'}]","{'@type': 'PostalAddress', 'addressLocality': 'Greenvale', 'addressRegion': 'NY', 'postalCode': '11548', 'addressCountry': 'US', 'streetAddress': '90 Northern Boulevard'}","{'@type': 'GeoCoordinates', 'latitude': 40.8082503, 'longitude': -73.6288771}","{'@type': 'AggregateRating', 'ratingValue': 4.5, 'reviewCount': '193'}"
Subway (2105-17 Hillside Ave),https://www.ubereats.com/nyc-suburbs/food-delivery/subway-2105-17-hillside-ave/9yZoTDk8ShqPrXwWnQM9ew,carle-place-new-york,"['Fast Food', 'Sandwich', 'American']",,,$,40.751446,-73.673637,+15167439888,,,,,"[{'@type': 'OpeningHoursSpecification', 'dayOfWeek': ['Monday', 'Tuesday', 'Wednesday', 'Thursday', 'Friday', 'Saturday', 'Sunday'], 'opens': '9:0', 'closes': '20:30'}]",,"{'@type': 'GeoCoordinates', 'latitude': 40.751446, 'longitude': -73.673637}",{}
Taco Bell (3946 Hempstead Turnpike),https://www.ubereats.com/nyc-suburbs/food-delivery/taco-bell-3946-hempstead-turnpike/-Kz4bJNIQfe_rD99daNVkg,carle-place-new-york,"['Burritos', 'Fast Food', 'Mexican']",4.3,383,$,40.72501809999999,-73.4902476,+15167350997,11756,3946 Hempstead Turnpike,Levittown,NY,"[{'@type': 'OpeningHoursSpecification', 'dayOfWeek': ['Monday', 'Tuesday', 'Wednesday', 'Thursday', 'Friday', 'Saturday', 'Sunday'], 'opens': '14:0', 'closes': '17:0'}, {'@type': 'OpeningHoursSpecification', 'dayOfWeek': ['Monday', 'Tuesday', 'Wednesday', 'Thursday', 'Friday', 'Saturday', 'Sunday'], 'opens': '8:0', 'closes': '1:30'}, {'@type': 'OpeningHoursSpecification', 'dayOfWeek': ['Monday', 'Tuesday', 'Wednesday', 'Thursday', 'Friday', 'Saturday', 'Sunday'], 'opens': '8:0', 'closes': '10:30'}]","{'@type': 'PostalAddress', 'addressLocality': 'Levittown', 'addressRegion': 'NY', 'postalCode': '11756', 'addressCountry': 'US', 'streetAddress': '3946 Hempstead Turnpike'}","{'@type': 'GeoCoordinates', 'latitude': 40.72501809999999, 'longitude': -73.4902476}","{'@type': 'AggregateRating', 'ratingValue': 4.3, 'reviewCount': '383'}"
Jersey Mike's (202 Glen Cove Road),https://www.ubereats.com/nyc-suburbs/food-delivery/jersey-mikes-202-glen-cove-road/ZS7-5PHsTZG0RsvgkTeAuA,carle-place-new-york,"['Sandwich', 'American']",4.6,131,$,40.747255,-73.617853,+15168651200,11514,202 Glen Cove Road,Carle Place,NY,"[{'@type': 'OpeningHoursSpecification', 'dayOfWeek': ['Monday', 'Tuesday', 'Wednesday', 'Thursday', 'Friday', 'Saturday', 'Sunday'], 'opens': '10:0', 'closes': '20:30'}]","{'@type': 'PostalAddress', 'addressLocality': 'Carle Place', 'addressRegion': 'NY', 'postalCode': '11514', 'addressCountry': 'US', 'streetAddress': '202 Glen Cove Road'}","{'@type': 'GeoCoordinates', 'latitude': 40.747255, 'longitude': -73.617853}","{'@type': 'AggregateRating', 'ratingValue': 4.6, 'reviewCount': '131'}"
MOE'S (674 Stewart Ave.),https://www.ubereats.com/nyc-suburbs/food-delivery/moes-674-stewart-ave/aUZRrHhqT-yKfn5bQGxc3Q,carle-place-new-york,"['Mexican', 'Fast Food', 'Salads', 'Family Meals']",4.6,177,$,40.7317081,-73.6089602,+15167948200,11530,674 Stewart Ave.,Garden City,NY,"[{'@type': 'OpeningHoursSpecification', 'dayOfWeek': 'Sunday', 'opens': '11:0', 'closes': '21:0'}, {'@type': 'OpeningHoursSpecification', 'dayOfWeek': ['Monday', 'Tuesday', 'Wednesday', 'Thursday', 'Friday', 'Saturday'], 'opens': '11:0', 'closes': '21:45'}]","{'@type': 'PostalAddress', 'addressLocality': 'Garden City', 'addressRegion': 'NY', 'postalCode': '11530', 'addressCountry': 'US', 'streetAddress': '674 Stewart Ave.'}","{'@type': 'GeoCoordinates', 'latitude': 40.7317081, 'longitude': -73.6089602}","{'@type': 'AggregateRating', 'ratingValue': 4.6, 'reviewCount': '177'}"
Burger King (1131 Wantagh Avenue),https://www.ubereats.com/nyc-suburbs/food-delivery/burger-king-1131-wantagh-avenue/YPsBvcY-RUaHb1jnYPWESg,carle-place-new-york,"['American', 'burger', 'Fast Food']",4.7,97,$,40.6955785,-73.50672420000001,+15166799191,11793,1131,Wantagh,NY,"[{'@type': 'OpeningHoursSpecification', 'dayOfWeek': ['Monday', 'Tuesday', 'Wednesday', 'Thursday', 'Friday', 'Saturday', 'Sunday'], 'opens': '7:0', 'closes': '10:29'}, {'@type': 'OpeningHoursSpecification', 'dayOfWeek': ['Monday', 'Tuesday', 'Wednesday', 'Thursday', 'Friday', 'Saturday', 'Sunday'], 'opens': '10:30', 'closes': '23:30'}]","{'@type': 'PostalAddress', 'addressLocality': 'Wantagh', 'addressRegion': 'NY', 'postalCode': '11793', 'addressCountry': 'US', 'streetAddress': '1131'}","{'@type': 'GeoCoordinates', 'latitude': 40.6955785, 'longitude': -73.50672420000001}","{'@type': 'AggregateRating', 'ratingValue': 4.7, 'reviewCount': '97'}"
Avo Taco - New Hyde Park,https://www.ubereats.com/nyc-suburbs/food-delivery/avo-taco-new-hyde-park/U8zxlNC4QzuDqSYa3jL1ug,carle-place-new-york,"['Mexican', 'Seafood', 'Vegetarian']",4.7,398,$,40.741688,-73.660427,+15163732340,11040,2340 Jericho Turnpike,Garden City Park,New York,"[{'@type': 'OpeningHoursSpecification', 'dayOfWeek': ['Monday', 'Tuesday', 'Wednesday', 'Thursday', 'Friday', 'Saturday', 'Sunday'], 'opens': '11:0', 'closes': '20:30'}]","{'@type': 'PostalAddress', 'addressLocality': 'Garden City Park', 'addressRegion': 'New York', 'postalCode': '11040', 'addressCountry': 'US', 'streetAddress': '2340 Jericho Turnpike'}","{'@type': 'GeoCoordinates', 'latitude': 40.741688, 'longitude': -73.660427}","{'@type': 'AggregateRating', 'ratingValue': 4.7, 'reviewCount': '398'}"
Melt's Wing Shop - Roosevelt Field Mall,https://www.ubereats.com/nyc-suburbs/food-delivery/melts-wing-shop-roosevelt-field-mall/9lrRftaOQZqtnPzR8qFSfQ,carle-place-new-york,"['Burgers', 'American', 'Sandwiches', 'Wings']",,,$,40.7377313,-73.61312319999999,+15164053221,11530,630 Old Country Road,New York,NY,"[{'@type': 'OpeningHoursSpecification', 'dayOfWeek': 'Sunday', 'opens': '12:0', 'closes': '17:30'}, {'@type': 'OpeningHoursSpecification', 'dayOfWeek': ['Monday', 'Tuesday', 'Wednesday', 'Thursday', 'Friday', 'Saturday'], 'opens': '11:0', 'closes': '18:30'}]","{'@type': 'PostalAddress', 'addressLocality': 'New York', 'addressRegion': 'NY', 'postalCode': '11530', 'addressCountry': 'US', 'streetAddress': '630 Old Country Road'}","{'@type': 'GeoCoordinates', 'latitude': 40.7377313, 'longitude': -73.61312319999999}",{}
choppers burger bar,https://www.ubereats.com/nyc-suburbs/food-delivery/choppers-burger-bar/Yc6TpkddSM-rV0hJAtIRwg,carle-place-new-york,"['Burgers', 'American', 'Sandwiches']",4.7,154,$,40.8325608,-73.63002689999999,+15164032299,11545,671 Glen Cove Ave,Glen Head,NY,"[{'@type': 'OpeningHoursSpecification', 'dayOfWeek': ['Monday', 'Tuesday', 'Wednesday', 'Thursday', 'Friday', 'Saturday', 'Sunday'], 'opens': '11:0', 'closes': '20:45'}]","{'@type': 'PostalAddress', 'addressLocality': 'Glen Head', 'addressRegion': 'NY', 'postalCode': '11545', 'addressCountry': 'US', 'streetAddress': '671 Glen Cove Ave'}","{'@type': 'GeoCoordinates', 'latitude': 40.8325608, 'longitude': -73.63002689999999}","{'@type': 'AggregateRating', 'ratingValue': 4.7, 'reviewCount': '154'}"
365 Spicy Mala Town 麻辣香锅,https://www.ubereats.com/nyc-suburbs/food-delivery/365-spicy-mala-town-%E9%BA%BB%E8%BE%A3%E9%A6%99%E9%94%85/0Dp9XLUdQ46yHwAYAtc1fQ,carle-place-new-york,"['Chinese', 'BBQ', 'Asian']",5.0,13,$,40.7708534,-73.50244409999999,+15166698115,11801,478 Plainview Rd,Hicksville,NY,"[{'@type': 'OpeningHoursSpecification', 'dayOfWeek': 'Sunday', 'opens': '11:0', 'closes': '20:20'}, {'@type': 'OpeningHoursSpecification', 'dayOfWeek': ['Monday', 'Tuesday'], 'opens': '11:0', 'closes': '20:20'}, {'@type': 'OpeningHoursSpecification', 'dayOfWeek': ['Monday', 'Tuesday'], 'opens': '11:30', 'closes': '15:0'}, {'@type': 'OpeningHoursSpecification', 'dayOfWeek': 'Wednesday', 'opens': '11:30', 'closes': '15:0'}, {'@type': 'OpeningHoursSpecification', 'dayOfWeek': ['Thursday', 'Friday'], 'opens': '11:0', 'closes': '20:20'}, {'@type': 'OpeningHoursSpecification', 'dayOfWeek': ['Thursday', 'Friday'], 'opens': '11:30', 'closes': '15:0'}, {'@type': 'OpeningHoursSpecification', 'dayOfWeek': 'Saturday', 'opens': '11:0', 'closes': '20:20'}]","{'@type': 'PostalAddress', 'addressLocality': 'Hicksville', 'addressRegion': 'NY', 'postalCode': '11801', 'addressCountry': 'US', 'streetAddress': '478 Plainview Rd'}","{'@type': 'GeoCoordinates', 'latitude': 40.7708534, 'longitude': -73.50244409999999}","{'@type': 'AggregateRating', 'ratingValue': 5, 'reviewCount': '13'}"
Corner Deli and Cafe,https://www.ubereats.com/nyc-suburbs/food-delivery/corner-deli-and-cafe/ncfDOOXDQaqw75Kx0wvAqw,carle-place-new-york,"['Sandwich', 'Salads', 'Deli']",,,$,40.7729238,-73.51684879999999,+15162001062,,,,,"[{'@type': 'OpeningHoursSpecification', 'dayOfWeek': 'Sunday', 'opens': '8:0', 'closes': '14:0'}, {'@type': 'OpeningHoursSpecification', 'dayOfWeek': 'Sunday', 'opens': '8:0', 'closes': '14:0'}, {'@type': 'OpeningHoursSpecification', 'dayOfWeek': ['Monday', 'Tuesday', 'Wednesday', 'Thursday', 'Friday'], 'opens': '7:0', 'closes': '19:0'}, {'@type': 'OpeningHoursSpecification', 'dayOfWeek': ['Monday', 'Tuesday', 'Wednesday', 'Thursday', 'Friday'], 'opens': '7:0', 'closes': '19:0'}, {'@type': 'OpeningHoursSpecification', 'dayOfWeek': 'Saturday', 'opens': '8:0', 'closes': '17:0'}, {'@type': 'OpeningHoursSpecification', 'dayOfWeek': 'Saturday', 'opens': '8:0', 'closes': '17:0'}]",,"{'@type': 'GeoCoordinates', 'latitude': 40.7729238, 'longitude': -73.51684879999999}",{}
McDonald's® - Mineola (Jericho),https://www.ubereats.com/nyc-suburbs/food-delivery/mcdonalds-mineola-jericho/lBPT8LhKRcCJNuHNIqHfDA,carle-place-new-york,"['American', 'Fast Food', 'Burgers']",4.7,234,$,40.750625,-73.637901,+15162488402,11501,60 JERICHO TPKE,MINEOLA,NY,"[{'@type': 'OpeningHoursSpecification', 'dayOfWeek': 'Sunday', 'opens': '6:0', 'closes': '11:29'}, {'@type': 'OpeningHoursSpecification', 'dayOfWeek': 'Sunday', 'opens': '11:30', 'closes': '16:59'}, {'@type': 'OpeningHoursSpecification', 'dayOfWeek': 'Sunday', 'opens': '17:0', 'closes': '20:30'}, {'@type': 'OpeningHoursSpecification', 'dayOfWeek': ['Monday', 'Tuesday', 'Wednesday', 'Thursday', 'Friday'], 'opens': '6:0', 'closes': '10:29'}, {'@type': 'OpeningHoursSpecification', 'dayOfWeek': ['Monday', 'Tuesday', 'Wednesday', 'Thursday', 'Friday'], 'opens': '10:30', 'closes': '16:59'}, {'@type': 'OpeningHoursSpecification', 'dayOfWeek': ['Monday', 'Tuesday', 'Wednesday', 'Thursday', 'Friday'], 'opens': '17:0', 'closes': '20:30'}, {'@type': 'OpeningHoursSpecification', 'dayOfWeek': 'Saturday', 'opens': '6:0', 'closes': '10:59'}, {'@type': 'OpeningHoursSpecification', 'dayOfWeek': 'Saturday', 'opens': '11:0', 'closes': '16:59'}, {'@type': 'OpeningHoursSpecification', 'dayOfWeek': 'Saturday', 'opens': '17:0', 'closes': '20:30'}]","{'@type': 'PostalAddress', 'addressLocality': 'MINEOLA', 'addressRegion': 'NY', 'postalCode': '11501', 'addressCountry': 'US', 'streetAddress': '60 JERICHO TPKE'}","{'@type': 'GeoCoordinates', 'latitude': 40.750625, 'longitude': -73.637901}","{'@type': 'AggregateRating', 'ratingValue': 4.7, 'reviewCount': '234'}"
Yogurt & Such Cafe Westbury,https://www.ubereats.com/nyc-suburbs/food-delivery/yogurt-%26-such-cafe-westbury/MbJ6aisVS1OOHxfqEwzNjQ,carle-place-new-york,['Ice Cream and Frozen Yogurt'],,,$,40.77611530000001,-73.4652311,+15164939166,11803,1137 Old Country Rd,Plainview,New York,"[{'@type': 'OpeningHoursSpecification', 'dayOfWeek': ['Monday', 'Tuesday', 'Wednesday', 'Thursday', 'Friday', 'Saturday', 'Sunday'], 'opens': '11:0', 'closes': '22:0'}]","{'@type': 'PostalAddress', 'addressLocality': 'Plainview', 'addressRegion': 'New York', 'postalCode': '11803', 'addressCountry': 'US', 'streetAddress': '1137 Old Country Rd'}","{'@type': 'GeoCoordinates', 'latitude': 40.77611530000001, 'longitude': -73.4652311}",{}
Phat Philly Cheesesteaks,https://www.ubereats.com/nyc-suburbs/food-delivery/phat-philly-cheesesteaks/69amUWG6QECq5JmoJ79WBg,carle-place-new-york,"['Burgers', 'American', 'Sandwiches']",,,$,40.7222904,-73.688547,+15163267400,11001,27 Covert Avenue,Floral Park,NY,"[{'@type': 'OpeningHoursSpecification', 'dayOfWeek': 'Sunday', 'opens': '8:30', 'closes': '13:30'}, {'@type': 'OpeningHoursSpecification', 'dayOfWeek': 'Monday', 'opens': '8:30', 'closes': '15:30'}, {'@type': 'OpeningHoursSpecification', 'dayOfWeek': ['Tuesday', 'Wednesday', 'Thursday', 'Friday'], 'opens': '8:30', 'closes': '17:30'}, {'@type': 'OpeningHoursSpecification', 'dayOfWeek': 'Saturday', 'opens': '8:30', 'closes': '12:0'}, {'@type': 'OpeningHoursSpecification', 'dayOfWeek': 'Saturday', 'opens': '14:0', 'closes': '16:30'}]","{'@type': 'PostalAddress', 'addressLocality': 'Floral Park', 'addressRegion': 'NY', 'postalCode': '11001', 'addressCountry': 'US', 'streetAddress': '27 Covert Avenue'}","{'@type': 'GeoCoordinates', 'latitude': 40.7222904, 'longitude': -73.688547}",{}
Gino's Pizza Syosset,https://www.ubereats.com/nyc-suburbs/food-delivery/ginos-pizza-syosset/Rl-FikjTRaqJ1VRTI6JVWQ,carle-place-new-york,"['Pizza', 'American', 'Italian', 'Allergy Friendly']",,,$,40.811707,-73.49439699999999,+15169216500,11791,637 Jericho Turnpike,Syosset,NY,"[{'@type': 'OpeningHoursSpecification', 'dayOfWeek': ['Sunday', 'Monday', 'Tuesday', 'Wednesday', 'Thursday'], 'opens': '11:0', 'closes': '21:30'}, {'@type': 'OpeningHoursSpecification', 'dayOfWeek': ['Sunday', 'Monday', 'Tuesday', 'Wednesday', 'Thursday'], 'opens': '11:0', 'closes': '21:30'}, {'@type': 'OpeningHoursSpecification', 'dayOfWeek': ['Friday', 'Saturday'], 'opens': '11:0', 'closes': '22:0'}]","{'@type': 'PostalAddress', 'addressLocality': 'Syosset', 'addressRegion': 'NY', 'postalCode': '11791', 'addressCountry': 'US', 'streetAddress': '637 Jericho Turnpike'}","{'@type': 'GeoCoordinates', 'latitude': 40.811707, 'longitude': -73.49439699999999}",{}
Tocolo Cantina,https://www.ubereats.com/nyc-suburbs/food-delivery/tocolo-cantina/5Bjc4WYmT8WILZFXGqsqLw,carle-place-new-york,"['Mexican', 'Tex Mex', 'Allergy Friendly', 'Family Meals']",4.8,23,$$,40.744151,-73.603877,+15162220060,11530,920 Old Country Rd,Garden City,NY,"[{'@type': 'OpeningHoursSpecification', 'dayOfWeek': 'Sunday', 'opens': '12:0', 'closes': '19:30'}, {'@type': 'OpeningHoursSpecification', 'dayOfWeek': 'Sunday', 'opens': '11:30', 'closes': '20:0'}, {'@type': 'OpeningHoursSpecification', 'dayOfWeek': 'Monday', 'opens': '16:0', 'closes': '19:30'}, {'@type': 'OpeningHoursSpecification', 'dayOfWeek': 'Monday', 'opens': '11:30', 'closes': '21:0'}, {'@type': 'OpeningHoursSpecification', 'dayOfWeek': 'Tuesday', 'opens': '16:0', 'closes': '19:30'}, {'@type': 'OpeningHoursSpecification', 'dayOfWeek': 'Tuesday', 'opens': '11:30', 'closes': '21:0'}, {'@type': 'OpeningHoursSpecification', 'dayOfWeek': 'Tuesday', 'opens': '1:0', 'closes': '2:0'}, {'@type': 'OpeningHoursSpecification', 'dayOfWeek': ['Wednesday', 'Thursday'], 'opens': '16:0', 'closes': '19:30'}, {'@type': 'OpeningHoursSpecification', 'dayOfWeek': ['Wednesday', 'Thursday'], 'opens': '11:30', 'closes': '21:0'}, {'@type': 'OpeningHoursSpecification', 'dayOfWeek': 'Friday', 'opens': '12:0', 'closes': '20:30'}, {'@type': 'OpeningHoursSpecification', 'dayOfWeek': 'Friday', 'opens': '11:30', 'closes': '21:0'}, {'@type': 'OpeningHoursSpecification', 'dayOfWeek': 'Saturday', 'opens': '12:0', 'closes': '20:30'}, {'@type': 'OpeningHoursSpecification', 'dayOfWeek': 'Saturday', 'opens': '11:30', 'closes': '20:0'}]","{'@type': 'PostalAddress', 'addressLocality': 'Garden City', 'addressRegion': 'NY', 'postalCode': '11530', 'addressCountry': 'US', 'streetAddress': '920 Old Country Rd'}","{'@type': 'GeoCoordinates', 'latitude': 40.744151, 'longitude': -73.603877}","{'@type': 'AggregateRating', 'ratingValue': 4.8, 'reviewCount': '23'}"
Dunkin' (120 Old Country Rd),https://www.ubereats.com/nyc-suburbs/food-delivery/dunkin-120-old-country-rd/3i_iOE9GTUqZmTaj6cR_UA,carle-place-new-york,"['Breakfast and Brunch', 'Donuts']",4.9,47,$,40.7399569,-73.6353393,+15168732500,11501,120 Old Country Rd,Mineola,NY,"[{'@type': 'OpeningHoursSpecification', 'dayOfWeek': 'Sunday', 'opens': '5:31', 'closes': '17:30'}, {'@type': 'OpeningHoursSpecification', 'dayOfWeek': ['Monday', 'Tuesday', 'Wednesday', 'Thursday', 'Friday'], 'opens': '5:30', 'closes': '18:33'}, {'@type': 'OpeningHoursSpecification', 'dayOfWeek': 'Saturday', 'opens': '5:31', 'closes': '17:30'}]","{'@type': 'PostalAddress', 'addressLocality': 'Mineola', 'addressRegion': 'NY', 'postalCode': '11501', 'addressCountry': 'US', 'streetAddress': '120 Old Country Rd'}","{'@type': 'GeoCoordinates', 'latitude': 40.7399569, 'longitude': -73.6353393}","{'@type': 'AggregateRating', 'ratingValue': 4.9, 'reviewCount': '47'}"
Sakaya Japanese Restaurant,https://www.ubereats.com/nyc-suburbs/food-delivery/sakaya-japanese-restaurant/CMHhzODzSY--J1o8uEv4vg,carle-place-new-york,"['Japanese', 'Asian', 'Sushi']",4.6,19,$,40.7758941,-73.6500107,+15166211887,11507,1162 Willis Avenue,Albertson,NY,"[{'@type': 'OpeningHoursSpecification', 'dayOfWeek': 'Sunday', 'opens': '13:0', 'closes': '21:0'}, {'@type': 'OpeningHoursSpecification', 'dayOfWeek': ['Tuesday', 'Wednesday', 'Thursday', 'Friday'], 'opens': '12:0', 'closes': '15:0'}, {'@type': 'OpeningHoursSpecification', 'dayOfWeek': ['Tuesday', 'Wednesday', 'Thursday', 'Friday'], 'opens': '17:0', 'closes': '21:0'}, {'@type': 'OpeningHoursSpecification', 'dayOfWeek': ['Tuesday', 'Wednesday', 'Thursday', 'Friday'], 'opens': '12:0', 'closes': '15:0'}, {'@type': 'OpeningHoursSpecification', 'dayOfWeek': 'Saturday', 'opens': '13:0', 'closes': '21:0'}]","{'@type': 'PostalAddress', 'addressLocality': 'Albertson', 'addressRegion': 'NY', 'postalCode': '11507', 'addressCountry': 'US', 'streetAddress': '1162 Willis Avenue'}","{'@type': 'GeoCoordinates', 'latitude': 40.7758941, 'longitude': -73.6500107}","{'@type': 'AggregateRating', 'ratingValue': 4.6, 'reviewCount': '19'}"
Pasqually's Pizza & Wings (162 Fullton Ave.),https://www.ubereats.com/nyc-suburbs/food-delivery/pasquallys-pizza-%26-wings-162-fullton-ave/yZx6DurmSoa7bqMeY2Svdw,carle-place-new-york,"['Pizza', 'Italian', 'Wings']",,,$,40.70708399999999,-73.629161,+15164831908,11550,162 Fullton Ave.,Hempstead,NY,"[{'@type': 'OpeningHoursSpecification', 'dayOfWeek': ['Monday', 'Tuesday', 'Wednesday', 'Thursday', 'Friday', 'Saturday', 'Sunday'], 'opens': '11:0', 'closes': '20:0'}]","{'@type': 'PostalAddress', 'addressLocality': 'Hempstead', 'addressRegion': 'NY', 'postalCode': '11550', 'addressCountry': 'US', 'streetAddress': '162 Fullton Ave.'}","{'@type': 'GeoCoordinates', 'latitude': 40.70708399999999, 'longitude': -73.629161}",{}
Burger King (2450 Hempstead Turnpike),https://www.ubereats.com/nyc-suburbs/food-delivery/burger-king-2450-hempstead-turnpike/iqJ3PtnNSnSC5bA3OC06XQ,carle-place-new-york,"['American', 'burger', 'Fast Food']",4.6,282,$,40.7243565,-73.5452871,+15167312397,11554,2450 Hempstead Turnpike,East Meadow,NY,"[{'@type': 'OpeningHoursSpecification', 'dayOfWeek': 'Sunday', 'opens': '6:30', 'closes': '10:29'}, {'@type': 'OpeningHoursSpecification', 'dayOfWeek': 'Sunday', 'opens': '10:30', 'closes': '23:59'}, {'@type': 'OpeningHoursSpecification', 'dayOfWeek': 'Sunday', 'opens': '0:0', 'closes': '4:30'}, {'@type': 'OpeningHoursSpecification', 'dayOfWeek': ['Monday', 'Tuesday', 'Wednesday', 'Thursday', 'Friday', 'Saturday'], 'opens': '6:30', 'closes': '10:29'}, {'@type': 'OpeningHoursSpecification', 'dayOfWeek': ['Monday', 'Tuesday', 'Wednesday', 'Thursday', 'Friday', 'Saturday'], 'opens': '0:0', 'closes': '4:30'}, {'@type': 'OpeningHoursSpecification', 'dayOfWeek': ['Monday', 'Tuesday', 'Wednesday', 'Thursday', 'Friday', 'Saturday'], 'opens': '10:30', 'closes': '23:59'}]","{'@type': 'PostalAddress', 'addressLocality': 'East Meadow', 'addressRegion': 'NY', 'postalCode': '11554', 'addressCountry': 'US', 'streetAddress': '2450 Hempstead Turnpike'}","{'@type': 'GeoCoordinates', 'latitude': 40.7243565, 'longitude': -73.5452871}","{'@type': 'AggregateRating', 'ratingValue': 4.6, 'reviewCount': '282'}"
Authentic Thai Cuisine,https://www.ubereats.com/nyc-suburbs/food-delivery/authentic-thai-cuisine/KJ8E9a0YQ_SbHhlIRKHLsw,carle-place-new-york,"['Thai', 'Asian', 'Vegetarian Friendly', 'Healthy', 'Vegan Friendly', 'Vegan', 'Vegetarian']",4.6,59,$$,40.6906726,-73.5499968,+15165062261,11779,"2225 Jerusalem Ave, North Merrick, NY 11566, USA",Ronkonkoma,New York,"[{'@type': 'OpeningHoursSpecification', 'dayOfWeek': 'Sunday', 'opens': '16:30', 'closes': '21:0'}, {'@type': 'OpeningHoursSpecification', 'dayOfWeek': ['Tuesday', 'Wednesday', 'Thursday', 'Friday', 'Saturday'], 'opens': '15:30', 'closes': '21:0'}]","{'@type': 'PostalAddress', 'addressLocality': 'Ronkonkoma', 'addressRegion': 'New York', 'postalCode': '11779', 'addressCountry': 'US', 'streetAddress': '2225 Jerusalem Ave, North Merrick, NY 11566, USA'}","{'@type': 'GeoCoordinates', 'latitude': 40.6906726, 'longitude': -73.5499968}","{'@type': 'AggregateRating', 'ratingValue': 4.6, 'reviewCount': '59'}"
Frantoni's Pizzeria & Ristorante (Williston Park),https://www.ubereats.com/nyc-suburbs/food-delivery/frantonis-pizzeria-%26-ristorante-williston-park/FWXJ1oiyTlKfOc1ttLCgsA,carle-place-new-york,"['Pizza', 'American', 'Italian']",,,$,40.757532,-73.642347,+15167473413,11596,66 Hillside Avenue,Williston Park,NY,"[{'@type': 'OpeningHoursSpecification', 'dayOfWeek': ['Sunday', 'Monday', 'Tuesday', 'Wednesday', 'Thursday'], 'opens': '11:0', 'closes': '21:0'}, {'@type': 'OpeningHoursSpecification', 'dayOfWeek': ['Sunday', 'Monday', 'Tuesday', 'Wednesday', 'Thursday'], 'opens': '11:0', 'closes': '21:0'}, {'@type': 'OpeningHoursSpecification', 'dayOfWeek': ['Sunday', 'Monday', 'Tuesday', 'Wednesday', 'Thursday'], 'opens': '11:0', 'closes': '21:0'}, {'@type': 'OpeningHoursSpecification', 'dayOfWeek': ['Sunday', 'Monday', 'Tuesday', 'Wednesday', 'Thursday'], 'opens': '11:0', 'closes': '21:0'}, {'@type': 'OpeningHoursSpecification', 'dayOfWeek': ['Sunday', 'Monday', 'Tuesday', 'Wednesday', 'Thursday'], 'opens': '11:0', 'closes': '21:0'}, {'@type': 'OpeningHoursSpecification', 'dayOfWeek': ['Friday', 'Saturday'], 'opens': '11:0', 'closes': '22:0'}, {'@type': 'OpeningHoursSpecification', 'dayOfWeek': ['Friday', 'Saturday'], 'opens': '11:0', 'closes': '22:0'}, {'@type': 'OpeningHoursSpecification', 'dayOfWeek': ['Friday', 'Saturday'], 'opens': '11:0', 'closes': '22:0'}, {'@type': 'OpeningHoursSpecification', 'dayOfWeek': ['Friday', 'Saturday'], 'opens': '11:0', 'closes': '22:0'}, {'@type': 'OpeningHoursSpecification', 'dayOfWeek': ['Friday', 'Saturday'], 'opens': '11:0', 'closes': '22:0'}]","{'@type': 'PostalAddress', 'addressLocality': 'Williston Park', 'addressRegion': 'NY', 'postalCode': '11596', 'addressCountry': 'US', 'streetAddress': '66 Hillside Avenue'}","{'@type': 'GeoCoordinates', 'latitude': 40.757532, 'longitude': -73.642347}",{}
TinBu Asian,https://www.ubereats.com/nyc-suburbs/food-delivery/tinbu-asian/MMsVZbk1Qsyk3HBF5ujYPw,carle-place-new-york,"['Japanese', 'Asian', 'Asian Fusion']",4.4,11,$,40.7620762,-73.64609,+15168778128,11596,636 Willis Ave,Williston Park,NY,"[{'@type': 'OpeningHoursSpecification', 'dayOfWeek': 'Sunday', 'opens': '13:0', 'closes': '21:55'}, {'@type': 'OpeningHoursSpecification', 'dayOfWeek': ['Monday', 'Tuesday', 'Wednesday', 'Thursday'], 'opens': '11:0', 'closes': '21:55'}, {'@type': 'OpeningHoursSpecification', 'dayOfWeek': 'Friday', 'opens': '11:0', 'closes': '22:55'}, {'@type': 'OpeningHoursSpecification', 'dayOfWeek': 'Saturday', 'opens': '12:0', 'closes': '22:55'}]","{'@type': 'PostalAddress', 'addressLocality': 'Williston Park', 'addressRegion': 'NY', 'postalCode': '11596', 'addressCountry': 'US', 'streetAddress': '636 Willis Ave'}","{'@type': 'GeoCoordinates', 'latitude': 40.7620762, 'longitude': -73.64609}","{'@type': 'AggregateRating', 'ratingValue': 4.4, 'reviewCount': '11'}"
Outback Steakhouse (2124 Merrick Mall),https://www.ubereats.com/nyc-suburbs/food-delivery/outback-steakhouse-2124-merrick-mall/VmGQBN1KRPSxAot9DMp-Gw,carle-place-new-york,"['Burgers', 'American', 'Sandwiches', 'Steak', 'Seafood', 'Salads', 'BBQ']",4.4,235,$,40.6661014,-73.5525097,+15163777761,11566,2124,Merrick,NY,"[{'@type': 'OpeningHoursSpecification', 'dayOfWeek': 'Sunday', 'opens': '11:0', 'closes': '21:0'}, {'@type': 'OpeningHoursSpecification', 'dayOfWeek': ['Monday', 'Tuesday', 'Wednesday', 'Thursday'], 'opens': '11:0', 'closes': '21:30'}, {'@type': 'OpeningHoursSpecification', 'dayOfWeek': ['Friday', 'Saturday'], 'opens': '11:0', 'closes': '22:30'}]","{'@type': 'PostalAddress', 'addressLocality': 'Merrick', 'addressRegion': 'NY', 'postalCode': '11566', 'addressCountry': 'US', 'streetAddress': '2124'}","{'@type': 'GeoCoordinates', 'latitude': 40.6661014, 'longitude': -73.5525097}","{'@type': 'AggregateRating', 'ratingValue': 4.4, 'reviewCount': '235'}"
McDonald's® - Wantagh (1946 Wantagh),https://www.ubereats.com/nyc-suburbs/food-delivery/mcdonalds-wantagh-1946-wantagh/1snAQVNYQ3Wmhoq83DthFw,carle-place-new-york,"['American', 'Fast Food', 'Burgers']",4.6,456,$,40.673236,-73.510628,+15167814499,11793,1946,WANTAGH,NY,"[{'@type': 'OpeningHoursSpecification', 'dayOfWeek': 'Sunday', 'opens': '6:45', 'closes': '11:29'}, {'@type': 'OpeningHoursSpecification', 'dayOfWeek': 'Sunday', 'opens': '11:30', 'closes': '16:59'}, {'@type': 'OpeningHoursSpecification', 'dayOfWeek': 'Sunday', 'opens': '17:0', 'closes': '22:45'}, {'@type': 'OpeningHoursSpecification', 'dayOfWeek': ['Monday', 'Tuesday', 'Wednesday', 'Thursday'], 'opens': '6:45', 'closes': '10:29'}, {'@type': 'OpeningHoursSpecification', 'dayOfWeek': ['Monday', 'Tuesday', 'Wednesday', 'Thursday'], 'opens': '10:30', 'closes': '16:59'}, {'@type': 'OpeningHoursSpecification', 'dayOfWeek': ['Monday', 'Tuesday', 'Wednesday', 'Thursday'], 'opens': '17:0', 'closes': '22:45'}, {'@type': 'OpeningHoursSpecification', 'dayOfWeek': 'Friday', 'opens': '6:45', 'closes': '10:29'}, {'@type': 'OpeningHoursSpecification', 'dayOfWeek': 'Friday', 'opens': '10:30', 'closes': '16:59'}, {'@type': 'OpeningHoursSpecification', 'dayOfWeek': 'Friday', 'opens': '17:0', 'closes': '0:45'}, {'@type': 'OpeningHoursSpecification', 'dayOfWeek': 'Saturday', 'opens': '6:45', 'closes': '10:59'}, {'@type': 'OpeningHoursSpecification', 'dayOfWeek': 'Saturday', 'opens': '11:0', 'closes': '16:59'}, {'@type': 'OpeningHoursSpecification', 'dayOfWeek': 'Saturday', 'opens': '17:0', 'closes': '0:45'}]","{'@type': 'PostalAddress', 'addressLocality': 'WANTAGH', 'addressRegion': 'NY', 'postalCode': '11793', 'addressCountry': 'US', 'streetAddress': '1946'}","{'@type': 'GeoCoordinates', 'latitude': 40.673236, 'longitude': -73.510628}","{'@type': 'AggregateRating', 'ratingValue': 4.6, 'reviewCount': '456'}"
Mineola Diner,https://www.ubereats.com/nyc-suburbs/food-delivery/mineola-diner/vs18czHVRGyO8gVqyAVT7Q,carle-place-new-york,"['Burgers', 'American', 'Sandwiches']",4.4,27,$,40.7494297,-73.64103089999999,+15168771370,11501,138 Jericho Turnpike,Mineola,NY,"[{'@type': 'OpeningHoursSpecification', 'dayOfWeek': 'Sunday', 'opens': '8:30', 'closes': '13:30'}, {'@type': 'OpeningHoursSpecification', 'dayOfWeek': ['Tuesday', 'Wednesday', 'Thursday', 'Friday', 'Saturday'], 'opens': '8:30', 'closes': '13:30'}]","{'@type': 'PostalAddress', 'addressLocality': 'Mineola', 'addressRegion': 'NY', 'postalCode': '11501', 'addressCountry': 'US', 'streetAddress': '138 Jericho Turnpike'}","{'@type': 'GeoCoordinates', 'latitude': 40.7494297, 'longitude': -73.64103089999999}","{'@type': 'AggregateRating', 'ratingValue': 4.4, 'reviewCount': '27'}"
Nathan's Famous (1226 Old Country Road),https://www.ubereats.com/nyc-suburbs/food-delivery/nathans-famous-1226-old-country-road/nvqkCMsaT_mKgASUc8VJdQ,carle-place-new-york,"['American', 'BBQ', 'Burgers', 'Chicken', 'Pasta', 'Sandwich', 'Fast Food']",,,$$,40.7450043,-73.6012322,+15162285176,11590,1226 Old Country Road,Westbury,NY,"[{'@type': 'OpeningHoursSpecification', 'dayOfWeek': ['Monday', 'Tuesday', 'Wednesday', 'Thursday', 'Friday', 'Saturday', 'Sunday'], 'opens': '11:30', 'closes': '21:0'}]","{'@type': 'PostalAddress', 'addressLocality': 'Westbury', 'addressRegion': 'NY', 'postalCode': '11590', 'addressCountry': 'US', 'streetAddress': '1226 Old Country Road'}","{'@type': 'GeoCoordinates', 'latitude': 40.7450043, 'longitude': -73.6012322}",{}
Fire Stone Grill and Pizza,https://www.ubereats.com/nyc-suburbs/food-delivery/fire-stone-grill-and-pizza/uXvr2nmFRgSxLYg5KTKVIA,carle-place-new-york,"['Pizza', 'Halal', 'Burgers']",4.4,17,$,40.6978916,-73.6827302,+15163261214,,,,,"[{'@type': 'OpeningHoursSpecification', 'dayOfWeek': 'Sunday', 'opens': '14:0', 'closes': '22:30'}, {'@type': 'OpeningHoursSpecification', 'dayOfWeek': ['Thursday', 'Friday', 'Saturday'], 'opens': '14:0', 'closes': '22:30'}]",,"{'@type': 'GeoCoordinates', 'latitude': 40.6978916, 'longitude': -73.6827302}","{'@type': 'AggregateRating', 'ratingValue': 4.4, 'reviewCount': '17'}"
Kabul Grill,https://www.ubereats.com/nyc-suburbs/food-delivery/kabul-grill/LCRgOjOgQF2hzz7wr-HGbQ,carle-place-new-york,"['Afghan', 'Middle Eastern', 'Mediterranean']",,,$$$,40.772028,-73.526876,+15169338999,11801,129 N Broadway,Hicksville,NY,"[{'@type': 'OpeningHoursSpecification', 'dayOfWeek': 'Sunday', 'opens': '15:0', 'closes': '22:0'}, {'@type': 'OpeningHoursSpecification', 'dayOfWeek': 'Sunday', 'opens': '11:0', 'closes': '15:0'}, {'@type': 'OpeningHoursSpecification', 'dayOfWeek': ['Monday', 'Tuesday', 'Wednesday', 'Thursday', 'Friday', 'Saturday'], 'opens': '12:0', 'closes': '22:0'}, {'@type': 'OpeningHoursSpecification', 'dayOfWeek': ['Monday', 'Tuesday', 'Wednesday', 'Thursday', 'Friday', 'Saturday'], 'opens': '12:0', 'closes': '23:0'}]","{'@type': 'PostalAddress', 'addressLocality': 'Hicksville', 'addressRegion': 'NY', 'postalCode': '11801', 'addressCountry': 'US', 'streetAddress': '129 N Broadway'}","{'@type': 'GeoCoordinates', 'latitude': 40.772028, 'longitude': -73.526876}",{}
,https://www.ubereats.com/nyc-suburbs/food-delivery/chicagos-pizza-with-a-twist-floral-park/j6nJRqZERCWSJUUxQw1gbA,carle-place-new-york,,,,,,,,,,,,,,,
,https://www.ubereats.com/nyc-suburbs/food-delivery/hurricane-grill-%26-wings-garden-city/ni_ip-TiQqO0gNLWItCv4A,carle-place-new-york,,,,,,,,,,,,,,,
